time,moving from index,moving to index,report
1,6,908,DAY 02/11/2024 - moved 1 animals from property ID 6 (stud farm) to property ID 908 (saleyard)
1,6,1277,DAY 02/11/2024 - moved 1 animals from property ID 6 (stud farm) to property ID 1277 (farm)
1,6,908,DAY 02/11/2024 - moved 1 animals from property ID 6 (stud farm) to property ID 908 (saleyard)
1,7,904,DAY 02/11/2024 - moved 7 animals from property ID 7 (farm) to property ID 904 (trader)
1,12,415,DAY 02/11/2024 - moved 3 animals from property ID 12 (farm) to property ID 415 (trader)
1,20,920,DAY 02/11/2024 - moved 4 animals from property ID 20 (farm) to property ID 920 (farm)
1,57,1966,DAY 02/11/2024 - moved 1 animals from property ID 57 (farm) to property ID 1966 (farm)
1,69,1487,DAY 02/11/2024 - moved 22 animals from property ID 69 (farm) to property ID 1487 (feedlot)
1,82,1938,DAY 02/11/2024 - moved 3 animals from property ID 82 (farm) to property ID 1938 (farm)
1,85,1487,DAY 02/11/2024 - moved 18 animals from property ID 85 (farm) to property ID 1487 (feedlot)
1,88,1898,DAY 02/11/2024 - moved 7 animals from property ID 88 (farm) to property ID 1898 (saleyard)
1,92,1666,DAY 02/11/2024 - moved 3 animals from property ID 92 (trader) to property ID 1666 (feedlot)
1,92,1927,DAY 02/11/2024 - moved 3 animals from property ID 92 (trader) to property ID 1927 (farm)
1,97,1823,DAY 02/11/2024 - moved 7 animals from property ID 97 (farm) to property ID 1823 (trader)
1,127,1487,DAY 02/11/2024 - moved 25 animals from property ID 127 (farm) to property ID 1487 (feedlot)
1,163,1635,DAY 02/11/2024 - moved 9 animals from property ID 163 (farm) to property ID 1635 (feedlot)
1,172,1662,DAY 02/11/2024 - moved 8 animals from property ID 172 (farm) to property ID 1662 (feedlot)
1,182,403,DAY 02/11/2024 - moved 1 animals from property ID 182 (farm) to property ID 403 (farm)
1,189,1258,DAY 02/11/2024 - moved 22 animals from property ID 189 (saleyard) to property ID 1258 (farm)
1,189,1829,DAY 02/11/2024 - moved 21 animals from property ID 189 (saleyard) to property ID 1829 (farm)
1,189,1109,DAY 02/11/2024 - moved 21 animals from property ID 189 (saleyard) to property ID 1109 (feedlot)
1,189,964,DAY 02/11/2024 - moved 21 animals from property ID 189 (saleyard) to property ID 964 (feedlot)
1,197,1125,DAY 02/11/2024 - moved 11 animals from property ID 197 (farm) to property ID 1125 (farm)
1,198,1823,DAY 02/11/2024 - moved 2 animals from property ID 198 (farm) to property ID 1823 (trader)
1,204,964,DAY 02/11/2024 - moved 20 animals from property ID 204 (farm) to property ID 964 (feedlot)
1,205,939,DAY 02/11/2024 - moved 5 animals from property ID 205 (farm) to property ID 939 (farm)
1,208,1666,DAY 02/11/2024 - moved 11 animals from property ID 208 (farm) to property ID 1666 (feedlot)
1,224,1301,DAY 02/11/2024 - moved 1 animals from property ID 224 (farm) to property ID 1301 (saleyard)
1,231,1479,DAY 02/11/2024 - moved 13 animals from property ID 231 (farm) to property ID 1479 (trader)
1,239,1867,DAY 02/11/2024 - moved 5 animals from property ID 239 (farm) to property ID 1867 (farm)
1,262,758,DAY 02/11/2024 - moved 11 animals from property ID 262 (farm) to property ID 758 (feedlot)
1,263,92,DAY 02/11/2024 - moved 2 animals from property ID 263 (farm) to property ID 92 (trader)
1,273,1823,DAY 02/11/2024 - moved 12 animals from property ID 273 (farm) to property ID 1823 (trader)
1,294,904,DAY 02/11/2024 - moved 3 animals from property ID 294 (farm) to property ID 904 (trader)
1,295,1898,DAY 02/11/2024 - moved 11 animals from property ID 295 (farm) to property ID 1898 (saleyard)
1,298,1645,DAY 02/11/2024 - moved 9 animals from property ID 298 (farm) to property ID 1645 (farm)
1,300,1813,DAY 02/11/2024 - moved 10 animals from property ID 300 (farm) to property ID 1813 (farm)
1,307,189,DAY 02/11/2024 - moved 3 animals from property ID 307 (farm) to property ID 189 (saleyard)
1,341,1678,DAY 02/11/2024 - moved 14 animals from property ID 341 (farm) to property ID 1678 (farm)
1,355,1662,DAY 02/11/2024 - moved 8 animals from property ID 355 (farm) to property ID 1662 (feedlot)
1,356,264,DAY 02/11/2024 - moved 1 animals from property ID 356 (farm) to property ID 264 (feedlot)
1,359,1823,DAY 02/11/2024 - moved 2 animals from property ID 359 (farm) to property ID 1823 (trader)
1,373,92,DAY 02/11/2024 - moved 4 animals from property ID 373 (farm) to property ID 92 (trader)
1,378,996,DAY 02/11/2024 - moved 29 animals from property ID 378 (farm) to property ID 996 (farm)
1,415,1109,DAY 02/11/2024 - moved 1 animals from property ID 415 (trader) to property ID 1109 (feedlot)
1,415,1301,DAY 02/11/2024 - moved 1 animals from property ID 415 (trader) to property ID 1301 (saleyard)
1,459,1768,DAY 02/11/2024 - moved 2 animals from property ID 459 (farm) to property ID 1768 (feedlot)
1,467,1362,DAY 02/11/2024 - moved 1 animals from property ID 467 (farm) to property ID 1362 (farm)
1,470,1536,DAY 02/11/2024 - moved 2 animals from property ID 470 (farm) to property ID 1536 (feedlot)
1,497,429,DAY 02/11/2024 - moved 7 animals from property ID 497 (farm) to property ID 429 (feedlot)
1,500,1379,DAY 02/11/2024 - moved 5 animals from property ID 500 (farm) to property ID 1379 (feedlot)
1,534,1301,DAY 02/11/2024 - moved 14 animals from property ID 534 (farm) to property ID 1301 (saleyard)
1,555,1882,DAY 02/11/2024 - moved 4 animals from property ID 555 (farm) to property ID 1882 (farm)
1,565,90,DAY 02/11/2024 - moved 5 animals from property ID 565 (farm) to property ID 90 (farm)
1,573,1379,DAY 02/11/2024 - moved 11 animals from property ID 573 (farm) to property ID 1379 (feedlot)
1,587,50,DAY 02/11/2024 - moved 2 animals from property ID 587 (farm) to property ID 50 (farm)
1,613,867,DAY 02/11/2024 - moved 1 animals from property ID 613 (farm) to property ID 867 (feedlot)
1,621,867,DAY 02/11/2024 - moved 5 animals from property ID 621 (farm) to property ID 867 (feedlot)
1,649,1678,DAY 02/11/2024 - moved 2 animals from property ID 649 (farm) to property ID 1678 (farm)
1,657,1273,DAY 02/11/2024 - moved 1 animals from property ID 657 (farm) to property ID 1273 (trader)
1,659,908,DAY 02/11/2024 - moved 6 animals from property ID 659 (farm) to property ID 908 (saleyard)
1,663,145,DAY 02/11/2024 - moved 6 animals from property ID 663 (farm) to property ID 145 (farm)
1,670,1301,DAY 02/11/2024 - moved 2 animals from property ID 670 (farm) to property ID 1301 (saleyard)
1,676,1394,DAY 02/11/2024 - moved 1 animals from property ID 676 (farm) to property ID 1394 (farm)
1,682,219,DAY 02/11/2024 - moved 21 animals from property ID 682 (farm) to property ID 219 (farm)
1,690,904,DAY 02/11/2024 - moved 6 animals from property ID 690 (farm) to property ID 904 (trader)
1,696,1119,DAY 02/11/2024 - moved 15 animals from property ID 696 (farm) to property ID 1119 (trader)
1,700,1168,DAY 02/11/2024 - moved 1 animals from property ID 700 (trader) to property ID 1168 (farm)
1,700,956,DAY 02/11/2024 - moved 1 animals from property ID 700 (trader) to property ID 956 (farm)
1,702,920,DAY 02/11/2024 - moved 22 animals from property ID 702 (farm) to property ID 920 (farm)
1,725,264,DAY 02/11/2024 - moved 3 animals from property ID 725 (farm) to property ID 264 (feedlot)
1,760,1656,DAY 02/11/2024 - moved 11 animals from property ID 760 (farm) to property ID 1656 (farm)
1,767,1898,DAY 02/11/2024 - moved 10 animals from property ID 767 (farm) to property ID 1898 (saleyard)
1,776,637,DAY 02/11/2024 - moved 5 animals from property ID 776 (trader) to property ID 637 (farm)
1,776,1159,DAY 02/11/2024 - moved 6 animals from property ID 776 (trader) to property ID 1159 (farm)
1,776,908,DAY 02/11/2024 - moved 6 animals from property ID 776 (trader) to property ID 908 (saleyard)
1,777,61,DAY 02/11/2024 - moved 3 animals from property ID 777 (farm) to property ID 61 (farm)
1,779,1013,DAY 02/11/2024 - moved 2 animals from property ID 779 (farm) to property ID 1013 (farm)
1,782,1624,DAY 02/11/2024 - moved 11 animals from property ID 782 (trader) to property ID 1624 (farm)
1,792,1662,DAY 02/11/2024 - moved 58 animals from property ID 792 (farm) to property ID 1662 (feedlot)
1,805,758,DAY 02/11/2024 - moved 7 animals from property ID 805 (farm) to property ID 758 (feedlot)
1,813,1097,DAY 02/11/2024 - moved 5 animals from property ID 813 (farm) to property ID 1097 (farm)
1,835,1521,DAY 02/11/2024 - moved 20 animals from property ID 835 (farm) to property ID 1521 (farm)
1,848,73,DAY 02/11/2024 - moved 34 animals from property ID 848 (farm) to property ID 73 (farm)
1,850,762,DAY 02/11/2024 - moved 12 animals from property ID 850 (farm) to property ID 762 (farm)
1,853,92,DAY 02/11/2024 - moved 1 animals from property ID 853 (farm) to property ID 92 (trader)
1,871,1401,DAY 02/11/2024 - moved 1 animals from property ID 871 (farm) to property ID 1401 (farm)
1,902,964,DAY 02/11/2024 - moved 6 animals from property ID 902 (farm) to property ID 964 (feedlot)
1,904,1110,DAY 02/11/2024 - moved 7 animals from property ID 904 (trader) to property ID 1110 (feedlot)
1,904,1110,DAY 02/11/2024 - moved 8 animals from property ID 904 (trader) to property ID 1110 (feedlot)
1,905,1479,DAY 02/11/2024 - moved 13 animals from property ID 905 (farm) to property ID 1479 (trader)
1,908,776,DAY 02/11/2024 - moved 5 animals from property ID 908 (saleyard) to property ID 776 (trader)
1,908,6,DAY 02/11/2024 - moved 6 animals from property ID 908 (saleyard) to property ID 6 (stud farm)
1,908,1752,DAY 02/11/2024 - moved 6 animals from property ID 908 (saleyard) to property ID 1752 (farm)
1,909,782,DAY 02/11/2024 - moved 5 animals from property ID 909 (farm) to property ID 782 (trader)
1,923,1553,DAY 02/11/2024 - moved 17 animals from property ID 923 (farm) to property ID 1553 (farm)
1,945,651,DAY 02/11/2024 - moved 1 animals from property ID 945 (farm) to property ID 651 (farm)
1,952,758,DAY 02/11/2024 - moved 6 animals from property ID 952 (farm) to property ID 758 (feedlot)
1,956,700,DAY 02/11/2024 - moved 8 animals from property ID 956 (farm) to property ID 700 (trader)
1,982,1898,DAY 02/11/2024 - moved 12 animals from property ID 982 (farm) to property ID 1898 (saleyard)
1,995,1923,DAY 02/11/2024 - moved 17 animals from property ID 995 (farm) to property ID 1923 (farm)
1,1007,1662,DAY 02/11/2024 - moved 8 animals from property ID 1007 (farm) to property ID 1662 (feedlot)
1,1014,676,DAY 02/11/2024 - moved 4 animals from property ID 1014 (farm) to property ID 676 (farm)
1,1050,525,DAY 02/11/2024 - moved 1 animals from property ID 1050 (farm) to property ID 525 (farm)
1,1095,1301,DAY 02/11/2024 - moved 3 animals from property ID 1095 (farm) to property ID 1301 (saleyard)
1,1103,1273,DAY 02/11/2024 - moved 2 animals from property ID 1103 (farm) to property ID 1273 (trader)
1,1119,1256,DAY 02/11/2024 - moved 4 animals from property ID 1119 (trader) to property ID 1256 (farm)
1,1136,866,DAY 02/11/2024 - moved 7 animals from property ID 1136 (farm) to property ID 866 (feedlot)
1,1160,324,DAY 02/11/2024 - moved 9 animals from property ID 1160 (farm) to property ID 324 (farm)
1,1162,884,DAY 02/11/2024 - moved 6 animals from property ID 1162 (farm) to property ID 884 (farm)
1,1176,897,DAY 02/11/2024 - moved 5 animals from property ID 1176 (farm) to property ID 897 (farm)
1,1179,866,DAY 02/11/2024 - moved 6 animals from property ID 1179 (farm) to property ID 866 (feedlot)
1,1213,908,DAY 02/11/2024 - moved 1 animals from property ID 1213 (farm) to property ID 908 (saleyard)
1,1216,1662,DAY 02/11/2024 - moved 6 animals from property ID 1216 (farm) to property ID 1662 (feedlot)
1,1225,1635,DAY 02/11/2024 - moved 1 animals from property ID 1225 (farm) to property ID 1635 (feedlot)
1,1228,700,DAY 02/11/2024 - moved 5 animals from property ID 1228 (farm) to property ID 700 (trader)
1,1274,179,DAY 02/11/2024 - moved 2 animals from property ID 1274 (farm) to property ID 179 (farm)
1,1287,1379,DAY 02/11/2024 - moved 2 animals from property ID 1287 (farm) to property ID 1379 (feedlot)
1,1301,460,DAY 02/11/2024 - moved 2 animals from property ID 1301 (saleyard) to property ID 460 (farm)
1,1301,867,DAY 02/11/2024 - moved 3 animals from property ID 1301 (saleyard) to property ID 867 (feedlot)
1,1301,867,DAY 02/11/2024 - moved 3 animals from property ID 1301 (saleyard) to property ID 867 (feedlot)
1,1301,357,DAY 02/11/2024 - moved 3 animals from property ID 1301 (saleyard) to property ID 357 (farm)
1,1314,642,DAY 02/11/2024 - moved 3 animals from property ID 1314 (farm) to property ID 642 (farm)
1,1318,524,DAY 02/11/2024 - moved 2 animals from property ID 1318 (farm) to property ID 524 (feedlot)
1,1329,1617,DAY 02/11/2024 - moved 21 animals from property ID 1329 (farm) to property ID 1617 (farm)
1,1333,1823,DAY 02/11/2024 - moved 4 animals from property ID 1333 (farm) to property ID 1823 (trader)
1,1359,1898,DAY 02/11/2024 - moved 2 animals from property ID 1359 (farm) to property ID 1898 (saleyard)
1,1366,206,DAY 02/11/2024 - moved 4 animals from property ID 1366 (farm) to property ID 206 (farm)
1,1398,955,DAY 02/11/2024 - moved 6 animals from property ID 1398 (farm) to property ID 955 (farm)
1,1412,1794,DAY 02/11/2024 - moved 16 animals from property ID 1412 (farm) to property ID 1794 (farm)
1,1415,189,DAY 02/11/2024 - moved 1 animals from property ID 1415 (farm) to property ID 189 (saleyard)
1,1441,73,DAY 02/11/2024 - moved 21 animals from property ID 1441 (farm) to property ID 73 (farm)
1,1443,450,DAY 02/11/2024 - moved 3 animals from property ID 1443 (farm) to property ID 450 (farm)
1,1479,650,DAY 02/11/2024 - moved 15 animals from property ID 1479 (trader) to property ID 650 (farm)
1,1498,866,DAY 02/11/2024 - moved 3 animals from property ID 1498 (farm) to property ID 866 (feedlot)
1,1502,1239,DAY 02/11/2024 - moved 3 animals from property ID 1502 (farm) to property ID 1239 (farm)
1,1503,849,DAY 02/11/2024 - moved 9 animals from property ID 1503 (farm) to property ID 849 (farm)
1,1522,1956,DAY 02/11/2024 - moved 5 animals from property ID 1522 (farm) to property ID 1956 (farm)
1,1544,1119,DAY 02/11/2024 - moved 3 animals from property ID 1544 (farm) to property ID 1119 (trader)
1,1571,1997,DAY 02/11/2024 - moved 11 animals from property ID 1571 (farm) to property ID 1997 (farm)
1,1615,1907,DAY 02/11/2024 - moved 7 animals from property ID 1615 (farm) to property ID 1907 (feedlot)
1,1616,425,DAY 02/11/2024 - moved 8 animals from property ID 1616 (farm) to property ID 425 (feedlot)
1,1620,1426,DAY 02/11/2024 - moved 2 animals from property ID 1620 (farm) to property ID 1426 (farm)
1,1622,866,DAY 02/11/2024 - moved 8 animals from property ID 1622 (farm) to property ID 866 (feedlot)
1,1626,1685,DAY 02/11/2024 - moved 6 animals from property ID 1626 (farm) to property ID 1685 (farm)
1,1634,126,DAY 02/11/2024 - moved 9 animals from property ID 1634 (farm) to property ID 126 (farm)
1,1641,458,DAY 02/11/2024 - moved 6 animals from property ID 1641 (farm) to property ID 458 (abbattoir)
1,1651,1273,DAY 02/11/2024 - moved 5 animals from property ID 1651 (farm) to property ID 1273 (trader)
1,1660,1034,DAY 02/11/2024 - moved 2 animals from property ID 1660 (farm) to property ID 1034 (farm)
1,1664,1241,DAY 02/11/2024 - moved 1 animals from property ID 1664 (farm) to property ID 1241 (farm)
1,1668,866,DAY 02/11/2024 - moved 42 animals from property ID 1668 (farm) to property ID 866 (feedlot)
1,1700,866,DAY 02/11/2024 - moved 5 animals from property ID 1700 (farm) to property ID 866 (feedlot)
1,1708,425,DAY 02/11/2024 - moved 4 animals from property ID 1708 (farm) to property ID 425 (feedlot)
1,1714,1110,DAY 02/11/2024 - moved 1 animals from property ID 1714 (farm) to property ID 1110 (feedlot)
1,1719,782,DAY 02/11/2024 - moved 6 animals from property ID 1719 (farm) to property ID 782 (trader)
1,1721,1907,DAY 02/11/2024 - moved 43 animals from property ID 1721 (farm) to property ID 1907 (feedlot)
1,1736,174,DAY 02/11/2024 - moved 10 animals from property ID 1736 (farm) to property ID 174 (farm)
1,1772,867,DAY 02/11/2024 - moved 10 animals from property ID 1772 (farm) to property ID 867 (feedlot)
1,1794,441,DAY 02/11/2024 - moved 2 animals from property ID 1794 (farm) to property ID 441 (farm)
1,1806,1479,DAY 02/11/2024 - moved 9 animals from property ID 1806 (farm) to property ID 1479 (trader)
1,1810,842,DAY 02/11/2024 - moved 11 animals from property ID 1810 (farm) to property ID 842 (farm)
1,1819,700,DAY 02/11/2024 - moved 2 animals from property ID 1819 (farm) to property ID 700 (trader)
1,1823,255,DAY 02/11/2024 - moved 2 animals from property ID 1823 (trader) to property ID 255 (farm)
1,1823,867,DAY 02/11/2024 - moved 3 animals from property ID 1823 (trader) to property ID 867 (feedlot)
1,1823,867,DAY 02/11/2024 - moved 3 animals from property ID 1823 (trader) to property ID 867 (feedlot)
1,1829,1781,DAY 02/11/2024 - moved 3 animals from property ID 1829 (farm) to property ID 1781 (farm)
1,1854,1110,DAY 02/11/2024 - moved 4 animals from property ID 1854 (farm) to property ID 1110 (feedlot)
1,1861,1666,DAY 02/11/2024 - moved 3 animals from property ID 1861 (farm) to property ID 1666 (feedlot)
1,1878,1301,DAY 02/11/2024 - moved 30 animals from property ID 1878 (farm) to property ID 1301 (saleyard)
1,1881,1273,DAY 02/11/2024 - moved 8 animals from property ID 1881 (farm) to property ID 1273 (trader)
1,1896,357,DAY 02/11/2024 - moved 3 animals from property ID 1896 (farm) to property ID 357 (farm)
1,1898,1379,DAY 02/11/2024 - moved 12 animals from property ID 1898 (saleyard) to property ID 1379 (feedlot)
1,1898,292,DAY 02/11/2024 - moved 11 animals from property ID 1898 (saleyard) to property ID 292 (farm)
1,1898,303,DAY 02/11/2024 - moved 11 animals from property ID 1898 (saleyard) to property ID 303 (farm)
1,1898,386,DAY 02/11/2024 - moved 11 animals from property ID 1898 (saleyard) to property ID 386 (farm)
1,1898,1635,DAY 02/11/2024 - moved 11 animals from property ID 1898 (saleyard) to property ID 1635 (feedlot)
1,1898,1358,DAY 02/11/2024 - moved 11 animals from property ID 1898 (saleyard) to property ID 1358 (farm)
1,1932,1586,DAY 02/11/2024 - moved 2 animals from property ID 1932 (farm) to property ID 1586 (farm)
1,1933,666,DAY 02/11/2024 - moved 27 animals from property ID 1933 (farm) to property ID 666 (farm)
1,1936,178,DAY 02/11/2024 - moved 3 animals from property ID 1936 (farm) to property ID 178 (farm)
1,1942,904,DAY 02/11/2024 - moved 4 animals from property ID 1942 (farm) to property ID 904 (trader)
1,1944,303,DAY 02/11/2024 - moved 52 animals from property ID 1944 (farm) to property ID 303 (farm)
1,1954,776,DAY 02/11/2024 - moved 1 animals from property ID 1954 (farm) to property ID 776 (trader)
1,1962,908,DAY 02/11/2024 - moved 4 animals from property ID 1962 (farm) to property ID 908 (saleyard)
1,1976,1148,DAY 02/11/2024 - moved 2 animals from property ID 1976 (farm) to property ID 1148 (farm)
1,1980,794,DAY 02/11/2024 - moved 6 animals from property ID 1980 (farm) to property ID 794 (farm)
2,6,908,DAY 03/11/2024 - moved 1 animals from property ID 6 (stud farm) to property ID 908 (saleyard)
2,6,908,DAY 03/11/2024 - moved 1 animals from property ID 6 (stud farm) to property ID 908 (saleyard)
2,6,908,DAY 03/11/2024 - moved 1 animals from property ID 6 (stud farm) to property ID 908 (saleyard)
2,6,776,DAY 03/11/2024 - moved 1 animals from property ID 6 (stud farm) to property ID 776 (trader)
2,8,1528,DAY 03/11/2024 - moved 9 animals from property ID 8 (farm) to property ID 1528 (farm)
2,43,898,DAY 03/11/2024 - moved 4 animals from property ID 43 (farm) to property ID 898 (farm)
2,63,558,DAY 03/11/2024 - moved 18 animals from property ID 63 (farm) to property ID 558 (farm)
2,92,202,DAY 03/11/2024 - moved 3 animals from property ID 92 (trader) to property ID 202 (farm)
2,92,1666,DAY 03/11/2024 - moved 3 animals from property ID 92 (trader) to property ID 1666 (feedlot)
2,103,724,DAY 03/11/2024 - moved 2 animals from property ID 103 (farm) to property ID 724 (farm)
2,105,866,DAY 03/11/2024 - moved 16 animals from property ID 105 (farm) to property ID 866 (feedlot)
2,113,1273,DAY 03/11/2024 - moved 8 animals from property ID 113 (farm) to property ID 1273 (trader)
2,130,183,DAY 03/11/2024 - moved 6 animals from property ID 130 (farm) to property ID 183 (farm)
2,134,415,DAY 03/11/2024 - moved 10 animals from property ID 134 (farm) to property ID 415 (trader)
2,141,1823,DAY 03/11/2024 - moved 7 animals from property ID 141 (farm) to property ID 1823 (trader)
2,150,874,DAY 03/11/2024 - moved 23 animals from property ID 150 (farm) to property ID 874 (farm)
2,169,1253,DAY 03/11/2024 - moved 1 animals from property ID 169 (farm) to property ID 1253 (feedlot)
2,173,1666,DAY 03/11/2024 - moved 3 animals from property ID 173 (farm) to property ID 1666 (feedlot)
2,177,982,DAY 03/11/2024 - moved 4 animals from property ID 177 (farm) to property ID 982 (farm)
2,180,1301,DAY 03/11/2024 - moved 3 animals from property ID 180 (farm) to property ID 1301 (saleyard)
2,189,586,DAY 03/11/2024 - moved 23 animals from property ID 189 (saleyard) to property ID 586 (farm)
2,189,540,DAY 03/11/2024 - moved 23 animals from property ID 189 (saleyard) to property ID 540 (farm)
2,189,524,DAY 03/11/2024 - moved 23 animals from property ID 189 (saleyard) to property ID 524 (feedlot)
2,202,1387,DAY 03/11/2024 - moved 4 animals from property ID 202 (farm) to property ID 1387 (farm)
2,212,1109,DAY 03/11/2024 - moved 3 animals from property ID 212 (farm) to property ID 1109 (feedlot)
2,217,1536,DAY 03/11/2024 - moved 7 animals from property ID 217 (farm) to property ID 1536 (feedlot)
2,225,1968,DAY 03/11/2024 - moved 2 animals from property ID 225 (farm) to property ID 1968 (farm)
2,230,1273,DAY 03/11/2024 - moved 4 animals from property ID 230 (farm) to property ID 1273 (trader)
2,236,322,DAY 03/11/2024 - moved 6 animals from property ID 236 (farm) to property ID 322 (farm)
2,245,734,DAY 03/11/2024 - moved 9 animals from property ID 245 (farm) to property ID 734 (farm)
2,250,776,DAY 03/11/2024 - moved 5 animals from property ID 250 (farm) to property ID 776 (trader)
2,256,776,DAY 03/11/2024 - moved 4 animals from property ID 256 (farm) to property ID 776 (trader)
2,259,489,DAY 03/11/2024 - moved 11 animals from property ID 259 (farm) to property ID 489 (farm)
2,291,1450,DAY 03/11/2024 - moved 9 animals from property ID 291 (farm) to property ID 1450 (farm)
2,296,636,DAY 03/11/2024 - moved 23 animals from property ID 296 (farm) to property ID 636 (farm)
2,302,1728,DAY 03/11/2024 - moved 3 animals from property ID 302 (farm) to property ID 1728 (farm)
2,311,1109,DAY 03/11/2024 - moved 1 animals from property ID 311 (farm) to property ID 1109 (feedlot)
2,328,904,DAY 03/11/2024 - moved 5 animals from property ID 328 (farm) to property ID 904 (trader)
2,330,1898,DAY 03/11/2024 - moved 5 animals from property ID 330 (farm) to property ID 1898 (saleyard)
2,337,1379,DAY 03/11/2024 - moved 12 animals from property ID 337 (farm) to property ID 1379 (feedlot)
2,347,1260,DAY 03/11/2024 - moved 4 animals from property ID 347 (farm) to property ID 1260 (farm)
2,357,1301,DAY 03/11/2024 - moved 2 animals from property ID 357 (farm) to property ID 1301 (saleyard)
2,370,964,DAY 03/11/2024 - moved 13 animals from property ID 370 (farm) to property ID 964 (feedlot)
2,392,1379,DAY 03/11/2024 - moved 11 animals from property ID 392 (farm) to property ID 1379 (feedlot)
2,412,782,DAY 03/11/2024 - moved 10 animals from property ID 412 (farm) to property ID 782 (trader)
2,415,188,DAY 03/11/2024 - moved 1 animals from property ID 415 (trader) to property ID 188 (feedlot)
2,415,581,DAY 03/11/2024 - moved 1 animals from property ID 415 (trader) to property ID 581 (farm)
2,416,776,DAY 03/11/2024 - moved 5 animals from property ID 416 (farm) to property ID 776 (trader)
2,430,1898,DAY 03/11/2024 - moved 2 animals from property ID 430 (farm) to property ID 1898 (saleyard)
2,461,783,DAY 03/11/2024 - moved 2 animals from property ID 461 (farm) to property ID 783 (farm)
2,462,1213,DAY 03/11/2024 - moved 16 animals from property ID 462 (farm) to property ID 1213 (farm)
2,477,964,DAY 03/11/2024 - moved 9 animals from property ID 477 (farm) to property ID 964 (feedlot)
2,478,35,DAY 03/11/2024 - moved 5 animals from property ID 478 (farm) to property ID 35 (farm)
2,494,189,DAY 03/11/2024 - moved 4 animals from property ID 494 (farm) to property ID 189 (saleyard)
2,501,1768,DAY 03/11/2024 - moved 1 animals from property ID 501 (farm) to property ID 1768 (feedlot)
2,506,690,DAY 03/11/2024 - moved 1 animals from property ID 506 (farm) to property ID 690 (farm)
2,508,1588,DAY 03/11/2024 - moved 12 animals from property ID 508 (farm) to property ID 1588 (farm)
2,518,1273,DAY 03/11/2024 - moved 4 animals from property ID 518 (farm) to property ID 1273 (trader)
2,521,6,DAY 03/11/2024 - moved 5 animals from property ID 521 (farm) to property ID 6 (stud farm)
2,523,96,DAY 03/11/2024 - moved 17 animals from property ID 523 (farm) to property ID 96 (farm)
2,530,904,DAY 03/11/2024 - moved 6 animals from property ID 530 (farm) to property ID 904 (trader)
2,533,1356,DAY 03/11/2024 - moved 5 animals from property ID 533 (farm) to property ID 1356 (farm)
2,536,766,DAY 03/11/2024 - moved 29 animals from property ID 536 (farm) to property ID 766 (farm)
2,544,509,DAY 03/11/2024 - moved 1 animals from property ID 544 (farm) to property ID 509 (farm)
2,548,1022,DAY 03/11/2024 - moved 23 animals from property ID 548 (farm) to property ID 1022 (farm)
2,550,213,DAY 03/11/2024 - moved 5 animals from property ID 550 (farm) to property ID 213 (farm)
2,552,1827,DAY 03/11/2024 - moved 2 animals from property ID 552 (farm) to property ID 1827 (farm)
2,568,1505,DAY 03/11/2024 - moved 8 animals from property ID 568 (farm) to property ID 1505 (farm)
2,575,1615,DAY 03/11/2024 - moved 10 animals from property ID 575 (farm) to property ID 1615 (farm)
2,594,1119,DAY 03/11/2024 - moved 12 animals from property ID 594 (farm) to property ID 1119 (trader)
2,603,1379,DAY 03/11/2024 - moved 5 animals from property ID 603 (farm) to property ID 1379 (feedlot)
2,607,908,DAY 03/11/2024 - moved 2 animals from property ID 607 (farm) to property ID 908 (saleyard)
2,626,782,DAY 03/11/2024 - moved 17 animals from property ID 626 (farm) to property ID 782 (trader)
2,627,92,DAY 03/11/2024 - moved 11 animals from property ID 627 (farm) to property ID 92 (trader)
2,643,1898,DAY 03/11/2024 - moved 9 animals from property ID 643 (farm) to property ID 1898 (saleyard)
2,648,1823,DAY 03/11/2024 - moved 6 animals from property ID 648 (farm) to property ID 1823 (trader)
2,688,1536,DAY 03/11/2024 - moved 28 animals from property ID 688 (farm) to property ID 1536 (feedlot)
2,700,264,DAY 03/11/2024 - moved 4 animals from property ID 700 (trader) to property ID 264 (feedlot)
2,708,964,DAY 03/11/2024 - moved 25 animals from property ID 708 (farm) to property ID 964 (feedlot)
2,731,189,DAY 03/11/2024 - moved 12 animals from property ID 731 (farm) to property ID 189 (saleyard)
2,759,524,DAY 03/11/2024 - moved 9 animals from property ID 759 (farm) to property ID 524 (feedlot)
2,765,904,DAY 03/11/2024 - moved 8 animals from property ID 765 (farm) to property ID 904 (trader)
2,772,1662,DAY 03/11/2024 - moved 46 animals from property ID 772 (farm) to property ID 1662 (feedlot)
2,782,1524,DAY 03/11/2024 - moved 11 animals from property ID 782 (trader) to property ID 1524 (farm)
2,790,748,DAY 03/11/2024 - moved 2 animals from property ID 790 (farm) to property ID 748 (farm)
2,822,1768,DAY 03/11/2024 - moved 52 animals from property ID 822 (farm) to property ID 1768 (feedlot)
2,842,92,DAY 03/11/2024 - moved 5 animals from property ID 842 (farm) to property ID 92 (trader)
2,843,1301,DAY 03/11/2024 - moved 3 animals from property ID 843 (farm) to property ID 1301 (saleyard)
2,860,1662,DAY 03/11/2024 - moved 27 animals from property ID 860 (farm) to property ID 1662 (feedlot)
2,874,1481,DAY 03/11/2024 - moved 7 animals from property ID 874 (farm) to property ID 1481 (farm)
2,904,264,DAY 03/11/2024 - moved 6 animals from property ID 904 (trader) to property ID 264 (feedlot)
2,904,478,DAY 03/11/2024 - moved 5 animals from property ID 904 (trader) to property ID 478 (farm)
2,904,1110,DAY 03/11/2024 - moved 5 animals from property ID 904 (trader) to property ID 1110 (feedlot)
2,908,6,DAY 03/11/2024 - moved 2 animals from property ID 908 (saleyard) to property ID 6 (stud farm)
2,908,1267,DAY 03/11/2024 - moved 3 animals from property ID 908 (saleyard) to property ID 1267 (farm)
2,908,884,DAY 03/11/2024 - moved 3 animals from property ID 908 (saleyard) to property ID 884 (farm)
2,908,1898,DAY 03/11/2024 - moved 3 animals from property ID 908 (saleyard) to property ID 1898 (saleyard)
2,908,6,DAY 03/11/2024 - moved 3 animals from property ID 908 (saleyard) to property ID 6 (stud farm)
2,908,1898,DAY 03/11/2024 - moved 3 animals from property ID 908 (saleyard) to property ID 1898 (saleyard)
2,912,1061,DAY 03/11/2024 - moved 29 animals from property ID 912 (farm) to property ID 1061 (farm)
2,924,408,DAY 03/11/2024 - moved 14 animals from property ID 924 (farm) to property ID 408 (farm)
2,941,1642,DAY 03/11/2024 - moved 2 animals from property ID 941 (farm) to property ID 1642 (farm)
2,948,172,DAY 03/11/2024 - moved 4 animals from property ID 948 (farm) to property ID 172 (farm)
2,951,866,DAY 03/11/2024 - moved 2 animals from property ID 951 (farm) to property ID 866 (feedlot)
2,978,1273,DAY 03/11/2024 - moved 1 animals from property ID 978 (farm) to property ID 1273 (trader)
2,983,1119,DAY 03/11/2024 - moved 3 animals from property ID 983 (farm) to property ID 1119 (trader)
2,989,722,DAY 03/11/2024 - moved 6 animals from property ID 989 (farm) to property ID 722 (farm)
2,1004,1774,DAY 03/11/2024 - moved 4 animals from property ID 1004 (farm) to property ID 1774 (farm)
2,1019,1666,DAY 03/11/2024 - moved 9 animals from property ID 1019 (farm) to property ID 1666 (feedlot)
2,1039,1686,DAY 03/11/2024 - moved 4 animals from property ID 1039 (farm) to property ID 1686 (farm)
2,1054,867,DAY 03/11/2024 - moved 6 animals from property ID 1054 (farm) to property ID 867 (feedlot)
2,1058,700,DAY 03/11/2024 - moved 4 animals from property ID 1058 (farm) to property ID 700 (trader)
2,1065,776,DAY 03/11/2024 - moved 1 animals from property ID 1065 (farm) to property ID 776 (trader)
2,1074,1171,DAY 03/11/2024 - moved 2 animals from property ID 1074 (farm) to property ID 1171 (farm)
2,1082,137,DAY 03/11/2024 - moved 8 animals from property ID 1082 (farm) to property ID 137 (farm)
2,1088,524,DAY 03/11/2024 - moved 4 animals from property ID 1088 (farm) to property ID 524 (feedlot)
2,1094,1301,DAY 03/11/2024 - moved 1 animals from property ID 1094 (farm) to property ID 1301 (saleyard)
2,1101,776,DAY 03/11/2024 - moved 6 animals from property ID 1101 (farm) to property ID 776 (trader)
2,1106,780,DAY 03/11/2024 - moved 1 animals from property ID 1106 (farm) to property ID 780 (farm)
2,1119,594,DAY 03/11/2024 - moved 7 animals from property ID 1119 (trader) to property ID 594 (farm)
2,1125,1119,DAY 03/11/2024 - moved 4 animals from property ID 1125 (farm) to property ID 1119 (trader)
2,1164,964,DAY 03/11/2024 - moved 7 animals from property ID 1164 (farm) to property ID 964 (feedlot)
2,1224,1001,DAY 03/11/2024 - moved 16 animals from property ID 1224 (farm) to property ID 1001 (farm)
2,1233,6,DAY 03/11/2024 - moved 3 animals from property ID 1233 (farm) to property ID 6 (stud farm)
2,1237,88,DAY 03/11/2024 - moved 1 animals from property ID 1237 (farm) to property ID 88 (farm)
2,1241,1335,DAY 03/11/2024 - moved 6 animals from property ID 1241 (farm) to property ID 1335 (farm)
2,1267,908,DAY 03/11/2024 - moved 1 animals from property ID 1267 (farm) to property ID 908 (saleyard)
2,1285,1479,DAY 03/11/2024 - moved 4 animals from property ID 1285 (farm) to property ID 1479 (trader)
2,1295,1774,DAY 03/11/2024 - moved 3 animals from property ID 1295 (farm) to property ID 1774 (farm)
2,1297,1432,DAY 03/11/2024 - moved 3 animals from property ID 1297 (farm) to property ID 1432 (farm)
2,1301,1402,DAY 03/11/2024 - moved 4 animals from property ID 1301 (saleyard) to property ID 1402 (farm)
2,1301,867,DAY 03/11/2024 - moved 5 animals from property ID 1301 (saleyard) to property ID 867 (feedlot)
2,1301,1834,DAY 03/11/2024 - moved 5 animals from property ID 1301 (saleyard) to property ID 1834 (farm)
2,1301,227,DAY 03/11/2024 - moved 5 animals from property ID 1301 (saleyard) to property ID 227 (farm)
2,1306,867,DAY 03/11/2024 - moved 8 animals from property ID 1306 (farm) to property ID 867 (feedlot)
2,1307,1736,DAY 03/11/2024 - moved 17 animals from property ID 1307 (farm) to property ID 1736 (farm)
2,1327,867,DAY 03/11/2024 - moved 4 animals from property ID 1327 (farm) to property ID 867 (feedlot)
2,1328,776,DAY 03/11/2024 - moved 5 animals from property ID 1328 (farm) to property ID 776 (trader)
2,1335,1789,DAY 03/11/2024 - moved 5 animals from property ID 1335 (farm) to property ID 1789 (farm)
2,1337,700,DAY 03/11/2024 - moved 4 animals from property ID 1337 (farm) to property ID 700 (trader)
2,1341,1823,DAY 03/11/2024 - moved 5 animals from property ID 1341 (farm) to property ID 1823 (trader)
2,1361,776,DAY 03/11/2024 - moved 14 animals from property ID 1361 (farm) to property ID 776 (trader)
2,1362,1823,DAY 03/11/2024 - moved 5 animals from property ID 1362 (farm) to property ID 1823 (trader)
2,1436,1818,DAY 03/11/2024 - moved 3 animals from property ID 1436 (farm) to property ID 1818 (farm)
2,1449,700,DAY 03/11/2024 - moved 6 animals from property ID 1449 (farm) to property ID 700 (trader)
2,1454,1698,DAY 03/11/2024 - moved 31 animals from property ID 1454 (farm) to property ID 1698 (farm)
2,1476,1307,DAY 03/11/2024 - moved 8 animals from property ID 1476 (farm) to property ID 1307 (farm)
2,1479,758,DAY 03/11/2024 - moved 9 animals from property ID 1479 (trader) to property ID 758 (feedlot)
2,1479,758,DAY 03/11/2024 - moved 10 animals from property ID 1479 (trader) to property ID 758 (feedlot)
2,1485,1554,DAY 03/11/2024 - moved 8 animals from property ID 1485 (farm) to property ID 1554 (farm)
2,1496,1171,DAY 03/11/2024 - moved 3 animals from property ID 1496 (farm) to property ID 1171 (farm)
2,1529,882,DAY 03/11/2024 - moved 4 animals from property ID 1529 (farm) to property ID 882 (farm)
2,1545,842,DAY 03/11/2024 - moved 5 animals from property ID 1545 (farm) to property ID 842 (farm)
2,1558,1666,DAY 03/11/2024 - moved 10 animals from property ID 1558 (farm) to property ID 1666 (feedlot)
2,1580,6,DAY 03/11/2024 - moved 21 animals from property ID 1580 (farm) to property ID 6 (stud farm)
2,1581,827,DAY 03/11/2024 - moved 4 animals from property ID 1581 (farm) to property ID 827 (farm)
2,1591,458,DAY 03/11/2024 - moved 21 animals from property ID 1591 (farm) to property ID 458 (abbattoir)
2,1599,1666,DAY 03/11/2024 - moved 10 animals from property ID 1599 (farm) to property ID 1666 (feedlot)
2,1606,1245,DAY 03/11/2024 - moved 2 animals from property ID 1606 (farm) to property ID 1245 (farm)
2,1609,904,DAY 03/11/2024 - moved 20 animals from property ID 1609 (farm) to property ID 904 (trader)
2,1647,866,DAY 03/11/2024 - moved 41 animals from property ID 1647 (farm) to property ID 866 (feedlot)
2,1707,1907,DAY 03/11/2024 - moved 15 animals from property ID 1707 (farm) to property ID 1907 (feedlot)
2,1725,866,DAY 03/11/2024 - moved 2 animals from property ID 1725 (farm) to property ID 866 (feedlot)
2,1740,784,DAY 03/11/2024 - moved 7 animals from property ID 1740 (farm) to property ID 784 (farm)
2,1741,776,DAY 03/11/2024 - moved 5 animals from property ID 1741 (farm) to property ID 776 (trader)
2,1751,264,DAY 03/11/2024 - moved 1 animals from property ID 1751 (farm) to property ID 264 (feedlot)
2,1752,6,DAY 03/11/2024 - moved 1 animals from property ID 1752 (farm) to property ID 6 (stud farm)
2,1761,1658,DAY 03/11/2024 - moved 2 animals from property ID 1761 (farm) to property ID 1658 (farm)
2,1770,283,DAY 03/11/2024 - moved 40 animals from property ID 1770 (farm) to property ID 283 (farm)
2,1778,201,DAY 03/11/2024 - moved 2 animals from property ID 1778 (farm) to property ID 201 (farm)
2,1781,189,DAY 03/11/2024 - moved 12 animals from property ID 1781 (farm) to property ID 189 (saleyard)
2,1782,1351,DAY 03/11/2024 - moved 6 animals from property ID 1782 (farm) to property ID 1351 (farm)
2,1788,908,DAY 03/11/2024 - moved 5 animals from property ID 1788 (farm) to property ID 908 (saleyard)
2,1789,264,DAY 03/11/2024 - moved 7 animals from property ID 1789 (farm) to property ID 264 (feedlot)
2,1790,1301,DAY 03/11/2024 - moved 4 animals from property ID 1790 (farm) to property ID 1301 (saleyard)
2,1791,1635,DAY 03/11/2024 - moved 6 animals from property ID 1791 (farm) to property ID 1635 (feedlot)
2,1797,867,DAY 03/11/2024 - moved 5 animals from property ID 1797 (farm) to property ID 867 (feedlot)
2,1803,1690,DAY 03/11/2024 - moved 31 animals from property ID 1803 (farm) to property ID 1690 (farm)
2,1807,782,DAY 03/11/2024 - moved 9 animals from property ID 1807 (farm) to property ID 782 (trader)
2,1832,866,DAY 03/11/2024 - moved 3 animals from property ID 1832 (farm) to property ID 866 (feedlot)
2,1839,1122,DAY 03/11/2024 - moved 18 animals from property ID 1839 (farm) to property ID 1122 (farm)
2,1846,747,DAY 03/11/2024 - moved 2 animals from property ID 1846 (farm) to property ID 747 (farm)
2,1862,776,DAY 03/11/2024 - moved 2 animals from property ID 1862 (farm) to property ID 776 (trader)
2,1863,67,DAY 03/11/2024 - moved 3 animals from property ID 1863 (farm) to property ID 67 (farm)
2,1871,758,DAY 03/11/2024 - moved 4 animals from property ID 1871 (farm) to property ID 758 (feedlot)
2,1875,322,DAY 03/11/2024 - moved 42 animals from property ID 1875 (farm) to property ID 322 (farm)
2,1879,1621,DAY 03/11/2024 - moved 12 animals from property ID 1879 (farm) to property ID 1621 (farm)
2,1887,1768,DAY 03/11/2024 - moved 1 animals from property ID 1887 (farm) to property ID 1768 (feedlot)
2,1906,1119,DAY 03/11/2024 - moved 2 animals from property ID 1906 (farm) to property ID 1119 (trader)
2,1913,830,DAY 03/11/2024 - moved 4 animals from property ID 1913 (farm) to property ID 830 (farm)
2,1915,1823,DAY 03/11/2024 - moved 4 animals from property ID 1915 (farm) to property ID 1823 (trader)
2,1917,782,DAY 03/11/2024 - moved 2 animals from property ID 1917 (farm) to property ID 782 (trader)
2,1920,649,DAY 03/11/2024 - moved 4 animals from property ID 1920 (farm) to property ID 649 (farm)
2,1946,1523,DAY 03/11/2024 - moved 4 animals from property ID 1946 (farm) to property ID 1523 (farm)
2,1957,188,DAY 03/11/2024 - moved 4 animals from property ID 1957 (farm) to property ID 188 (feedlot)
2,1963,1235,DAY 03/11/2024 - moved 3 animals from property ID 1963 (farm) to property ID 1235 (farm)
3,6,776,DAY 04/11/2024 - moved 2 animals from property ID 6 (stud farm) to property ID 776 (trader)
3,6,1898,DAY 04/11/2024 - moved 2 animals from property ID 6 (stud farm) to property ID 1898 (saleyard)
3,6,1589,DAY 04/11/2024 - moved 2 animals from property ID 6 (stud farm) to property ID 1589 (farm)
3,6,776,DAY 04/11/2024 - moved 2 animals from property ID 6 (stud farm) to property ID 776 (trader)
3,6,1580,DAY 04/11/2024 - moved 2 animals from property ID 6 (stud farm) to property ID 1580 (farm)
3,15,1301,DAY 04/11/2024 - moved 1 animals from property ID 15 (farm) to property ID 1301 (saleyard)
3,34,1982,DAY 04/11/2024 - moved 9 animals from property ID 34 (farm) to property ID 1982 (farm)
3,39,1365,DAY 04/11/2024 - moved 1 animals from property ID 39 (farm) to property ID 1365 (farm)
3,59,927,DAY 04/11/2024 - moved 13 animals from property ID 59 (farm) to property ID 927 (farm)
3,62,867,DAY 04/11/2024 - moved 9 animals from property ID 62 (farm) to property ID 867 (feedlot)
3,68,1487,DAY 04/11/2024 - moved 16 animals from property ID 68 (farm) to property ID 1487 (feedlot)
3,92,1666,DAY 04/11/2024 - moved 4 animals from property ID 92 (trader) to property ID 1666 (feedlot)
3,92,355,DAY 04/11/2024 - moved 4 animals from property ID 92 (trader) to property ID 355 (farm)
3,110,92,DAY 04/11/2024 - moved 5 animals from property ID 110 (farm) to property ID 92 (trader)
3,119,568,DAY 04/11/2024 - moved 5 animals from property ID 119 (farm) to property ID 568 (farm)
3,121,1301,DAY 04/11/2024 - moved 2 animals from property ID 121 (farm) to property ID 1301 (saleyard)
3,162,1854,DAY 04/11/2024 - moved 13 animals from property ID 162 (farm) to property ID 1854 (farm)
3,174,1261,DAY 04/11/2024 - moved 4 animals from property ID 174 (farm) to property ID 1261 (farm)
3,178,1273,DAY 04/11/2024 - moved 3 animals from property ID 178 (farm) to property ID 1273 (trader)
3,189,520,DAY 04/11/2024 - moved 21 animals from property ID 189 (saleyard) to property ID 520 (farm)
3,189,369,DAY 04/11/2024 - moved 20 animals from property ID 189 (saleyard) to property ID 369 (farm)
3,189,647,DAY 04/11/2024 - moved 20 animals from property ID 189 (saleyard) to property ID 647 (farm)
3,195,524,DAY 04/11/2024 - moved 14 animals from property ID 195 (farm) to property ID 524 (feedlot)
3,199,700,DAY 04/11/2024 - moved 17 animals from property ID 199 (farm) to property ID 700 (trader)
3,206,1253,DAY 04/11/2024 - moved 8 animals from property ID 206 (farm) to property ID 1253 (feedlot)
3,207,264,DAY 04/11/2024 - moved 8 animals from property ID 207 (farm) to property ID 264 (feedlot)
3,215,1253,DAY 04/11/2024 - moved 2 animals from property ID 215 (farm) to property ID 1253 (feedlot)
3,221,1979,DAY 04/11/2024 - moved 1 animals from property ID 221 (farm) to property ID 1979 (farm)
3,227,1301,DAY 04/11/2024 - moved 2 animals from property ID 227 (farm) to property ID 1301 (saleyard)
3,232,175,DAY 04/11/2024 - moved 7 animals from property ID 232 (farm) to property ID 175 (farm)
3,237,783,DAY 04/11/2024 - moved 3 animals from property ID 237 (farm) to property ID 783 (farm)
3,252,1379,DAY 04/11/2024 - moved 1 animals from property ID 252 (farm) to property ID 1379 (feedlot)
3,257,867,DAY 04/11/2024 - moved 3 animals from property ID 257 (farm) to property ID 867 (feedlot)
3,272,1635,DAY 04/11/2024 - moved 3 animals from property ID 272 (farm) to property ID 1635 (feedlot)
3,274,15,DAY 04/11/2024 - moved 3 animals from property ID 274 (farm) to property ID 15 (farm)
3,280,922,DAY 04/11/2024 - moved 7 animals from property ID 280 (farm) to property ID 922 (farm)
3,281,610,DAY 04/11/2024 - moved 1 animals from property ID 281 (farm) to property ID 610 (farm)
3,297,904,DAY 04/11/2024 - moved 4 animals from property ID 297 (farm) to property ID 904 (trader)
3,310,618,DAY 04/11/2024 - moved 1 animals from property ID 310 (farm) to property ID 618 (farm)
3,312,831,DAY 04/11/2024 - moved 18 animals from property ID 312 (farm) to property ID 831 (farm)
3,315,1273,DAY 04/11/2024 - moved 1 animals from property ID 315 (farm) to property ID 1273 (trader)
3,316,866,DAY 04/11/2024 - moved 2 animals from property ID 316 (farm) to property ID 866 (feedlot)
3,320,974,DAY 04/11/2024 - moved 1 animals from property ID 320 (farm) to property ID 974 (farm)
3,332,1635,DAY 04/11/2024 - moved 12 animals from property ID 332 (farm) to property ID 1635 (feedlot)
3,342,604,DAY 04/11/2024 - moved 11 animals from property ID 342 (farm) to property ID 604 (farm)
3,345,1154,DAY 04/11/2024 - moved 4 animals from property ID 345 (farm) to property ID 1154 (farm)
3,394,1823,DAY 04/11/2024 - moved 3 animals from property ID 394 (farm) to property ID 1823 (trader)
3,402,1897,DAY 04/11/2024 - moved 4 animals from property ID 402 (farm) to property ID 1897 (farm)
3,404,33,DAY 04/11/2024 - moved 31 animals from property ID 404 (farm) to property ID 33 (farm)
3,407,264,DAY 04/11/2024 - moved 7 animals from property ID 407 (farm) to property ID 264 (feedlot)
3,415,1119,DAY 04/11/2024 - moved 2 animals from property ID 415 (trader) to property ID 1119 (trader)
3,415,1315,DAY 04/11/2024 - moved 1 animals from property ID 415 (trader) to property ID 1315 (farm)
3,415,974,DAY 04/11/2024 - moved 1 animals from property ID 415 (trader) to property ID 974 (farm)
3,442,1301,DAY 04/11/2024 - moved 1 animals from property ID 442 (farm) to property ID 1301 (saleyard)
3,443,92,DAY 04/11/2024 - moved 8 animals from property ID 443 (farm) to property ID 92 (trader)
3,464,136,DAY 04/11/2024 - moved 6 animals from property ID 464 (farm) to property ID 136 (farm)
3,468,1273,DAY 04/11/2024 - moved 9 animals from property ID 468 (farm) to property ID 1273 (trader)
3,502,1536,DAY 04/11/2024 - moved 5 animals from property ID 502 (farm) to property ID 1536 (feedlot)
3,505,415,DAY 04/11/2024 - moved 1 animals from property ID 505 (farm) to property ID 415 (trader)
3,522,458,DAY 04/11/2024 - moved 15 animals from property ID 522 (farm) to property ID 458 (abbattoir)
3,537,1180,DAY 04/11/2024 - moved 9 animals from property ID 537 (farm) to property ID 1180 (farm)
3,539,1119,DAY 04/11/2024 - moved 4 animals from property ID 539 (farm) to property ID 1119 (trader)
3,546,292,DAY 04/11/2024 - moved 12 animals from property ID 546 (farm) to property ID 292 (farm)
3,579,188,DAY 04/11/2024 - moved 4 animals from property ID 579 (farm) to property ID 188 (feedlot)
3,583,6,DAY 04/11/2024 - moved 6 animals from property ID 583 (farm) to property ID 6 (stud farm)
3,616,1536,DAY 04/11/2024 - moved 14 animals from property ID 616 (farm) to property ID 1536 (feedlot)
3,645,1012,DAY 04/11/2024 - moved 31 animals from property ID 645 (farm) to property ID 1012 (farm)
3,671,1479,DAY 04/11/2024 - moved 5 animals from property ID 671 (farm) to property ID 1479 (trader)
3,673,1635,DAY 04/11/2024 - moved 4 animals from property ID 673 (farm) to property ID 1635 (feedlot)
3,684,1119,DAY 04/11/2024 - moved 1 animals from property ID 684 (farm) to property ID 1119 (trader)
3,695,776,DAY 04/11/2024 - moved 4 animals from property ID 695 (farm) to property ID 776 (trader)
3,700,188,DAY 04/11/2024 - moved 6 animals from property ID 700 (trader) to property ID 188 (feedlot)
3,711,415,DAY 04/11/2024 - moved 1 animals from property ID 711 (farm) to property ID 415 (trader)
3,715,1487,DAY 04/11/2024 - moved 17 animals from property ID 715 (farm) to property ID 1487 (feedlot)
3,729,1879,DAY 04/11/2024 - moved 15 animals from property ID 729 (farm) to property ID 1879 (farm)
3,736,119,DAY 04/11/2024 - moved 9 animals from property ID 736 (farm) to property ID 119 (farm)
3,742,782,DAY 04/11/2024 - moved 14 animals from property ID 742 (farm) to property ID 782 (trader)
3,749,92,DAY 04/11/2024 - moved 11 animals from property ID 749 (farm) to property ID 92 (trader)
3,766,782,DAY 04/11/2024 - moved 7 animals from property ID 766 (farm) to property ID 782 (trader)
3,771,264,DAY 04/11/2024 - moved 1 animals from property ID 771 (farm) to property ID 264 (feedlot)
3,775,1780,DAY 04/11/2024 - moved 1 animals from property ID 775 (farm) to property ID 1780 (farm)
3,776,872,DAY 04/11/2024 - moved 9 animals from property ID 776 (trader) to property ID 872 (farm)
3,776,1900,DAY 04/11/2024 - moved 8 animals from property ID 776 (trader) to property ID 1900 (farm)
3,776,6,DAY 04/11/2024 - moved 8 animals from property ID 776 (trader) to property ID 6 (stud farm)
3,796,1181,DAY 04/11/2024 - moved 7 animals from property ID 796 (farm) to property ID 1181 (farm)
3,809,461,DAY 04/11/2024 - moved 6 animals from property ID 809 (farm) to property ID 461 (farm)
3,819,193,DAY 04/11/2024 - moved 10 animals from property ID 819 (farm) to property ID 193 (farm)
3,877,189,DAY 04/11/2024 - moved 24 animals from property ID 877 (farm) to property ID 189 (saleyard)
3,884,908,DAY 04/11/2024 - moved 3 animals from property ID 884 (farm) to property ID 908 (saleyard)
3,904,1110,DAY 04/11/2024 - moved 10 animals from property ID 904 (trader) to property ID 1110 (feedlot)
3,904,847,DAY 04/11/2024 - moved 10 animals from property ID 904 (trader) to property ID 847 (farm)
3,908,1768,DAY 04/11/2024 - moved 4 animals from property ID 908 (saleyard) to property ID 1768 (feedlot)
3,908,1635,DAY 04/11/2024 - moved 4 animals from property ID 908 (saleyard) to property ID 1635 (feedlot)
3,908,1732,DAY 04/11/2024 - moved 4 animals from property ID 908 (saleyard) to property ID 1732 (farm)
3,908,493,DAY 04/11/2024 - moved 4 animals from property ID 908 (saleyard) to property ID 493 (farm)
3,915,1602,DAY 04/11/2024 - moved 1 animals from property ID 915 (farm) to property ID 1602 (farm)
3,926,958,DAY 04/11/2024 - moved 3 animals from property ID 926 (farm) to property ID 958 (farm)
3,934,964,DAY 04/11/2024 - moved 5 animals from property ID 934 (farm) to property ID 964 (feedlot)
3,937,425,DAY 04/11/2024 - moved 3 animals from property ID 937 (farm) to property ID 425 (feedlot)
3,939,1109,DAY 04/11/2024 - moved 8 animals from property ID 939 (farm) to property ID 1109 (feedlot)
3,940,524,DAY 04/11/2024 - moved 4 animals from property ID 940 (farm) to property ID 524 (feedlot)
3,944,524,DAY 04/11/2024 - moved 4 animals from property ID 944 (farm) to property ID 524 (feedlot)
3,946,1119,DAY 04/11/2024 - moved 4 animals from property ID 946 (farm) to property ID 1119 (trader)
3,968,1301,DAY 04/11/2024 - moved 4 animals from property ID 968 (farm) to property ID 1301 (saleyard)
3,990,1823,DAY 04/11/2024 - moved 4 animals from property ID 990 (farm) to property ID 1823 (trader)
3,998,881,DAY 04/11/2024 - moved 5 animals from property ID 998 (farm) to property ID 881 (farm)
3,1000,1062,DAY 04/11/2024 - moved 2 animals from property ID 1000 (farm) to property ID 1062 (farm)
3,1011,1484,DAY 04/11/2024 - moved 2 animals from property ID 1011 (farm) to property ID 1484 (farm)
3,1035,1716,DAY 04/11/2024 - moved 8 animals from property ID 1035 (farm) to property ID 1716 (farm)
3,1037,237,DAY 04/11/2024 - moved 7 animals from property ID 1037 (farm) to property ID 237 (farm)
3,1052,189,DAY 04/11/2024 - moved 14 animals from property ID 1052 (farm) to property ID 189 (saleyard)
3,1055,536,DAY 04/11/2024 - moved 40 animals from property ID 1055 (farm) to property ID 536 (farm)
3,1067,425,DAY 04/11/2024 - moved 4 animals from property ID 1067 (farm) to property ID 425 (feedlot)
3,1099,1949,DAY 04/11/2024 - moved 4 animals from property ID 1099 (farm) to property ID 1949 (farm)
3,1121,458,DAY 04/11/2024 - moved 21 animals from property ID 1121 (farm) to property ID 458 (abbattoir)
3,1124,908,DAY 04/11/2024 - moved 9 animals from property ID 1124 (farm) to property ID 908 (saleyard)
3,1128,866,DAY 04/11/2024 - moved 9 animals from property ID 1128 (farm) to property ID 866 (feedlot)
3,1131,776,DAY 04/11/2024 - moved 1 animals from property ID 1131 (farm) to property ID 776 (trader)
3,1142,458,DAY 04/11/2024 - moved 6 animals from property ID 1142 (farm) to property ID 458 (abbattoir)
3,1143,1428,DAY 04/11/2024 - moved 2 animals from property ID 1143 (farm) to property ID 1428 (farm)
3,1148,1918,DAY 04/11/2024 - moved 3 animals from property ID 1148 (farm) to property ID 1918 (farm)
3,1161,1487,DAY 04/11/2024 - moved 5 animals from property ID 1161 (farm) to property ID 1487 (feedlot)
3,1178,415,DAY 04/11/2024 - moved 7 animals from property ID 1178 (farm) to property ID 415 (trader)
3,1186,776,DAY 04/11/2024 - moved 1 animals from property ID 1186 (farm) to property ID 776 (trader)
3,1192,1907,DAY 04/11/2024 - moved 2 animals from property ID 1192 (farm) to property ID 1907 (feedlot)
3,1204,1907,DAY 04/11/2024 - moved 9 animals from property ID 1204 (farm) to property ID 1907 (feedlot)
3,1205,400,DAY 04/11/2024 - moved 1 animals from property ID 1205 (farm) to property ID 400 (farm)
3,1209,1301,DAY 04/11/2024 - moved 1 animals from property ID 1209 (farm) to property ID 1301 (saleyard)
3,1229,908,DAY 04/11/2024 - moved 7 animals from property ID 1229 (farm) to property ID 908 (saleyard)
3,1231,1662,DAY 04/11/2024 - moved 7 animals from property ID 1231 (farm) to property ID 1662 (feedlot)
3,1239,1301,DAY 04/11/2024 - moved 12 animals from property ID 1239 (farm) to property ID 1301 (saleyard)
3,1244,1301,DAY 04/11/2024 - moved 3 animals from property ID 1244 (farm) to property ID 1301 (saleyard)
3,1249,782,DAY 04/11/2024 - moved 7 animals from property ID 1249 (farm) to property ID 782 (trader)
3,1250,1479,DAY 04/11/2024 - moved 2 animals from property ID 1250 (farm) to property ID 1479 (trader)
3,1252,1479,DAY 04/11/2024 - moved 3 animals from property ID 1252 (farm) to property ID 1479 (trader)
3,1259,1273,DAY 04/11/2024 - moved 3 animals from property ID 1259 (farm) to property ID 1273 (trader)
3,1262,758,DAY 04/11/2024 - moved 3 animals from property ID 1262 (farm) to property ID 758 (feedlot)
3,1272,782,DAY 04/11/2024 - moved 8 animals from property ID 1272 (farm) to property ID 782 (trader)
3,1273,1789,DAY 04/11/2024 - moved 3 animals from property ID 1273 (trader) to property ID 1789 (farm)
3,1273,94,DAY 04/11/2024 - moved 3 animals from property ID 1273 (trader) to property ID 94 (farm)
3,1273,161,DAY 04/11/2024 - moved 3 animals from property ID 1273 (trader) to property ID 161 (farm)
3,1276,1301,DAY 04/11/2024 - moved 3 animals from property ID 1276 (farm) to property ID 1301 (saleyard)
3,1301,867,DAY 04/11/2024 - moved 3 animals from property ID 1301 (saleyard) to property ID 867 (feedlot)
3,1301,621,DAY 04/11/2024 - moved 3 animals from property ID 1301 (saleyard) to property ID 621 (farm)
3,1301,867,DAY 04/11/2024 - moved 4 animals from property ID 1301 (saleyard) to property ID 867 (feedlot)
3,1301,1119,DAY 04/11/2024 - moved 4 animals from property ID 1301 (saleyard) to property ID 1119 (trader)
3,1301,1303,DAY 04/11/2024 - moved 4 animals from property ID 1301 (saleyard) to property ID 1303 (farm)
3,1309,1301,DAY 04/11/2024 - moved 2 animals from property ID 1309 (farm) to property ID 1301 (saleyard)
3,1340,700,DAY 04/11/2024 - moved 1 animals from property ID 1340 (farm) to property ID 700 (trader)
3,1351,1823,DAY 04/11/2024 - moved 2 animals from property ID 1351 (farm) to property ID 1823 (trader)
3,1364,964,DAY 04/11/2024 - moved 4 animals from property ID 1364 (farm) to property ID 964 (feedlot)
3,1371,1301,DAY 04/11/2024 - moved 2 animals from property ID 1371 (farm) to property ID 1301 (saleyard)
3,1385,782,DAY 04/11/2024 - moved 15 animals from property ID 1385 (farm) to property ID 782 (trader)
3,1391,113,DAY 04/11/2024 - moved 2 animals from property ID 1391 (farm) to property ID 113 (farm)
3,1402,1301,DAY 04/11/2024 - moved 10 animals from property ID 1402 (farm) to property ID 1301 (saleyard)
3,1430,140,DAY 04/11/2024 - moved 7 animals from property ID 1430 (farm) to property ID 140 (farm)
3,1434,1823,DAY 04/11/2024 - moved 3 animals from property ID 1434 (farm) to property ID 1823 (trader)
3,1447,1898,DAY 04/11/2024 - moved 3 animals from property ID 1447 (farm) to property ID 1898 (saleyard)
3,1472,1119,DAY 04/11/2024 - moved 5 animals from property ID 1472 (farm) to property ID 1119 (trader)
3,1477,6,DAY 04/11/2024 - moved 3 animals from property ID 1477 (farm) to property ID 6 (stud farm)
3,1478,1932,DAY 04/11/2024 - moved 26 animals from property ID 1478 (farm) to property ID 1932 (farm)
3,1479,758,DAY 04/11/2024 - moved 8 animals from property ID 1479 (trader) to property ID 758 (feedlot)
3,1479,758,DAY 04/11/2024 - moved 8 animals from property ID 1479 (trader) to property ID 758 (feedlot)
3,1483,524,DAY 04/11/2024 - moved 17 animals from property ID 1483 (farm) to property ID 524 (feedlot)
3,1492,1301,DAY 04/11/2024 - moved 2 animals from property ID 1492 (farm) to property ID 1301 (saleyard)
3,1507,700,DAY 04/11/2024 - moved 7 animals from property ID 1507 (farm) to property ID 700 (trader)
3,1508,182,DAY 04/11/2024 - moved 10 animals from property ID 1508 (farm) to property ID 182 (farm)
3,1542,1779,DAY 04/11/2024 - moved 3 animals from property ID 1542 (farm) to property ID 1779 (farm)
3,1549,914,DAY 04/11/2024 - moved 7 animals from property ID 1549 (farm) to property ID 914 (farm)
3,1561,1110,DAY 04/11/2024 - moved 4 animals from property ID 1561 (farm) to property ID 1110 (feedlot)
3,1594,782,DAY 04/11/2024 - moved 10 animals from property ID 1594 (farm) to property ID 782 (trader)
3,1596,1666,DAY 04/11/2024 - moved 12 animals from property ID 1596 (farm) to property ID 1666 (feedlot)
3,1678,1823,DAY 04/11/2024 - moved 12 animals from property ID 1678 (farm) to property ID 1823 (trader)
3,1689,1645,DAY 04/11/2024 - moved 4 animals from property ID 1689 (farm) to property ID 1645 (farm)
3,1696,866,DAY 04/11/2024 - moved 4 animals from property ID 1696 (farm) to property ID 866 (feedlot)
3,1728,1946,DAY 04/11/2024 - moved 1 animals from property ID 1728 (farm) to property ID 1946 (farm)
3,1760,1666,DAY 04/11/2024 - moved 3 animals from property ID 1760 (farm) to property ID 1666 (feedlot)
3,1774,6,DAY 04/11/2024 - moved 8 animals from property ID 1774 (farm) to property ID 6 (stud farm)
3,1802,912,DAY 04/11/2024 - moved 15 animals from property ID 1802 (farm) to property ID 912 (farm)
3,1816,342,DAY 04/11/2024 - moved 19 animals from property ID 1816 (farm) to property ID 342 (farm)
3,1833,1119,DAY 04/11/2024 - moved 2 animals from property ID 1833 (farm) to property ID 1119 (trader)
3,1836,316,DAY 04/11/2024 - moved 21 animals from property ID 1836 (farm) to property ID 316 (farm)
3,1837,1301,DAY 04/11/2024 - moved 3 animals from property ID 1837 (farm) to property ID 1301 (saleyard)
3,1852,1946,DAY 04/11/2024 - moved 3 animals from property ID 1852 (farm) to property ID 1946 (farm)
3,1858,1907,DAY 04/11/2024 - moved 7 animals from property ID 1858 (farm) to property ID 1907 (feedlot)
3,1876,330,DAY 04/11/2024 - moved 1 animals from property ID 1876 (farm) to property ID 330 (farm)
3,1898,303,DAY 04/11/2024 - moved 12 animals from property ID 1898 (saleyard) to property ID 303 (farm)
3,1898,1447,DAY 04/11/2024 - moved 11 animals from property ID 1898 (saleyard) to property ID 1447 (farm)
3,1898,1379,DAY 04/11/2024 - moved 11 animals from property ID 1898 (saleyard) to property ID 1379 (feedlot)
3,1898,982,DAY 04/11/2024 - moved 11 animals from property ID 1898 (saleyard) to property ID 982 (farm)
3,1898,1573,DAY 04/11/2024 - moved 11 animals from property ID 1898 (saleyard) to property ID 1573 (farm)
3,1898,1536,DAY 04/11/2024 - moved 11 animals from property ID 1898 (saleyard) to property ID 1536 (feedlot)
3,1928,1907,DAY 04/11/2024 - moved 1 animals from property ID 1928 (farm) to property ID 1907 (feedlot)
3,1958,866,DAY 04/11/2024 - moved 2 animals from property ID 1958 (farm) to property ID 866 (feedlot)
3,1960,1859,DAY 04/11/2024 - moved 3 animals from property ID 1960 (farm) to property ID 1859 (farm)
3,1964,264,DAY 04/11/2024 - moved 6 animals from property ID 1964 (farm) to property ID 264 (feedlot)
3,1995,867,DAY 04/11/2024 - moved 1 animals from property ID 1995 (farm) to property ID 867 (feedlot)
4,2,1626,DAY 05/11/2024 - moved 2 animals from property ID 2 (farm) to property ID 1626 (farm)
4,3,1823,DAY 05/11/2024 - moved 2 animals from property ID 3 (farm) to property ID 1823 (trader)
4,6,908,DAY 05/11/2024 - moved 5 animals from property ID 6 (stud farm) to property ID 908 (saleyard)
4,6,1898,DAY 05/11/2024 - moved 4 animals from property ID 6 (stud farm) to property ID 1898 (saleyard)
4,6,1898,DAY 05/11/2024 - moved 4 animals from property ID 6 (stud farm) to property ID 1898 (saleyard)
4,11,1637,DAY 05/11/2024 - moved 40 animals from property ID 11 (farm) to property ID 1637 (farm)
4,13,1635,DAY 05/11/2024 - moved 18 animals from property ID 13 (farm) to property ID 1635 (feedlot)
4,17,758,DAY 05/11/2024 - moved 6 animals from property ID 17 (farm) to property ID 758 (feedlot)
4,26,1479,DAY 05/11/2024 - moved 8 animals from property ID 26 (farm) to property ID 1479 (trader)
4,38,1119,DAY 05/11/2024 - moved 2 animals from property ID 38 (farm) to property ID 1119 (trader)
4,45,675,DAY 05/11/2024 - moved 4 animals from property ID 45 (farm) to property ID 675 (farm)
4,47,1907,DAY 05/11/2024 - moved 3 animals from property ID 47 (farm) to property ID 1907 (feedlot)
4,67,776,DAY 05/11/2024 - moved 1 animals from property ID 67 (farm) to property ID 776 (trader)
4,83,1060,DAY 05/11/2024 - moved 16 animals from property ID 83 (farm) to property ID 1060 (farm)
4,84,188,DAY 05/11/2024 - moved 4 animals from property ID 84 (farm) to property ID 188 (feedlot)
4,92,1773,DAY 05/11/2024 - moved 5 animals from property ID 92 (trader) to property ID 1773 (farm)
4,92,1753,DAY 05/11/2024 - moved 6 animals from property ID 92 (trader) to property ID 1753 (farm)
4,144,776,DAY 05/11/2024 - moved 4 animals from property ID 144 (farm) to property ID 776 (trader)
4,153,908,DAY 05/11/2024 - moved 1 animals from property ID 153 (farm) to property ID 908 (saleyard)
4,159,1662,DAY 05/11/2024 - moved 10 animals from property ID 159 (farm) to property ID 1662 (feedlot)
4,189,188,DAY 05/11/2024 - moved 12 animals from property ID 189 (saleyard) to property ID 188 (feedlot)
4,189,524,DAY 05/11/2024 - moved 11 animals from property ID 189 (saleyard) to property ID 524 (feedlot)
4,189,1109,DAY 05/11/2024 - moved 11 animals from property ID 189 (saleyard) to property ID 1109 (feedlot)
4,189,672,DAY 05/11/2024 - moved 11 animals from property ID 189 (saleyard) to property ID 672 (farm)
4,189,1367,DAY 05/11/2024 - moved 11 animals from property ID 189 (saleyard) to property ID 1367 (farm)
4,191,92,DAY 05/11/2024 - moved 10 animals from property ID 191 (farm) to property ID 92 (trader)
4,193,6,DAY 05/11/2024 - moved 6 animals from property ID 193 (farm) to property ID 6 (stud farm)
4,210,676,DAY 05/11/2024 - moved 20 animals from property ID 210 (farm) to property ID 676 (farm)
4,222,1723,DAY 05/11/2024 - moved 1 animals from property ID 222 (farm) to property ID 1723 (farm)
4,235,1273,DAY 05/11/2024 - moved 1 animals from property ID 235 (farm) to property ID 1273 (trader)
4,283,1946,DAY 05/11/2024 - moved 14 animals from property ID 283 (farm) to property ID 1946 (farm)
4,303,1635,DAY 05/11/2024 - moved 15 animals from property ID 303 (farm) to property ID 1635 (feedlot)
4,326,908,DAY 05/11/2024 - moved 14 animals from property ID 326 (farm) to property ID 908 (saleyard)
4,353,189,DAY 05/11/2024 - moved 1 animals from property ID 353 (farm) to property ID 189 (saleyard)
4,358,1666,DAY 05/11/2024 - moved 13 animals from property ID 358 (farm) to property ID 1666 (feedlot)
4,361,782,DAY 05/11/2024 - moved 10 animals from property ID 361 (farm) to property ID 782 (trader)
4,381,1487,DAY 05/11/2024 - moved 8 animals from property ID 381 (farm) to property ID 1487 (feedlot)
4,383,1710,DAY 05/11/2024 - moved 5 animals from property ID 383 (farm) to property ID 1710 (farm)
4,384,461,DAY 05/11/2024 - moved 11 animals from property ID 384 (farm) to property ID 461 (farm)
4,398,905,DAY 05/11/2024 - moved 11 animals from property ID 398 (farm) to property ID 905 (farm)
4,406,1273,DAY 05/11/2024 - moved 3 animals from property ID 406 (farm) to property ID 1273 (trader)
4,409,458,DAY 05/11/2024 - moved 49 animals from property ID 409 (farm) to property ID 458 (abbattoir)
4,419,1273,DAY 05/11/2024 - moved 3 animals from property ID 419 (farm) to property ID 1273 (trader)
4,427,5,DAY 05/11/2024 - moved 5 animals from property ID 427 (farm) to property ID 5 (farm)
4,450,867,DAY 05/11/2024 - moved 3 animals from property ID 450 (farm) to property ID 867 (feedlot)
4,474,1301,DAY 05/11/2024 - moved 4 animals from property ID 474 (farm) to property ID 1301 (saleyard)
4,476,411,DAY 05/11/2024 - moved 18 animals from property ID 476 (farm) to property ID 411 (farm)
4,484,1635,DAY 05/11/2024 - moved 5 animals from property ID 484 (farm) to property ID 1635 (feedlot)
4,487,682,DAY 05/11/2024 - moved 16 animals from property ID 487 (farm) to property ID 682 (farm)
4,498,659,DAY 05/11/2024 - moved 7 animals from property ID 498 (farm) to property ID 659 (farm)
4,513,866,DAY 05/11/2024 - moved 2 animals from property ID 513 (farm) to property ID 866 (feedlot)
4,516,1119,DAY 05/11/2024 - moved 3 animals from property ID 516 (farm) to property ID 1119 (trader)
4,526,1886,DAY 05/11/2024 - moved 5 animals from property ID 526 (farm) to property ID 1886 (farm)
4,541,524,DAY 05/11/2024 - moved 1 animals from property ID 541 (farm) to property ID 524 (feedlot)
4,571,1492,DAY 05/11/2024 - moved 5 animals from property ID 571 (farm) to property ID 1492 (farm)
4,585,908,DAY 05/11/2024 - moved 7 animals from property ID 585 (farm) to property ID 908 (saleyard)
4,600,1273,DAY 05/11/2024 - moved 1 animals from property ID 600 (farm) to property ID 1273 (trader)
4,618,624,DAY 05/11/2024 - moved 9 animals from property ID 618 (farm) to property ID 624 (farm)
4,636,189,DAY 05/11/2024 - moved 12 animals from property ID 636 (farm) to property ID 189 (saleyard)
4,642,470,DAY 05/11/2024 - moved 16 animals from property ID 642 (farm) to property ID 470 (farm)
4,651,1119,DAY 05/11/2024 - moved 3 animals from property ID 651 (farm) to property ID 1119 (trader)
4,653,1136,DAY 05/11/2024 - moved 6 animals from property ID 653 (farm) to property ID 1136 (farm)
4,675,17,DAY 05/11/2024 - moved 13 animals from property ID 675 (farm) to property ID 17 (farm)
4,700,140,DAY 05/11/2024 - moved 5 animals from property ID 700 (trader) to property ID 140 (farm)
4,700,220,DAY 05/11/2024 - moved 5 animals from property ID 700 (trader) to property ID 220 (farm)
4,709,1723,DAY 05/11/2024 - moved 7 animals from property ID 709 (farm) to property ID 1723 (farm)
4,710,1242,DAY 05/11/2024 - moved 6 animals from property ID 710 (farm) to property ID 1242 (farm)
4,714,524,DAY 05/11/2024 - moved 1 animals from property ID 714 (farm) to property ID 524 (feedlot)
4,737,393,DAY 05/11/2024 - moved 6 animals from property ID 737 (farm) to property ID 393 (farm)
4,738,1823,DAY 05/11/2024 - moved 2 animals from property ID 738 (farm) to property ID 1823 (trader)
4,745,782,DAY 05/11/2024 - moved 4 animals from property ID 745 (farm) to property ID 782 (trader)
4,756,1273,DAY 05/11/2024 - moved 6 animals from property ID 756 (farm) to property ID 1273 (trader)
4,757,1536,DAY 05/11/2024 - moved 3 animals from property ID 757 (farm) to property ID 1536 (feedlot)
4,780,700,DAY 05/11/2024 - moved 4 animals from property ID 780 (farm) to property ID 700 (trader)
4,781,1479,DAY 05/11/2024 - moved 14 animals from property ID 781 (farm) to property ID 1479 (trader)
4,782,104,DAY 05/11/2024 - moved 29 animals from property ID 782 (trader) to property ID 104 (farm)
4,786,92,DAY 05/11/2024 - moved 6 animals from property ID 786 (farm) to property ID 92 (trader)
4,837,981,DAY 05/11/2024 - moved 6 animals from property ID 837 (farm) to property ID 981 (farm)
4,856,867,DAY 05/11/2024 - moved 1 animals from property ID 856 (farm) to property ID 867 (feedlot)
4,859,1273,DAY 05/11/2024 - moved 4 animals from property ID 859 (farm) to property ID 1273 (trader)
4,861,700,DAY 05/11/2024 - moved 24 animals from property ID 861 (farm) to property ID 700 (trader)
4,868,1467,DAY 05/11/2024 - moved 13 animals from property ID 868 (farm) to property ID 1467 (farm)
4,887,1927,DAY 05/11/2024 - moved 15 animals from property ID 887 (farm) to property ID 1927 (farm)
4,897,1301,DAY 05/11/2024 - moved 9 animals from property ID 897 (farm) to property ID 1301 (saleyard)
4,904,1110,DAY 05/11/2024 - moved 17 animals from property ID 904 (trader) to property ID 1110 (feedlot)
4,908,1898,DAY 05/11/2024 - moved 4 animals from property ID 908 (saleyard) to property ID 1898 (saleyard)
4,908,1536,DAY 05/11/2024 - moved 4 animals from property ID 908 (saleyard) to property ID 1536 (feedlot)
4,908,1524,DAY 05/11/2024 - moved 4 animals from property ID 908 (saleyard) to property ID 1524 (farm)
4,908,776,DAY 05/11/2024 - moved 4 animals from property ID 908 (saleyard) to property ID 776 (trader)
4,918,92,DAY 05/11/2024 - moved 1 animals from property ID 918 (farm) to property ID 92 (trader)
4,938,524,DAY 05/11/2024 - moved 3 animals from property ID 938 (farm) to property ID 524 (feedlot)
4,949,415,DAY 05/11/2024 - moved 8 animals from property ID 949 (farm) to property ID 415 (trader)
4,969,1888,DAY 05/11/2024 - moved 7 animals from property ID 969 (farm) to property ID 1888 (farm)
4,994,1898,DAY 05/11/2024 - moved 3 animals from property ID 994 (farm) to property ID 1898 (saleyard)
4,1008,1466,DAY 05/11/2024 - moved 14 animals from property ID 1008 (farm) to property ID 1466 (farm)
4,1010,6,DAY 05/11/2024 - moved 29 animals from property ID 1010 (farm) to property ID 6 (stud farm)
4,1015,1326,DAY 05/11/2024 - moved 5 animals from property ID 1015 (farm) to property ID 1326 (farm)
4,1017,1635,DAY 05/11/2024 - moved 3 animals from property ID 1017 (farm) to property ID 1635 (feedlot)
4,1061,189,DAY 05/11/2024 - moved 6 animals from property ID 1061 (farm) to property ID 189 (saleyard)
4,1070,1666,DAY 05/11/2024 - moved 2 animals from property ID 1070 (farm) to property ID 1666 (feedlot)
4,1080,782,DAY 05/11/2024 - moved 4 animals from property ID 1080 (farm) to property ID 782 (trader)
4,1098,1385,DAY 05/11/2024 - moved 11 animals from property ID 1098 (farm) to property ID 1385 (farm)
4,1108,1823,DAY 05/11/2024 - moved 1 animals from property ID 1108 (farm) to property ID 1823 (trader)
4,1119,968,DAY 05/11/2024 - moved 7 animals from property ID 1119 (trader) to property ID 968 (farm)
4,1119,867,DAY 05/11/2024 - moved 7 animals from property ID 1119 (trader) to property ID 867 (feedlot)
4,1127,867,DAY 05/11/2024 - moved 2 animals from property ID 1127 (farm) to property ID 867 (feedlot)
4,1146,1953,DAY 05/11/2024 - moved 2 animals from property ID 1146 (farm) to property ID 1953 (farm)
4,1153,1301,DAY 05/11/2024 - moved 5 animals from property ID 1153 (farm) to property ID 1301 (saleyard)
4,1157,1067,DAY 05/11/2024 - moved 1 animals from property ID 1157 (farm) to property ID 1067 (farm)
4,1167,199,DAY 05/11/2024 - moved 1 animals from property ID 1167 (farm) to property ID 199 (farm)
4,1172,640,DAY 05/11/2024 - moved 2 animals from property ID 1172 (farm) to property ID 640 (farm)
4,1177,1823,DAY 05/11/2024 - moved 4 animals from property ID 1177 (farm) to property ID 1823 (trader)
4,1191,6,DAY 05/11/2024 - moved 3 animals from property ID 1191 (farm) to property ID 6 (stud farm)
4,1194,963,DAY 05/11/2024 - moved 12 animals from property ID 1194 (farm) to property ID 963 (farm)
4,1199,458,DAY 05/11/2024 - moved 10 animals from property ID 1199 (farm) to property ID 458 (abbattoir)
4,1206,904,DAY 05/11/2024 - moved 3 animals from property ID 1206 (farm) to property ID 904 (trader)
4,1217,8,DAY 05/11/2024 - moved 2 animals from property ID 1217 (farm) to property ID 8 (farm)
4,1218,1768,DAY 05/11/2024 - moved 12 animals from property ID 1218 (farm) to property ID 1768 (feedlot)
4,1226,1273,DAY 05/11/2024 - moved 2 animals from property ID 1226 (farm) to property ID 1273 (trader)
4,1245,1301,DAY 05/11/2024 - moved 2 animals from property ID 1245 (farm) to property ID 1301 (saleyard)
4,1247,92,DAY 05/11/2024 - moved 10 animals from property ID 1247 (farm) to property ID 92 (trader)
4,1255,758,DAY 05/11/2024 - moved 14 animals from property ID 1255 (farm) to property ID 758 (feedlot)
4,1279,92,DAY 05/11/2024 - moved 4 animals from property ID 1279 (farm) to property ID 92 (trader)
4,1283,722,DAY 05/11/2024 - moved 11 animals from property ID 1283 (farm) to property ID 722 (farm)
4,1286,758,DAY 05/11/2024 - moved 30 animals from property ID 1286 (farm) to property ID 758 (feedlot)
4,1301,1119,DAY 05/11/2024 - moved 6 animals from property ID 1301 (saleyard) to property ID 1119 (trader)
4,1301,1608,DAY 05/11/2024 - moved 6 animals from property ID 1301 (saleyard) to property ID 1608 (farm)
4,1301,1108,DAY 05/11/2024 - moved 6 animals from property ID 1301 (saleyard) to property ID 1108 (farm)
4,1301,1053,DAY 05/11/2024 - moved 6 animals from property ID 1301 (saleyard) to property ID 1053 (farm)
4,1302,1549,DAY 05/11/2024 - moved 1 animals from property ID 1302 (farm) to property ID 1549 (farm)
4,1310,1024,DAY 05/11/2024 - moved 12 animals from property ID 1310 (farm) to property ID 1024 (farm)
4,1338,13,DAY 05/11/2024 - moved 4 animals from property ID 1338 (farm) to property ID 13 (farm)
4,1347,12,DAY 05/11/2024 - moved 4 animals from property ID 1347 (farm) to property ID 12 (farm)
4,1348,1927,DAY 05/11/2024 - moved 4 animals from property ID 1348 (farm) to property ID 1927 (farm)
4,1367,619,DAY 05/11/2024 - moved 14 animals from property ID 1367 (farm) to property ID 619 (farm)
4,1368,1318,DAY 05/11/2024 - moved 2 animals from property ID 1368 (farm) to property ID 1318 (farm)
4,1372,995,DAY 05/11/2024 - moved 20 animals from property ID 1372 (farm) to property ID 995 (farm)
4,1378,1620,DAY 05/11/2024 - moved 4 animals from property ID 1378 (farm) to property ID 1620 (farm)
4,1380,264,DAY 05/11/2024 - moved 2 animals from property ID 1380 (farm) to property ID 264 (feedlot)
4,1392,1823,DAY 05/11/2024 - moved 20 animals from property ID 1392 (farm) to property ID 1823 (trader)
4,1409,1211,DAY 05/11/2024 - moved 7 animals from property ID 1409 (farm) to property ID 1211 (farm)
4,1419,439,DAY 05/11/2024 - moved 3 animals from property ID 1419 (farm) to property ID 439 (farm)
4,1442,1898,DAY 05/11/2024 - moved 5 animals from property ID 1442 (farm) to property ID 1898 (saleyard)
4,1458,268,DAY 05/11/2024 - moved 26 animals from property ID 1458 (farm) to property ID 268 (farm)
4,1460,782,DAY 05/11/2024 - moved 11 animals from property ID 1460 (farm) to property ID 782 (trader)
4,1464,1273,DAY 05/11/2024 - moved 7 animals from property ID 1464 (farm) to property ID 1273 (trader)
4,1469,1119,DAY 05/11/2024 - moved 2 animals from property ID 1469 (farm) to property ID 1119 (trader)
4,1479,1283,DAY 05/11/2024 - moved 7 animals from property ID 1479 (trader) to property ID 1283 (farm)
4,1479,758,DAY 05/11/2024 - moved 8 animals from property ID 1479 (trader) to property ID 758 (feedlot)
4,1493,776,DAY 05/11/2024 - moved 6 animals from property ID 1493 (farm) to property ID 776 (trader)
4,1509,873,DAY 05/11/2024 - moved 5 animals from property ID 1509 (farm) to property ID 873 (farm)
4,1514,1479,DAY 05/11/2024 - moved 23 animals from property ID 1514 (farm) to property ID 1479 (trader)
4,1525,1759,DAY 05/11/2024 - moved 41 animals from property ID 1525 (farm) to property ID 1759 (farm)
4,1530,1273,DAY 05/11/2024 - moved 2 animals from property ID 1530 (farm) to property ID 1273 (trader)
4,1538,776,DAY 05/11/2024 - moved 4 animals from property ID 1538 (farm) to property ID 776 (trader)
4,1562,458,DAY 05/11/2024 - moved 2 animals from property ID 1562 (farm) to property ID 458 (abbattoir)
4,1602,866,DAY 05/11/2024 - moved 7 animals from property ID 1602 (farm) to property ID 866 (feedlot)
4,1650,19,DAY 05/11/2024 - moved 3 animals from property ID 1650 (farm) to property ID 19 (farm)
4,1676,92,DAY 05/11/2024 - moved 9 animals from property ID 1676 (farm) to property ID 92 (trader)
4,1679,1539,DAY 05/11/2024 - moved 1 animals from property ID 1679 (farm) to property ID 1539 (farm)
4,1684,1907,DAY 05/11/2024 - moved 19 animals from property ID 1684 (farm) to property ID 1907 (feedlot)
4,1711,866,DAY 05/11/2024 - moved 5 animals from property ID 1711 (farm) to property ID 866 (feedlot)
4,1722,758,DAY 05/11/2024 - moved 39 animals from property ID 1722 (farm) to property ID 758 (feedlot)
4,1727,1823,DAY 05/11/2024 - moved 2 animals from property ID 1727 (farm) to property ID 1823 (trader)
4,1731,173,DAY 05/11/2024 - moved 10 animals from property ID 1731 (farm) to property ID 173 (farm)
4,1732,1768,DAY 05/11/2024 - moved 3 animals from property ID 1732 (farm) to property ID 1768 (feedlot)
4,1743,1823,DAY 05/11/2024 - moved 10 animals from property ID 1743 (farm) to property ID 1823 (trader)
4,1801,1898,DAY 05/11/2024 - moved 13 animals from property ID 1801 (farm) to property ID 1898 (saleyard)
4,1805,964,DAY 05/11/2024 - moved 7 animals from property ID 1805 (farm) to property ID 964 (feedlot)
4,1823,1783,DAY 05/11/2024 - moved 11 animals from property ID 1823 (trader) to property ID 1783 (farm)
4,1823,867,DAY 05/11/2024 - moved 11 animals from property ID 1823 (trader) to property ID 867 (feedlot)
4,1824,762,DAY 05/11/2024 - moved 79 animals from property ID 1824 (farm) to property ID 762 (farm)
4,1827,188,DAY 05/11/2024 - moved 28 animals from property ID 1827 (farm) to property ID 188 (feedlot)
4,1845,5,DAY 05/11/2024 - moved 3 animals from property ID 1845 (farm) to property ID 5 (farm)
4,1850,866,DAY 05/11/2024 - moved 17 animals from property ID 1850 (farm) to property ID 866 (feedlot)
4,1866,1666,DAY 05/11/2024 - moved 14 animals from property ID 1866 (farm) to property ID 1666 (feedlot)
4,1883,1032,DAY 05/11/2024 - moved 2 animals from property ID 1883 (farm) to property ID 1032 (farm)
4,1885,782,DAY 05/11/2024 - moved 15 animals from property ID 1885 (farm) to property ID 782 (trader)
4,1895,867,DAY 05/11/2024 - moved 1 animals from property ID 1895 (farm) to property ID 867 (feedlot)
4,1898,908,DAY 05/11/2024 - moved 10 animals from property ID 1898 (saleyard) to property ID 908 (saleyard)
4,1898,1447,DAY 05/11/2024 - moved 11 animals from property ID 1898 (saleyard) to property ID 1447 (farm)
4,1898,908,DAY 05/11/2024 - moved 11 animals from property ID 1898 (saleyard) to property ID 908 (saleyard)
4,1898,1462,DAY 05/11/2024 - moved 11 animals from property ID 1898 (saleyard) to property ID 1462 (farm)
4,1898,1375,DAY 05/11/2024 - moved 11 animals from property ID 1898 (saleyard) to property ID 1375 (farm)
4,1899,415,DAY 05/11/2024 - moved 6 animals from property ID 1899 (farm) to property ID 415 (trader)
4,1902,189,DAY 05/11/2024 - moved 2 animals from property ID 1902 (farm) to property ID 189 (saleyard)
4,1919,1301,DAY 05/11/2024 - moved 4 animals from property ID 1919 (farm) to property ID 1301 (saleyard)
4,1935,1671,DAY 05/11/2024 - moved 12 animals from property ID 1935 (farm) to property ID 1671 (farm)
4,1941,866,DAY 05/11/2024 - moved 4 animals from property ID 1941 (farm) to property ID 866 (feedlot)
4,1947,189,DAY 05/11/2024 - moved 10 animals from property ID 1947 (farm) to property ID 189 (saleyard)
4,1956,1396,DAY 05/11/2024 - moved 15 animals from property ID 1956 (farm) to property ID 1396 (farm)
4,1966,524,DAY 05/11/2024 - moved 8 animals from property ID 1966 (farm) to property ID 524 (feedlot)
4,1970,1617,DAY 05/11/2024 - moved 1 animals from property ID 1970 (farm) to property ID 1617 (farm)
4,1996,866,DAY 05/11/2024 - moved 3 animals from property ID 1996 (farm) to property ID 866 (feedlot)
5,5,40,DAY 06/11/2024 - moved 9 animals from property ID 5 (farm) to property ID 40 (farm)
5,6,480,DAY 06/11/2024 - moved 9 animals from property ID 6 (stud farm) to property ID 480 (farm)
5,6,776,DAY 06/11/2024 - moved 9 animals from property ID 6 (stud farm) to property ID 776 (trader)
5,22,245,DAY 06/11/2024 - moved 1 animals from property ID 22 (farm) to property ID 245 (farm)
5,54,194,DAY 06/11/2024 - moved 3 animals from property ID 54 (farm) to property ID 194 (farm)
5,56,673,DAY 06/11/2024 - moved 6 animals from property ID 56 (farm) to property ID 673 (farm)
5,108,1301,DAY 06/11/2024 - moved 3 animals from property ID 108 (farm) to property ID 1301 (saleyard)
5,117,782,DAY 06/11/2024 - moved 14 animals from property ID 117 (farm) to property ID 782 (trader)
5,129,50,DAY 06/11/2024 - moved 3 animals from property ID 129 (farm) to property ID 50 (farm)
5,137,53,DAY 06/11/2024 - moved 5 animals from property ID 137 (farm) to property ID 53 (farm)
5,140,524,DAY 06/11/2024 - moved 7 animals from property ID 140 (farm) to property ID 524 (feedlot)
5,151,1941,DAY 06/11/2024 - moved 12 animals from property ID 151 (farm) to property ID 1941 (farm)
5,157,904,DAY 06/11/2024 - moved 2 animals from property ID 157 (farm) to property ID 904 (trader)
5,166,5,DAY 06/11/2024 - moved 13 animals from property ID 166 (farm) to property ID 5 (farm)
5,187,6,DAY 06/11/2024 - moved 1 animals from property ID 187 (farm) to property ID 6 (stud farm)
5,192,1823,DAY 06/11/2024 - moved 1 animals from property ID 192 (farm) to property ID 1823 (trader)
5,214,1613,DAY 06/11/2024 - moved 10 animals from property ID 214 (farm) to property ID 1613 (farm)
5,228,929,DAY 06/11/2024 - moved 2 animals from property ID 228 (farm) to property ID 929 (farm)
5,229,77,DAY 06/11/2024 - moved 4 animals from property ID 229 (farm) to property ID 77 (farm)
5,234,328,DAY 06/11/2024 - moved 10 animals from property ID 234 (farm) to property ID 328 (farm)
5,260,988,DAY 06/11/2024 - moved 1 animals from property ID 260 (farm) to property ID 988 (farm)
5,265,189,DAY 06/11/2024 - moved 13 animals from property ID 265 (farm) to property ID 189 (saleyard)
5,270,6,DAY 06/11/2024 - moved 1 animals from property ID 270 (farm) to property ID 6 (stud farm)
5,275,210,DAY 06/11/2024 - moved 11 animals from property ID 275 (farm) to property ID 210 (farm)
5,279,867,DAY 06/11/2024 - moved 1 animals from property ID 279 (farm) to property ID 867 (feedlot)
5,282,1861,DAY 06/11/2024 - moved 2 animals from property ID 282 (farm) to property ID 1861 (farm)
5,325,1283,DAY 06/11/2024 - moved 10 animals from property ID 325 (farm) to property ID 1283 (farm)
5,327,908,DAY 06/11/2024 - moved 5 animals from property ID 327 (farm) to property ID 908 (saleyard)
5,333,1841,DAY 06/11/2024 - moved 11 animals from property ID 333 (farm) to property ID 1841 (farm)
5,343,1487,DAY 06/11/2024 - moved 10 animals from property ID 343 (farm) to property ID 1487 (feedlot)
5,366,1253,DAY 06/11/2024 - moved 2 animals from property ID 366 (farm) to property ID 1253 (feedlot)
5,368,188,DAY 06/11/2024 - moved 7 animals from property ID 368 (farm) to property ID 188 (feedlot)
5,382,700,DAY 06/11/2024 - moved 5 animals from property ID 382 (farm) to property ID 700 (trader)
5,415,1499,DAY 06/11/2024 - moved 8 animals from property ID 415 (trader) to property ID 1499 (farm)
5,422,498,DAY 06/11/2024 - moved 9 animals from property ID 422 (farm) to property ID 498 (farm)
5,423,758,DAY 06/11/2024 - moved 14 animals from property ID 423 (farm) to property ID 758 (feedlot)
5,446,137,DAY 06/11/2024 - moved 18 animals from property ID 446 (farm) to property ID 137 (farm)
5,454,904,DAY 06/11/2024 - moved 3 animals from property ID 454 (farm) to property ID 904 (trader)
5,460,1119,DAY 06/11/2024 - moved 1 animals from property ID 460 (farm) to property ID 1119 (trader)
5,481,1301,DAY 06/11/2024 - moved 1 animals from property ID 481 (farm) to property ID 1301 (saleyard)
5,499,264,DAY 06/11/2024 - moved 2 animals from property ID 499 (farm) to property ID 264 (feedlot)
5,503,189,DAY 06/11/2024 - moved 6 animals from property ID 503 (farm) to property ID 189 (saleyard)
5,543,1570,DAY 06/11/2024 - moved 3 animals from property ID 543 (farm) to property ID 1570 (farm)
5,557,1666,DAY 06/11/2024 - moved 4 animals from property ID 557 (farm) to property ID 1666 (feedlot)
5,560,82,DAY 06/11/2024 - moved 5 animals from property ID 560 (farm) to property ID 82 (farm)
5,564,1635,DAY 06/11/2024 - moved 9 animals from property ID 564 (farm) to property ID 1635 (feedlot)
5,569,305,DAY 06/11/2024 - moved 21 animals from property ID 569 (farm) to property ID 305 (farm)
5,580,1823,DAY 06/11/2024 - moved 3 animals from property ID 580 (farm) to property ID 1823 (trader)
5,593,148,DAY 06/11/2024 - moved 11 animals from property ID 593 (farm) to property ID 148 (farm)
5,602,6,DAY 06/11/2024 - moved 2 animals from property ID 602 (farm) to property ID 6 (stud farm)
5,632,1367,DAY 06/11/2024 - moved 5 animals from property ID 632 (farm) to property ID 1367 (farm)
5,652,1662,DAY 06/11/2024 - moved 1 animals from property ID 652 (farm) to property ID 1662 (feedlot)
5,679,1635,DAY 06/11/2024 - moved 2 animals from property ID 679 (farm) to property ID 1635 (feedlot)
5,692,1823,DAY 06/11/2024 - moved 1 animals from property ID 692 (farm) to property ID 1823 (trader)
5,694,758,DAY 06/11/2024 - moved 6 animals from property ID 694 (farm) to property ID 758 (feedlot)
5,698,1182,DAY 06/11/2024 - moved 3 animals from property ID 698 (farm) to property ID 1182 (farm)
5,700,478,DAY 06/11/2024 - moved 7 animals from property ID 700 (trader) to property ID 478 (farm)
5,700,771,DAY 06/11/2024 - moved 7 animals from property ID 700 (trader) to property ID 771 (farm)
5,705,1117,DAY 06/11/2024 - moved 7 animals from property ID 705 (farm) to property ID 1117 (farm)
5,706,1273,DAY 06/11/2024 - moved 4 animals from property ID 706 (farm) to property ID 1273 (trader)
5,719,1416,DAY 06/11/2024 - moved 4 animals from property ID 719 (farm) to property ID 1416 (farm)
5,733,415,DAY 06/11/2024 - moved 9 animals from property ID 733 (farm) to property ID 415 (trader)
5,734,908,DAY 06/11/2024 - moved 4 animals from property ID 734 (farm) to property ID 908 (saleyard)
5,753,1475,DAY 06/11/2024 - moved 10 animals from property ID 753 (farm) to property ID 1475 (farm)
5,755,418,DAY 06/11/2024 - moved 6 animals from property ID 755 (farm) to property ID 418 (farm)
5,764,1666,DAY 06/11/2024 - moved 13 animals from property ID 764 (farm) to property ID 1666 (feedlot)
5,782,1932,DAY 06/11/2024 - moved 32 animals from property ID 782 (trader) to property ID 1932 (farm)
5,795,1479,DAY 06/11/2024 - moved 13 animals from property ID 795 (farm) to property ID 1479 (trader)
5,807,1767,DAY 06/11/2024 - moved 1 animals from property ID 807 (farm) to property ID 1767 (farm)
5,820,1472,DAY 06/11/2024 - moved 5 animals from property ID 820 (farm) to property ID 1472 (farm)
5,883,1119,DAY 06/11/2024 - moved 1 animals from property ID 883 (farm) to property ID 1119 (trader)
5,890,1119,DAY 06/11/2024 - moved 1 animals from property ID 890 (farm) to property ID 1119 (trader)
5,904,264,DAY 06/11/2024 - moved 4 animals from property ID 904 (trader) to property ID 264 (feedlot)
5,904,1110,DAY 06/11/2024 - moved 5 animals from property ID 904 (trader) to property ID 1110 (feedlot)
5,904,264,DAY 06/11/2024 - moved 5 animals from property ID 904 (trader) to property ID 264 (feedlot)
5,908,1768,DAY 06/11/2024 - moved 7 animals from property ID 908 (saleyard) to property ID 1768 (feedlot)
5,908,1437,DAY 06/11/2024 - moved 8 animals from property ID 908 (saleyard) to property ID 1437 (farm)
5,908,501,DAY 06/11/2024 - moved 8 animals from property ID 908 (saleyard) to property ID 501 (farm)
5,914,458,DAY 06/11/2024 - moved 23 animals from property ID 914 (farm) to property ID 458 (abbattoir)
5,943,1666,DAY 06/11/2024 - moved 8 animals from property ID 943 (farm) to property ID 1666 (feedlot)
5,947,415,DAY 06/11/2024 - moved 7 animals from property ID 947 (farm) to property ID 415 (trader)
5,950,782,DAY 06/11/2024 - moved 4 animals from property ID 950 (farm) to property ID 782 (trader)
5,961,128,DAY 06/11/2024 - moved 14 animals from property ID 961 (farm) to property ID 128 (farm)
5,966,908,DAY 06/11/2024 - moved 13 animals from property ID 966 (farm) to property ID 908 (saleyard)
5,967,1273,DAY 06/11/2024 - moved 7 animals from property ID 967 (farm) to property ID 1273 (trader)
5,988,458,DAY 06/11/2024 - moved 1 animals from property ID 988 (farm) to property ID 458 (abbattoir)
5,1047,779,DAY 06/11/2024 - moved 1 animals from property ID 1047 (farm) to property ID 779 (farm)
5,1059,1831,DAY 06/11/2024 - moved 1 animals from property ID 1059 (farm) to property ID 1831 (farm)
5,1060,762,DAY 06/11/2024 - moved 5 animals from property ID 1060 (farm) to property ID 762 (farm)
5,1069,1083,DAY 06/11/2024 - moved 5 animals from property ID 1069 (farm) to property ID 1083 (farm)
5,1072,867,DAY 06/11/2024 - moved 3 animals from property ID 1072 (farm) to property ID 867 (feedlot)
5,1079,1382,DAY 06/11/2024 - moved 3 animals from property ID 1079 (farm) to property ID 1382 (farm)
5,1086,1516,DAY 06/11/2024 - moved 8 animals from property ID 1086 (farm) to property ID 1516 (farm)
5,1097,361,DAY 06/11/2024 - moved 4 animals from property ID 1097 (farm) to property ID 361 (farm)
5,1102,264,DAY 06/11/2024 - moved 5 animals from property ID 1102 (farm) to property ID 264 (feedlot)
5,1119,1109,DAY 06/11/2024 - moved 7 animals from property ID 1119 (trader) to property ID 1109 (feedlot)
5,1119,1301,DAY 06/11/2024 - moved 8 animals from property ID 1119 (trader) to property ID 1301 (saleyard)
5,1120,1119,DAY 06/11/2024 - moved 1 animals from property ID 1120 (farm) to property ID 1119 (trader)
5,1135,1273,DAY 06/11/2024 - moved 1 animals from property ID 1135 (farm) to property ID 1273 (trader)
5,1140,1956,DAY 06/11/2024 - moved 5 animals from property ID 1140 (farm) to property ID 1956 (farm)
5,1158,1148,DAY 06/11/2024 - moved 12 animals from property ID 1158 (farm) to property ID 1148 (farm)
5,1168,1713,DAY 06/11/2024 - moved 1 animals from property ID 1168 (farm) to property ID 1713 (farm)
5,1181,782,DAY 06/11/2024 - moved 20 animals from property ID 1181 (farm) to property ID 782 (trader)
5,1182,867,DAY 06/11/2024 - moved 12 animals from property ID 1182 (farm) to property ID 867 (feedlot)
5,1187,1248,DAY 06/11/2024 - moved 16 animals from property ID 1187 (farm) to property ID 1248 (farm)
5,1210,1253,DAY 06/11/2024 - moved 3 animals from property ID 1210 (farm) to property ID 1253 (feedlot)
5,1215,867,DAY 06/11/2024 - moved 5 animals from property ID 1215 (farm) to property ID 867 (feedlot)
5,1236,114,DAY 06/11/2024 - moved 5 animals from property ID 1236 (farm) to property ID 114 (farm)
5,1238,1456,DAY 06/11/2024 - moved 26 animals from property ID 1238 (farm) to property ID 1456 (farm)
5,1242,189,DAY 06/11/2024 - moved 5 animals from property ID 1242 (farm) to property ID 189 (saleyard)
5,1258,1985,DAY 06/11/2024 - moved 3 animals from property ID 1258 (farm) to property ID 1985 (farm)
5,1263,264,DAY 06/11/2024 - moved 1 animals from property ID 1263 (farm) to property ID 264 (feedlot)
5,1273,978,DAY 06/11/2024 - moved 5 animals from property ID 1273 (trader) to property ID 978 (farm)
5,1273,956,DAY 06/11/2024 - moved 6 animals from property ID 1273 (trader) to property ID 956 (farm)
5,1273,229,DAY 06/11/2024 - moved 6 animals from property ID 1273 (trader) to property ID 229 (farm)
5,1293,1842,DAY 06/11/2024 - moved 9 animals from property ID 1293 (farm) to property ID 1842 (farm)
5,1296,35,DAY 06/11/2024 - moved 7 animals from property ID 1296 (farm) to property ID 35 (farm)
5,1301,75,DAY 06/11/2024 - moved 4 animals from property ID 1301 (saleyard) to property ID 75 (farm)
5,1301,415,DAY 06/11/2024 - moved 5 animals from property ID 1301 (saleyard) to property ID 415 (trader)
5,1301,867,DAY 06/11/2024 - moved 5 animals from property ID 1301 (saleyard) to property ID 867 (feedlot)
5,1301,1574,DAY 06/11/2024 - moved 5 animals from property ID 1301 (saleyard) to property ID 1574 (farm)
5,1301,163,DAY 06/11/2024 - moved 5 animals from property ID 1301 (saleyard) to property ID 163 (farm)
5,1312,866,DAY 06/11/2024 - moved 20 animals from property ID 1312 (farm) to property ID 866 (feedlot)
5,1334,188,DAY 06/11/2024 - moved 3 animals from property ID 1334 (farm) to property ID 188 (feedlot)
5,1358,429,DAY 06/11/2024 - moved 3 animals from property ID 1358 (farm) to property ID 429 (feedlot)
5,1373,908,DAY 06/11/2024 - moved 3 animals from property ID 1373 (farm) to property ID 908 (saleyard)
5,1423,908,DAY 06/11/2024 - moved 3 animals from property ID 1423 (farm) to property ID 908 (saleyard)
5,1438,1110,DAY 06/11/2024 - moved 3 animals from property ID 1438 (farm) to property ID 1110 (feedlot)
5,1455,1885,DAY 06/11/2024 - moved 30 animals from property ID 1455 (farm) to property ID 1885 (farm)
5,1461,1635,DAY 06/11/2024 - moved 20 animals from property ID 1461 (farm) to property ID 1635 (feedlot)
5,1463,964,DAY 06/11/2024 - moved 18 animals from property ID 1463 (farm) to property ID 964 (feedlot)
5,1468,227,DAY 06/11/2024 - moved 3 animals from property ID 1468 (farm) to property ID 227 (farm)
5,1474,1273,DAY 06/11/2024 - moved 5 animals from property ID 1474 (farm) to property ID 1273 (trader)
5,1479,1255,DAY 06/11/2024 - moved 7 animals from property ID 1479 (trader) to property ID 1255 (farm)
5,1479,758,DAY 06/11/2024 - moved 7 animals from property ID 1479 (trader) to property ID 758 (feedlot)
5,1479,606,DAY 06/11/2024 - moved 7 animals from property ID 1479 (trader) to property ID 606 (farm)
5,1482,776,DAY 06/11/2024 - moved 3 animals from property ID 1482 (farm) to property ID 776 (trader)
5,1484,1487,DAY 06/11/2024 - moved 12 animals from property ID 1484 (farm) to property ID 1487 (feedlot)
5,1523,1117,DAY 06/11/2024 - moved 9 animals from property ID 1523 (farm) to property ID 1117 (farm)
5,1524,782,DAY 06/11/2024 - moved 5 animals from property ID 1524 (farm) to property ID 782 (trader)
5,1560,114,DAY 06/11/2024 - moved 7 animals from property ID 1560 (farm) to property ID 114 (farm)
5,1566,898,DAY 06/11/2024 - moved 12 animals from property ID 1566 (farm) to property ID 898 (farm)
5,1567,908,DAY 06/11/2024 - moved 7 animals from property ID 1567 (farm) to property ID 908 (saleyard)
5,1578,882,DAY 06/11/2024 - moved 13 animals from property ID 1578 (farm) to property ID 882 (farm)
5,1598,736,DAY 06/11/2024 - moved 4 animals from property ID 1598 (farm) to property ID 736 (farm)
5,1629,456,DAY 06/11/2024 - moved 3 animals from property ID 1629 (farm) to property ID 456 (farm)
5,1636,1379,DAY 06/11/2024 - moved 7 animals from property ID 1636 (farm) to property ID 1379 (feedlot)
5,1638,1110,DAY 06/11/2024 - moved 2 animals from property ID 1638 (farm) to property ID 1110 (feedlot)
5,1649,189,DAY 06/11/2024 - moved 6 animals from property ID 1649 (farm) to property ID 189 (saleyard)
5,1657,1545,DAY 06/11/2024 - moved 2 animals from property ID 1657 (farm) to property ID 1545 (farm)
5,1675,277,DAY 06/11/2024 - moved 9 animals from property ID 1675 (farm) to property ID 277 (farm)
5,1681,1768,DAY 06/11/2024 - moved 3 animals from property ID 1681 (farm) to property ID 1768 (feedlot)
5,1688,1749,DAY 06/11/2024 - moved 1 animals from property ID 1688 (farm) to property ID 1749 (farm)
5,1693,1611,DAY 06/11/2024 - moved 13 animals from property ID 1693 (farm) to property ID 1611 (farm)
5,1704,1479,DAY 06/11/2024 - moved 16 animals from property ID 1704 (farm) to property ID 1479 (trader)
5,1716,524,DAY 06/11/2024 - moved 3 animals from property ID 1716 (farm) to property ID 524 (feedlot)
5,1726,1250,DAY 06/11/2024 - moved 52 animals from property ID 1726 (farm) to property ID 1250 (farm)
5,1748,1635,DAY 06/11/2024 - moved 4 animals from property ID 1748 (farm) to property ID 1635 (feedlot)
5,1756,189,DAY 06/11/2024 - moved 5 animals from property ID 1756 (farm) to property ID 189 (saleyard)
5,1818,1264,DAY 06/11/2024 - moved 21 animals from property ID 1818 (farm) to property ID 1264 (farm)
5,1822,776,DAY 06/11/2024 - moved 1 animals from property ID 1822 (farm) to property ID 776 (trader)
5,1823,867,DAY 06/11/2024 - moved 8 animals from property ID 1823 (trader) to property ID 867 (feedlot)
5,1823,1369,DAY 06/11/2024 - moved 9 animals from property ID 1823 (trader) to property ID 1369 (farm)
5,1823,224,DAY 06/11/2024 - moved 9 animals from property ID 1823 (trader) to property ID 224 (farm)
5,1830,511,DAY 06/11/2024 - moved 4 animals from property ID 1830 (farm) to property ID 511 (farm)
5,1847,254,DAY 06/11/2024 - moved 4 animals from property ID 1847 (farm) to property ID 254 (farm)
5,1853,189,DAY 06/11/2024 - moved 11 animals from property ID 1853 (farm) to property ID 189 (saleyard)
5,1865,303,DAY 06/11/2024 - moved 6 animals from property ID 1865 (farm) to property ID 303 (farm)
5,1874,776,DAY 06/11/2024 - moved 2 animals from property ID 1874 (farm) to property ID 776 (trader)
5,1898,348,DAY 06/11/2024 - moved 13 animals from property ID 1898 (saleyard) to property ID 348 (farm)
5,1898,6,DAY 06/11/2024 - moved 13 animals from property ID 1898 (saleyard) to property ID 6 (stud farm)
5,1898,1635,DAY 06/11/2024 - moved 12 animals from property ID 1898 (saleyard) to property ID 1635 (feedlot)
5,1898,6,DAY 06/11/2024 - moved 12 animals from property ID 1898 (saleyard) to property ID 6 (stud farm)
5,1900,908,DAY 06/11/2024 - moved 5 animals from property ID 1900 (farm) to property ID 908 (saleyard)
5,1909,1273,DAY 06/11/2024 - moved 4 animals from property ID 1909 (farm) to property ID 1273 (trader)
5,1923,182,DAY 06/11/2024 - moved 21 animals from property ID 1923 (farm) to property ID 182 (farm)
5,1929,1301,DAY 06/11/2024 - moved 3 animals from property ID 1929 (farm) to property ID 1301 (saleyard)
5,1930,189,DAY 06/11/2024 - moved 33 animals from property ID 1930 (farm) to property ID 189 (saleyard)
5,1939,92,DAY 06/11/2024 - moved 3 animals from property ID 1939 (farm) to property ID 92 (trader)
5,1955,851,DAY 06/11/2024 - moved 1 animals from property ID 1955 (farm) to property ID 851 (farm)
5,1965,867,DAY 06/11/2024 - moved 1 animals from property ID 1965 (farm) to property ID 867 (feedlot)
5,1967,1855,DAY 06/11/2024 - moved 2 animals from property ID 1967 (farm) to property ID 1855 (farm)
5,1971,592,DAY 06/11/2024 - moved 2 animals from property ID 1971 (farm) to property ID 592 (farm)
5,1982,1396,DAY 06/11/2024 - moved 16 animals from property ID 1982 (farm) to property ID 1396 (farm)
5,1997,1478,DAY 06/11/2024 - moved 14 animals from property ID 1997 (farm) to property ID 1478 (farm)
6,6,908,DAY 07/11/2024 - moved 10 animals from property ID 6 (stud farm) to property ID 908 (saleyard)
6,6,776,DAY 07/11/2024 - moved 10 animals from property ID 6 (stud farm) to property ID 776 (trader)
6,7,189,DAY 07/11/2024 - moved 6 animals from property ID 7 (farm) to property ID 189 (saleyard)
6,12,188,DAY 07/11/2024 - moved 3 animals from property ID 12 (farm) to property ID 188 (feedlot)
6,23,1823,DAY 07/11/2024 - moved 5 animals from property ID 23 (farm) to property ID 1823 (trader)
6,27,1119,DAY 07/11/2024 - moved 1 animals from property ID 27 (farm) to property ID 1119 (trader)
6,30,550,DAY 07/11/2024 - moved 2 animals from property ID 30 (farm) to property ID 550 (farm)
6,46,1479,DAY 07/11/2024 - moved 6 animals from property ID 46 (farm) to property ID 1479 (trader)
6,48,1660,DAY 07/11/2024 - moved 7 animals from property ID 48 (farm) to property ID 1660 (farm)
6,87,1666,DAY 07/11/2024 - moved 4 animals from property ID 87 (farm) to property ID 1666 (feedlot)
6,88,776,DAY 07/11/2024 - moved 6 animals from property ID 88 (farm) to property ID 776 (trader)
6,90,1186,DAY 07/11/2024 - moved 8 animals from property ID 90 (farm) to property ID 1186 (farm)
6,92,159,DAY 07/11/2024 - moved 18 animals from property ID 92 (trader) to property ID 159 (farm)
6,98,620,DAY 07/11/2024 - moved 2 animals from property ID 98 (farm) to property ID 620 (farm)
6,154,459,DAY 07/11/2024 - moved 6 animals from property ID 154 (farm) to property ID 459 (farm)
6,189,453,DAY 07/11/2024 - moved 67 animals from property ID 189 (saleyard) to property ID 453 (farm)
6,204,189,DAY 07/11/2024 - moved 18 animals from property ID 204 (farm) to property ID 189 (saleyard)
6,224,1028,DAY 07/11/2024 - moved 2 animals from property ID 224 (farm) to property ID 1028 (farm)
6,239,782,DAY 07/11/2024 - moved 4 animals from property ID 239 (farm) to property ID 782 (trader)
6,262,758,DAY 07/11/2024 - moved 9 animals from property ID 262 (farm) to property ID 758 (feedlot)
6,271,415,DAY 07/11/2024 - moved 7 animals from property ID 271 (farm) to property ID 415 (trader)
6,298,209,DAY 07/11/2024 - moved 8 animals from property ID 298 (farm) to property ID 209 (farm)
6,299,1055,DAY 07/11/2024 - moved 5 animals from property ID 299 (farm) to property ID 1055 (farm)
6,300,92,DAY 07/11/2024 - moved 9 animals from property ID 300 (farm) to property ID 92 (trader)
6,307,1535,DAY 07/11/2024 - moved 2 animals from property ID 307 (farm) to property ID 1535 (farm)
6,355,92,DAY 07/11/2024 - moved 8 animals from property ID 355 (farm) to property ID 92 (trader)
6,356,1110,DAY 07/11/2024 - moved 1 animals from property ID 356 (farm) to property ID 1110 (feedlot)
6,359,1823,DAY 07/11/2024 - moved 2 animals from property ID 359 (farm) to property ID 1823 (trader)
6,373,92,DAY 07/11/2024 - moved 3 animals from property ID 373 (farm) to property ID 92 (trader)
6,377,1259,DAY 07/11/2024 - moved 19 animals from property ID 377 (farm) to property ID 1259 (farm)
6,378,1479,DAY 07/11/2024 - moved 26 animals from property ID 378 (farm) to property ID 1479 (trader)
6,389,1166,DAY 07/11/2024 - moved 14 animals from property ID 389 (farm) to property ID 1166 (farm)
6,452,376,DAY 07/11/2024 - moved 10 animals from property ID 452 (farm) to property ID 376 (farm)
6,459,425,DAY 07/11/2024 - moved 1 animals from property ID 459 (farm) to property ID 425 (feedlot)
6,467,1892,DAY 07/11/2024 - moved 1 animals from property ID 467 (farm) to property ID 1892 (farm)
6,470,1059,DAY 07/11/2024 - moved 4 animals from property ID 470 (farm) to property ID 1059 (farm)
6,473,1630,DAY 07/11/2024 - moved 7 animals from property ID 473 (farm) to property ID 1630 (farm)
6,507,70,DAY 07/11/2024 - moved 9 animals from property ID 507 (farm) to property ID 70 (farm)
6,531,1626,DAY 07/11/2024 - moved 7 animals from property ID 531 (farm) to property ID 1626 (farm)
6,542,179,DAY 07/11/2024 - moved 3 animals from property ID 542 (farm) to property ID 179 (farm)
6,553,1495,DAY 07/11/2024 - moved 21 animals from property ID 553 (farm) to property ID 1495 (farm)
6,556,1662,DAY 07/11/2024 - moved 9 animals from property ID 556 (farm) to property ID 1662 (feedlot)
6,574,1250,DAY 07/11/2024 - moved 9 animals from property ID 574 (farm) to property ID 1250 (farm)
6,578,1479,DAY 07/11/2024 - moved 4 animals from property ID 578 (farm) to property ID 1479 (trader)
6,581,415,DAY 07/11/2024 - moved 2 animals from property ID 581 (farm) to property ID 415 (trader)
6,599,416,DAY 07/11/2024 - moved 5 animals from property ID 599 (farm) to property ID 416 (farm)
6,608,1253,DAY 07/11/2024 - moved 5 animals from property ID 608 (farm) to property ID 1253 (feedlot)
6,630,1770,DAY 07/11/2024 - moved 18 animals from property ID 630 (farm) to property ID 1770 (farm)
6,639,866,DAY 07/11/2024 - moved 129 animals from property ID 639 (farm) to property ID 866 (feedlot)
6,650,292,DAY 07/11/2024 - moved 23 animals from property ID 650 (farm) to property ID 292 (farm)
6,659,1373,DAY 07/11/2024 - moved 6 animals from property ID 659 (farm) to property ID 1373 (farm)
6,663,265,DAY 07/11/2024 - moved 6 animals from property ID 663 (farm) to property ID 265 (farm)
6,670,867,DAY 07/11/2024 - moved 2 animals from property ID 670 (farm) to property ID 867 (feedlot)
6,678,1323,DAY 07/11/2024 - moved 70 animals from property ID 678 (farm) to property ID 1323 (farm)
6,680,1479,DAY 07/11/2024 - moved 23 animals from property ID 680 (farm) to property ID 1479 (trader)
6,683,867,DAY 07/11/2024 - moved 1 animals from property ID 683 (farm) to property ID 867 (feedlot)
6,690,700,DAY 07/11/2024 - moved 6 animals from property ID 690 (farm) to property ID 700 (trader)
6,696,867,DAY 07/11/2024 - moved 14 animals from property ID 696 (farm) to property ID 867 (feedlot)
6,700,1581,DAY 07/11/2024 - moved 6 animals from property ID 700 (trader) to property ID 1581 (farm)
6,700,1604,DAY 07/11/2024 - moved 6 animals from property ID 700 (trader) to property ID 1604 (farm)
6,703,700,DAY 07/11/2024 - moved 4 animals from property ID 703 (farm) to property ID 700 (trader)
6,720,6,DAY 07/11/2024 - moved 16 animals from property ID 720 (farm) to property ID 6 (stud farm)
6,723,1823,DAY 07/11/2024 - moved 4 animals from property ID 723 (farm) to property ID 1823 (trader)
6,776,167,DAY 07/11/2024 - moved 15 animals from property ID 776 (trader) to property ID 167 (farm)
6,776,1253,DAY 07/11/2024 - moved 14 animals from property ID 776 (trader) to property ID 1253 (feedlot)
6,779,866,DAY 07/11/2024 - moved 2 animals from property ID 779 (farm) to property ID 866 (feedlot)
6,782,666,DAY 07/11/2024 - moved 34 animals from property ID 782 (trader) to property ID 666 (farm)
6,793,867,DAY 07/11/2024 - moved 1 animals from property ID 793 (farm) to property ID 867 (feedlot)
6,810,1273,DAY 07/11/2024 - moved 11 animals from property ID 810 (farm) to property ID 1273 (trader)
6,812,908,DAY 07/11/2024 - moved 7 animals from property ID 812 (farm) to property ID 908 (saleyard)
6,813,789,DAY 07/11/2024 - moved 5 animals from property ID 813 (farm) to property ID 789 (farm)
6,821,1537,DAY 07/11/2024 - moved 3 animals from property ID 821 (farm) to property ID 1537 (farm)
6,832,908,DAY 07/11/2024 - moved 7 animals from property ID 832 (farm) to property ID 908 (saleyard)
6,841,1003,DAY 07/11/2024 - moved 3 animals from property ID 841 (farm) to property ID 1003 (farm)
6,848,325,DAY 07/11/2024 - moved 31 animals from property ID 848 (farm) to property ID 325 (farm)
6,870,700,DAY 07/11/2024 - moved 7 animals from property ID 870 (farm) to property ID 700 (trader)
6,899,776,DAY 07/11/2024 - moved 14 animals from property ID 899 (farm) to property ID 776 (trader)
6,904,1588,DAY 07/11/2024 - moved 5 animals from property ID 904 (trader) to property ID 1588 (farm)
6,904,288,DAY 07/11/2024 - moved 4 animals from property ID 904 (trader) to property ID 288 (farm)
6,904,1110,DAY 07/11/2024 - moved 4 animals from property ID 904 (trader) to property ID 1110 (feedlot)
6,908,366,DAY 07/11/2024 - moved 26 animals from property ID 908 (saleyard) to property ID 366 (farm)
6,909,782,DAY 07/11/2024 - moved 4 animals from property ID 909 (farm) to property ID 782 (trader)
6,923,964,DAY 07/11/2024 - moved 15 animals from property ID 923 (farm) to property ID 964 (feedlot)
6,925,700,DAY 07/11/2024 - moved 8 animals from property ID 925 (farm) to property ID 700 (trader)
6,945,867,DAY 07/11/2024 - moved 1 animals from property ID 945 (farm) to property ID 867 (feedlot)
6,954,1506,DAY 07/11/2024 - moved 10 animals from property ID 954 (farm) to property ID 1506 (farm)
6,956,77,DAY 07/11/2024 - moved 8 animals from property ID 956 (farm) to property ID 77 (farm)
6,962,1923,DAY 07/11/2024 - moved 2 animals from property ID 962 (farm) to property ID 1923 (farm)
6,982,1536,DAY 07/11/2024 - moved 12 animals from property ID 982 (farm) to property ID 1536 (feedlot)
6,992,1745,DAY 07/11/2024 - moved 3 animals from property ID 992 (farm) to property ID 1745 (farm)
6,1003,755,DAY 07/11/2024 - moved 1 animals from property ID 1003 (farm) to property ID 755 (farm)
6,1012,854,DAY 07/11/2024 - moved 24 animals from property ID 1012 (farm) to property ID 854 (farm)
6,1026,776,DAY 07/11/2024 - moved 1 animals from property ID 1026 (farm) to property ID 776 (trader)
6,1036,348,DAY 07/11/2024 - moved 1 animals from property ID 1036 (farm) to property ID 348 (farm)
6,1038,1662,DAY 07/11/2024 - moved 28 animals from property ID 1038 (farm) to property ID 1662 (feedlot)
6,1046,1080,DAY 07/11/2024 - moved 24 animals from property ID 1046 (farm) to property ID 1080 (farm)
6,1062,288,DAY 07/11/2024 - moved 2 animals from property ID 1062 (farm) to property ID 288 (farm)
6,1081,1301,DAY 07/11/2024 - moved 1 animals from property ID 1081 (farm) to property ID 1301 (saleyard)
6,1105,867,DAY 07/11/2024 - moved 9 animals from property ID 1105 (farm) to property ID 867 (feedlot)
6,1119,1301,DAY 07/11/2024 - moved 12 animals from property ID 1119 (trader) to property ID 1301 (saleyard)
6,1162,1811,DAY 07/11/2024 - moved 5 animals from property ID 1162 (farm) to property ID 1811 (farm)
6,1197,1666,DAY 07/11/2024 - moved 2 animals from property ID 1197 (farm) to property ID 1666 (feedlot)
6,1203,1078,DAY 07/11/2024 - moved 17 animals from property ID 1203 (farm) to property ID 1078 (farm)
6,1225,1270,DAY 07/11/2024 - moved 1 animals from property ID 1225 (farm) to property ID 1270 (farm)
6,1248,6,DAY 07/11/2024 - moved 12 animals from property ID 1248 (farm) to property ID 6 (stud farm)
6,1254,782,DAY 07/11/2024 - moved 6 animals from property ID 1254 (farm) to property ID 782 (trader)
6,1273,865,DAY 07/11/2024 - moved 5 animals from property ID 1273 (trader) to property ID 865 (farm)
6,1273,254,DAY 07/11/2024 - moved 6 animals from property ID 1273 (trader) to property ID 254 (farm)
6,1273,499,DAY 07/11/2024 - moved 6 animals from property ID 1273 (trader) to property ID 499 (farm)
6,1274,1869,DAY 07/11/2024 - moved 2 animals from property ID 1274 (farm) to property ID 1869 (farm)
6,1284,866,DAY 07/11/2024 - moved 11 animals from property ID 1284 (farm) to property ID 866 (feedlot)
6,1287,908,DAY 07/11/2024 - moved 2 animals from property ID 1287 (farm) to property ID 908 (saleyard)
6,1298,1898,DAY 07/11/2024 - moved 10 animals from property ID 1298 (farm) to property ID 1898 (saleyard)
6,1301,167,DAY 07/11/2024 - moved 3 animals from property ID 1301 (saleyard) to property ID 167 (farm)
6,1301,1823,DAY 07/11/2024 - moved 3 animals from property ID 1301 (saleyard) to property ID 1823 (trader)
6,1301,1119,DAY 07/11/2024 - moved 4 animals from property ID 1301 (saleyard) to property ID 1119 (trader)
6,1301,1797,DAY 07/11/2024 - moved 4 animals from property ID 1301 (saleyard) to property ID 1797 (farm)
6,1301,1457,DAY 07/11/2024 - moved 4 animals from property ID 1301 (saleyard) to property ID 1457 (farm)
6,1301,696,DAY 07/11/2024 - moved 4 animals from property ID 1301 (saleyard) to property ID 696 (farm)
6,1304,92,DAY 07/11/2024 - moved 3 animals from property ID 1304 (farm) to property ID 92 (trader)
6,1313,1273,DAY 07/11/2024 - moved 20 animals from property ID 1313 (farm) to property ID 1273 (trader)
6,1314,189,DAY 07/11/2024 - moved 3 animals from property ID 1314 (farm) to property ID 189 (saleyard)
6,1318,1273,DAY 07/11/2024 - moved 2 animals from property ID 1318 (farm) to property ID 1273 (trader)
6,1329,1342,DAY 07/11/2024 - moved 19 animals from property ID 1329 (farm) to property ID 1342 (farm)
6,1342,33,DAY 07/11/2024 - moved 30 animals from property ID 1342 (farm) to property ID 33 (farm)
6,1343,1479,DAY 07/11/2024 - moved 3 animals from property ID 1343 (farm) to property ID 1479 (trader)
6,1359,176,DAY 07/11/2024 - moved 2 animals from property ID 1359 (farm) to property ID 176 (farm)
6,1390,1273,DAY 07/11/2024 - moved 2 animals from property ID 1390 (farm) to property ID 1273 (trader)
6,1406,1823,DAY 07/11/2024 - moved 10 animals from property ID 1406 (farm) to property ID 1823 (trader)
6,1420,904,DAY 07/11/2024 - moved 3 animals from property ID 1420 (farm) to property ID 904 (trader)
6,1421,1715,DAY 07/11/2024 - moved 4 animals from property ID 1421 (farm) to property ID 1715 (farm)
6,1467,245,DAY 07/11/2024 - moved 6 animals from property ID 1467 (farm) to property ID 245 (farm)
6,1475,947,DAY 07/11/2024 - moved 6 animals from property ID 1475 (farm) to property ID 947 (farm)
6,1495,1479,DAY 07/11/2024 - moved 10 animals from property ID 1495 (farm) to property ID 1479 (trader)
6,1498,1941,DAY 07/11/2024 - moved 3 animals from property ID 1498 (farm) to property ID 1941 (farm)
6,1512,1438,DAY 07/11/2024 - moved 2 animals from property ID 1512 (farm) to property ID 1438 (farm)
6,1532,1786,DAY 07/11/2024 - moved 1 animals from property ID 1532 (farm) to property ID 1786 (farm)
6,1533,1273,DAY 07/11/2024 - moved 3 animals from property ID 1533 (farm) to property ID 1273 (trader)
6,1550,1253,DAY 07/11/2024 - moved 4 animals from property ID 1550 (farm) to property ID 1253 (feedlot)
6,1551,1349,DAY 07/11/2024 - moved 3 animals from property ID 1551 (farm) to property ID 1349 (farm)
6,1568,1163,DAY 07/11/2024 - moved 2 animals from property ID 1568 (farm) to property ID 1163 (farm)
6,1571,103,DAY 07/11/2024 - moved 10 animals from property ID 1571 (farm) to property ID 103 (farm)
6,1590,1199,DAY 07/11/2024 - moved 5 animals from property ID 1590 (farm) to property ID 1199 (farm)
6,1593,866,DAY 07/11/2024 - moved 10 animals from property ID 1593 (farm) to property ID 866 (feedlot)
6,1600,211,DAY 07/11/2024 - moved 27 animals from property ID 1600 (farm) to property ID 211 (farm)
6,1608,776,DAY 07/11/2024 - moved 1 animals from property ID 1608 (farm) to property ID 776 (trader)
6,1615,758,DAY 07/11/2024 - moved 7 animals from property ID 1615 (farm) to property ID 758 (feedlot)
6,1624,493,DAY 07/11/2024 - moved 61 animals from property ID 1624 (farm) to property ID 493 (farm)
6,1639,776,DAY 07/11/2024 - moved 20 animals from property ID 1639 (farm) to property ID 776 (trader)
6,1641,799,DAY 07/11/2024 - moved 5 animals from property ID 1641 (farm) to property ID 799 (farm)
6,1668,866,DAY 07/11/2024 - moved 37 animals from property ID 1668 (farm) to property ID 866 (feedlot)
6,1685,1478,DAY 07/11/2024 - moved 15 animals from property ID 1685 (farm) to property ID 1478 (farm)
6,1691,1884,DAY 07/11/2024 - moved 4 animals from property ID 1691 (farm) to property ID 1884 (farm)
6,1695,547,DAY 07/11/2024 - moved 3 animals from property ID 1695 (farm) to property ID 547 (farm)
6,1697,776,DAY 07/11/2024 - moved 2 animals from property ID 1697 (farm) to property ID 776 (trader)
6,1714,294,DAY 07/11/2024 - moved 1 animals from property ID 1714 (farm) to property ID 294 (farm)
6,1720,866,DAY 07/11/2024 - moved 1 animals from property ID 1720 (farm) to property ID 866 (feedlot)
6,1721,758,DAY 07/11/2024 - moved 39 animals from property ID 1721 (farm) to property ID 758 (feedlot)
6,1745,1110,DAY 07/11/2024 - moved 5 animals from property ID 1745 (farm) to property ID 1110 (feedlot)
6,1749,1768,DAY 07/11/2024 - moved 8 animals from property ID 1749 (farm) to property ID 1768 (feedlot)
6,1773,92,DAY 07/11/2024 - moved 6 animals from property ID 1773 (farm) to property ID 92 (trader)
6,1779,560,DAY 07/11/2024 - moved 20 animals from property ID 1779 (farm) to property ID 560 (farm)
6,1806,1536,DAY 07/11/2024 - moved 8 animals from property ID 1806 (farm) to property ID 1536 (feedlot)
6,1819,264,DAY 07/11/2024 - moved 2 animals from property ID 1819 (farm) to property ID 264 (feedlot)
6,1823,867,DAY 07/11/2024 - moved 22 animals from property ID 1823 (trader) to property ID 867 (feedlot)
6,1826,1110,DAY 07/11/2024 - moved 7 animals from property ID 1826 (farm) to property ID 1110 (feedlot)
6,1878,24,DAY 07/11/2024 - moved 27 animals from property ID 1878 (farm) to property ID 24 (farm)
6,1881,1273,DAY 07/11/2024 - moved 7 animals from property ID 1881 (farm) to property ID 1273 (trader)
6,1884,1841,DAY 07/11/2024 - moved 3 animals from property ID 1884 (farm) to property ID 1841 (farm)
6,1898,908,DAY 07/11/2024 - moved 20 animals from property ID 1898 (saleyard) to property ID 908 (saleyard)
6,1898,1487,DAY 07/11/2024 - moved 20 animals from property ID 1898 (saleyard) to property ID 1487 (feedlot)
6,1918,431,DAY 07/11/2024 - moved 25 animals from property ID 1918 (farm) to property ID 431 (farm)
6,1922,904,DAY 07/11/2024 - moved 3 animals from property ID 1922 (farm) to property ID 904 (trader)
6,1927,92,DAY 07/11/2024 - moved 7 animals from property ID 1927 (farm) to property ID 92 (trader)
6,1932,782,DAY 07/11/2024 - moved 8 animals from property ID 1932 (farm) to property ID 782 (trader)
6,1936,1259,DAY 07/11/2024 - moved 2 animals from property ID 1936 (farm) to property ID 1259 (farm)
6,1942,1110,DAY 07/11/2024 - moved 4 animals from property ID 1942 (farm) to property ID 1110 (feedlot)
6,1948,1768,DAY 07/11/2024 - moved 19 animals from property ID 1948 (farm) to property ID 1768 (feedlot)
6,1953,524,DAY 07/11/2024 - moved 4 animals from property ID 1953 (farm) to property ID 524 (feedlot)
6,1954,1379,DAY 07/11/2024 - moved 1 animals from property ID 1954 (farm) to property ID 1379 (feedlot)
6,1990,1625,DAY 07/11/2024 - moved 5 animals from property ID 1990 (farm) to property ID 1625 (farm)
6,1998,189,DAY 07/11/2024 - moved 10 animals from property ID 1998 (farm) to property ID 189 (saleyard)
7,6,1898,DAY 08/11/2024 - moved 5 animals from property ID 6 (stud farm) to property ID 1898 (saleyard)
7,6,908,DAY 08/11/2024 - moved 5 animals from property ID 6 (stud farm) to property ID 908 (saleyard)
7,6,1627,DAY 08/11/2024 - moved 6 animals from property ID 6 (stud farm) to property ID 1627 (farm)
7,6,1734,DAY 08/11/2024 - moved 6 animals from property ID 6 (stud farm) to property ID 1734 (farm)
7,43,867,DAY 08/11/2024 - moved 3 animals from property ID 43 (farm) to property ID 867 (feedlot)
7,49,776,DAY 08/11/2024 - moved 2 animals from property ID 49 (farm) to property ID 776 (trader)
7,73,1479,DAY 08/11/2024 - moved 10 animals from property ID 73 (farm) to property ID 1479 (trader)
7,76,1253,DAY 08/11/2024 - moved 1 animals from property ID 76 (farm) to property ID 1253 (feedlot)
7,77,264,DAY 08/11/2024 - moved 10 animals from property ID 77 (farm) to property ID 264 (feedlot)
7,91,944,DAY 08/11/2024 - moved 4 animals from property ID 91 (farm) to property ID 944 (farm)
7,92,866,DAY 08/11/2024 - moved 11 animals from property ID 92 (trader) to property ID 866 (feedlot)
7,92,1539,DAY 08/11/2024 - moved 10 animals from property ID 92 (trader) to property ID 1539 (farm)
7,100,1127,DAY 08/11/2024 - moved 8 animals from property ID 100 (farm) to property ID 1127 (farm)
7,103,782,DAY 08/11/2024 - moved 3 animals from property ID 103 (farm) to property ID 782 (trader)
7,106,553,DAY 08/11/2024 - moved 10 animals from property ID 106 (farm) to property ID 553 (farm)
7,113,1273,DAY 08/11/2024 - moved 7 animals from property ID 113 (farm) to property ID 1273 (trader)
7,115,1768,DAY 08/11/2024 - moved 2 animals from property ID 115 (farm) to property ID 1768 (feedlot)
7,125,1273,DAY 08/11/2024 - moved 10 animals from property ID 125 (farm) to property ID 1273 (trader)
7,134,1109,DAY 08/11/2024 - moved 9 animals from property ID 134 (farm) to property ID 1109 (feedlot)
7,141,867,DAY 08/11/2024 - moved 6 animals from property ID 141 (farm) to property ID 867 (feedlot)
7,167,1301,DAY 08/11/2024 - moved 18 animals from property ID 167 (farm) to property ID 1301 (saleyard)
7,173,1279,DAY 08/11/2024 - moved 4 animals from property ID 173 (farm) to property ID 1279 (farm)
7,177,767,DAY 08/11/2024 - moved 4 animals from property ID 177 (farm) to property ID 767 (farm)
7,179,189,DAY 08/11/2024 - moved 9 animals from property ID 179 (farm) to property ID 189 (saleyard)
7,181,908,DAY 08/11/2024 - moved 1 animals from property ID 181 (farm) to property ID 908 (saleyard)
7,202,1348,DAY 08/11/2024 - moved 4 animals from property ID 202 (farm) to property ID 1348 (farm)
7,219,1885,DAY 08/11/2024 - moved 22 animals from property ID 219 (farm) to property ID 1885 (farm)
7,230,1308,DAY 08/11/2024 - moved 3 animals from property ID 230 (farm) to property ID 1308 (farm)
7,236,1422,DAY 08/11/2024 - moved 5 animals from property ID 236 (farm) to property ID 1422 (farm)
7,241,1109,DAY 08/11/2024 - moved 1 animals from property ID 241 (farm) to property ID 1109 (feedlot)
7,245,776,DAY 08/11/2024 - moved 9 animals from property ID 245 (farm) to property ID 776 (trader)
7,256,908,DAY 08/11/2024 - moved 4 animals from property ID 256 (farm) to property ID 908 (saleyard)
7,259,830,DAY 08/11/2024 - moved 10 animals from property ID 259 (farm) to property ID 830 (farm)
7,266,758,DAY 08/11/2024 - moved 4 animals from property ID 266 (farm) to property ID 758 (feedlot)
7,276,1891,DAY 08/11/2024 - moved 3 animals from property ID 276 (farm) to property ID 1891 (farm)
7,311,188,DAY 08/11/2024 - moved 1 animals from property ID 311 (farm) to property ID 188 (feedlot)
7,330,908,DAY 08/11/2024 - moved 4 animals from property ID 330 (farm) to property ID 908 (saleyard)
7,347,1522,DAY 08/11/2024 - moved 4 animals from property ID 347 (farm) to property ID 1522 (farm)
7,357,1109,DAY 08/11/2024 - moved 2 animals from property ID 357 (farm) to property ID 1109 (feedlot)
7,365,380,DAY 08/11/2024 - moved 6 animals from property ID 365 (farm) to property ID 380 (farm)
7,375,908,DAY 08/11/2024 - moved 4 animals from property ID 375 (farm) to property ID 908 (saleyard)
7,379,1650,DAY 08/11/2024 - moved 4 animals from property ID 379 (farm) to property ID 1650 (farm)
7,392,1635,DAY 08/11/2024 - moved 10 animals from property ID 392 (farm) to property ID 1635 (feedlot)
7,399,1917,DAY 08/11/2024 - moved 5 animals from property ID 399 (farm) to property ID 1917 (farm)
7,401,6,DAY 08/11/2024 - moved 1 animals from property ID 401 (farm) to property ID 6 (stud farm)
7,412,782,DAY 08/11/2024 - moved 9 animals from property ID 412 (farm) to property ID 782 (trader)
7,433,758,DAY 08/11/2024 - moved 4 animals from property ID 433 (farm) to property ID 758 (feedlot)
7,462,1768,DAY 08/11/2024 - moved 14 animals from property ID 462 (farm) to property ID 1768 (feedlot)
7,471,839,DAY 08/11/2024 - moved 12 animals from property ID 471 (farm) to property ID 839 (farm)
7,508,1110,DAY 08/11/2024 - moved 11 animals from property ID 508 (farm) to property ID 1110 (feedlot)
7,510,1110,DAY 08/11/2024 - moved 3 animals from property ID 510 (farm) to property ID 1110 (feedlot)
7,518,1273,DAY 08/11/2024 - moved 4 animals from property ID 518 (farm) to property ID 1273 (trader)
7,521,493,DAY 08/11/2024 - moved 4 animals from property ID 521 (farm) to property ID 493 (farm)
7,533,693,DAY 08/11/2024 - moved 5 animals from property ID 533 (farm) to property ID 693 (farm)
7,535,1279,DAY 08/11/2024 - moved 54 animals from property ID 535 (farm) to property ID 1279 (farm)
7,544,1301,DAY 08/11/2024 - moved 1 animals from property ID 544 (farm) to property ID 1301 (saleyard)
7,548,1547,DAY 08/11/2024 - moved 21 animals from property ID 548 (farm) to property ID 1547 (farm)
7,576,1031,DAY 08/11/2024 - moved 2 animals from property ID 576 (farm) to property ID 1031 (farm)
7,586,1119,DAY 08/11/2024 - moved 5 animals from property ID 586 (farm) to property ID 1119 (trader)
7,603,270,DAY 08/11/2024 - moved 4 animals from property ID 603 (farm) to property ID 270 (farm)
7,622,1816,DAY 08/11/2024 - moved 17 animals from property ID 622 (farm) to property ID 1816 (farm)
7,626,1807,DAY 08/11/2024 - moved 15 animals from property ID 626 (farm) to property ID 1807 (farm)
7,646,705,DAY 08/11/2024 - moved 16 animals from property ID 646 (farm) to property ID 705 (farm)
7,660,380,DAY 08/11/2024 - moved 15 animals from property ID 660 (farm) to property ID 380 (farm)
7,674,425,DAY 08/11/2024 - moved 9 animals from property ID 674 (farm) to property ID 425 (feedlot)
7,689,1040,DAY 08/11/2024 - moved 15 animals from property ID 689 (farm) to property ID 1040 (farm)
7,699,561,DAY 08/11/2024 - moved 13 animals from property ID 699 (farm) to property ID 561 (farm)
7,700,1110,DAY 08/11/2024 - moved 4 animals from property ID 700 (trader) to property ID 1110 (feedlot)
7,700,454,DAY 08/11/2024 - moved 5 animals from property ID 700 (trader) to property ID 454 (farm)
7,700,264,DAY 08/11/2024 - moved 5 animals from property ID 700 (trader) to property ID 264 (feedlot)
7,716,6,DAY 08/11/2024 - moved 5 animals from property ID 716 (farm) to property ID 6 (stud farm)
7,735,6,DAY 08/11/2024 - moved 2 animals from property ID 735 (farm) to property ID 6 (stud farm)
7,759,356,DAY 08/11/2024 - moved 8 animals from property ID 759 (farm) to property ID 356 (farm)
7,776,1635,DAY 08/11/2024 - moved 12 animals from property ID 776 (trader) to property ID 1635 (feedlot)
7,776,1635,DAY 08/11/2024 - moved 11 animals from property ID 776 (trader) to property ID 1635 (feedlot)
7,776,1213,DAY 08/11/2024 - moved 11 animals from property ID 776 (trader) to property ID 1213 (farm)
7,782,832,DAY 08/11/2024 - moved 10 animals from property ID 782 (trader) to property ID 832 (farm)
7,782,864,DAY 08/11/2024 - moved 11 animals from property ID 782 (trader) to property ID 864 (farm)
7,782,458,DAY 08/11/2024 - moved 11 animals from property ID 782 (trader) to property ID 458 (abbattoir)
7,785,1379,DAY 08/11/2024 - moved 2 animals from property ID 785 (farm) to property ID 1379 (feedlot)
7,790,1301,DAY 08/11/2024 - moved 2 animals from property ID 790 (farm) to property ID 1301 (saleyard)
7,808,206,DAY 08/11/2024 - moved 7 animals from property ID 808 (farm) to property ID 206 (farm)
7,838,1808,DAY 08/11/2024 - moved 6 animals from property ID 838 (farm) to property ID 1808 (farm)
7,842,39,DAY 08/11/2024 - moved 5 animals from property ID 842 (farm) to property ID 39 (farm)
7,843,867,DAY 08/11/2024 - moved 2 animals from property ID 843 (farm) to property ID 867 (feedlot)
7,844,415,DAY 08/11/2024 - moved 4 animals from property ID 844 (farm) to property ID 415 (trader)
7,869,1872,DAY 08/11/2024 - moved 32 animals from property ID 869 (farm) to property ID 1872 (farm)
7,874,636,DAY 08/11/2024 - moved 8 animals from property ID 874 (farm) to property ID 636 (farm)
7,886,1993,DAY 08/11/2024 - moved 9 animals from property ID 886 (farm) to property ID 1993 (farm)
7,891,1301,DAY 08/11/2024 - moved 14 animals from property ID 891 (farm) to property ID 1301 (saleyard)
7,908,776,DAY 08/11/2024 - moved 10 animals from property ID 908 (saleyard) to property ID 776 (trader)
7,908,1898,DAY 08/11/2024 - moved 10 animals from property ID 908 (saleyard) to property ID 1898 (saleyard)
7,908,66,DAY 08/11/2024 - moved 10 animals from property ID 908 (saleyard) to property ID 66 (farm)
7,912,98,DAY 08/11/2024 - moved 27 animals from property ID 912 (farm) to property ID 98 (farm)
7,941,293,DAY 08/11/2024 - moved 1 animals from property ID 941 (farm) to property ID 293 (farm)
7,978,1273,DAY 08/11/2024 - moved 2 animals from property ID 978 (farm) to property ID 1273 (trader)
7,980,1121,DAY 08/11/2024 - moved 10 animals from property ID 980 (farm) to property ID 1121 (farm)
7,986,964,DAY 08/11/2024 - moved 3 animals from property ID 986 (farm) to property ID 964 (feedlot)
7,989,1459,DAY 08/11/2024 - moved 5 animals from property ID 989 (farm) to property ID 1459 (farm)
7,997,308,DAY 08/11/2024 - moved 4 animals from property ID 997 (farm) to property ID 308 (farm)
7,1019,1666,DAY 08/11/2024 - moved 8 animals from property ID 1019 (farm) to property ID 1666 (feedlot)
7,1021,1253,DAY 08/11/2024 - moved 1 animals from property ID 1021 (farm) to property ID 1253 (feedlot)
7,1031,786,DAY 08/11/2024 - moved 14 animals from property ID 1031 (farm) to property ID 786 (farm)
7,1044,1571,DAY 08/11/2024 - moved 11 animals from property ID 1044 (farm) to property ID 1571 (farm)
7,1068,1273,DAY 08/11/2024 - moved 5 animals from property ID 1068 (farm) to property ID 1273 (trader)
7,1074,782,DAY 08/11/2024 - moved 2 animals from property ID 1074 (farm) to property ID 782 (trader)
7,1077,1768,DAY 08/11/2024 - moved 5 animals from property ID 1077 (farm) to property ID 1768 (feedlot)
7,1088,661,DAY 08/11/2024 - moved 4 animals from property ID 1088 (farm) to property ID 661 (farm)
7,1094,867,DAY 08/11/2024 - moved 1 animals from property ID 1094 (farm) to property ID 867 (feedlot)
7,1114,189,DAY 08/11/2024 - moved 8 animals from property ID 1114 (farm) to property ID 189 (saleyard)
7,1119,1301,DAY 08/11/2024 - moved 5 animals from property ID 1119 (trader) to property ID 1301 (saleyard)
7,1119,1109,DAY 08/11/2024 - moved 6 animals from property ID 1119 (trader) to property ID 1109 (feedlot)
7,1144,1479,DAY 08/11/2024 - moved 26 animals from property ID 1144 (farm) to property ID 1479 (trader)
7,1165,644,DAY 08/11/2024 - moved 22 animals from property ID 1165 (farm) to property ID 644 (farm)
7,1185,92,DAY 08/11/2024 - moved 12 animals from property ID 1185 (farm) to property ID 92 (trader)
7,1273,985,DAY 08/11/2024 - moved 23 animals from property ID 1273 (trader) to property ID 985 (farm)
7,1275,1253,DAY 08/11/2024 - moved 1 animals from property ID 1275 (farm) to property ID 1253 (feedlot)
7,1282,1666,DAY 08/11/2024 - moved 1 animals from property ID 1282 (farm) to property ID 1666 (feedlot)
7,1295,776,DAY 08/11/2024 - moved 2 animals from property ID 1295 (farm) to property ID 776 (trader)
7,1297,1875,DAY 08/11/2024 - moved 3 animals from property ID 1297 (farm) to property ID 1875 (farm)
7,1301,867,DAY 08/11/2024 - moved 6 animals from property ID 1301 (saleyard) to property ID 867 (feedlot)
7,1301,1574,DAY 08/11/2024 - moved 5 animals from property ID 1301 (saleyard) to property ID 1574 (farm)
7,1301,1239,DAY 08/11/2024 - moved 5 animals from property ID 1301 (saleyard) to property ID 1239 (farm)
7,1301,665,DAY 08/11/2024 - moved 5 animals from property ID 1301 (saleyard) to property ID 665 (farm)
7,1305,1119,DAY 08/11/2024 - moved 1 animals from property ID 1305 (farm) to property ID 1119 (trader)
7,1307,1569,DAY 08/11/2024 - moved 16 animals from property ID 1307 (farm) to property ID 1569 (farm)
7,1326,866,DAY 08/11/2024 - moved 2 animals from property ID 1326 (farm) to property ID 866 (feedlot)
7,1327,1818,DAY 08/11/2024 - moved 4 animals from property ID 1327 (farm) to property ID 1818 (farm)
7,1335,283,DAY 08/11/2024 - moved 6 animals from property ID 1335 (farm) to property ID 283 (farm)
7,1336,700,DAY 08/11/2024 - moved 11 animals from property ID 1336 (farm) to property ID 700 (trader)
7,1337,189,DAY 08/11/2024 - moved 4 animals from property ID 1337 (farm) to property ID 189 (saleyard)
7,1363,776,DAY 08/11/2024 - moved 5 animals from property ID 1363 (farm) to property ID 776 (trader)
7,1365,280,DAY 08/11/2024 - moved 6 animals from property ID 1365 (farm) to property ID 280 (farm)
7,1377,1953,DAY 08/11/2024 - moved 10 animals from property ID 1377 (farm) to property ID 1953 (farm)
7,1401,1635,DAY 08/11/2024 - moved 6 animals from property ID 1401 (farm) to property ID 1635 (feedlot)
7,1413,189,DAY 08/11/2024 - moved 4 animals from property ID 1413 (farm) to property ID 189 (saleyard)
7,1436,333,DAY 08/11/2024 - moved 3 animals from property ID 1436 (farm) to property ID 333 (farm)
7,1439,776,DAY 08/11/2024 - moved 2 animals from property ID 1439 (farm) to property ID 776 (trader)
7,1454,399,DAY 08/11/2024 - moved 28 animals from property ID 1454 (farm) to property ID 399 (farm)
7,1476,1033,DAY 08/11/2024 - moved 7 animals from property ID 1476 (farm) to property ID 1033 (farm)
7,1479,1547,DAY 08/11/2024 - moved 13 animals from property ID 1479 (trader) to property ID 1547 (farm)
7,1479,26,DAY 08/11/2024 - moved 12 animals from property ID 1479 (trader) to property ID 26 (farm)
7,1479,758,DAY 08/11/2024 - moved 12 animals from property ID 1479 (trader) to property ID 758 (feedlot)
7,1490,866,DAY 08/11/2024 - moved 1 animals from property ID 1490 (farm) to property ID 866 (feedlot)
7,1558,951,DAY 08/11/2024 - moved 9 animals from property ID 1558 (farm) to property ID 951 (farm)
7,1559,866,DAY 08/11/2024 - moved 8 animals from property ID 1559 (farm) to property ID 866 (feedlot)
7,1588,700,DAY 08/11/2024 - moved 2 animals from property ID 1588 (farm) to property ID 700 (trader)
7,1599,1666,DAY 08/11/2024 - moved 9 animals from property ID 1599 (farm) to property ID 1666 (feedlot)
7,1609,264,DAY 08/11/2024 - moved 18 animals from property ID 1609 (farm) to property ID 264 (feedlot)
7,1647,866,DAY 08/11/2024 - moved 37 animals from property ID 1647 (farm) to property ID 866 (feedlot)
7,1653,1479,DAY 08/11/2024 - moved 5 animals from property ID 1653 (farm) to property ID 1479 (trader)
7,1699,1479,DAY 08/11/2024 - moved 6 animals from property ID 1699 (farm) to property ID 1479 (trader)
7,1713,1318,DAY 08/11/2024 - moved 1 animals from property ID 1713 (farm) to property ID 1318 (farm)
7,1724,908,DAY 08/11/2024 - moved 3 animals from property ID 1724 (farm) to property ID 908 (saleyard)
7,1725,1666,DAY 08/11/2024 - moved 2 animals from property ID 1725 (farm) to property ID 1666 (feedlot)
7,1729,429,DAY 08/11/2024 - moved 7 animals from property ID 1729 (farm) to property ID 429 (feedlot)
7,1739,908,DAY 08/11/2024 - moved 1 animals from property ID 1739 (farm) to property ID 908 (saleyard)
7,1751,1110,DAY 08/11/2024 - moved 1 animals from property ID 1751 (farm) to property ID 1110 (feedlot)
7,1752,776,DAY 08/11/2024 - moved 1 animals from property ID 1752 (farm) to property ID 776 (trader)
7,1766,866,DAY 08/11/2024 - moved 6 animals from property ID 1766 (farm) to property ID 866 (feedlot)
7,1778,1109,DAY 08/11/2024 - moved 1 animals from property ID 1778 (farm) to property ID 1109 (feedlot)
7,1789,1953,DAY 08/11/2024 - moved 7 animals from property ID 1789 (farm) to property ID 1953 (farm)
7,1790,1301,DAY 08/11/2024 - moved 3 animals from property ID 1790 (farm) to property ID 1301 (saleyard)
7,1791,776,DAY 08/11/2024 - moved 5 animals from property ID 1791 (farm) to property ID 776 (trader)
7,1797,1301,DAY 08/11/2024 - moved 5 animals from property ID 1797 (farm) to property ID 1301 (saleyard)
7,1798,1316,DAY 08/11/2024 - moved 2 animals from property ID 1798 (farm) to property ID 1316 (farm)
7,1820,524,DAY 08/11/2024 - moved 2 animals from property ID 1820 (farm) to property ID 524 (feedlot)
7,1846,776,DAY 08/11/2024 - moved 1 animals from property ID 1846 (farm) to property ID 776 (trader)
7,1851,866,DAY 08/11/2024 - moved 5 animals from property ID 1851 (farm) to property ID 866 (feedlot)
7,1863,776,DAY 08/11/2024 - moved 2 animals from property ID 1863 (farm) to property ID 776 (trader)
7,1869,1635,DAY 08/11/2024 - moved 2 animals from property ID 1869 (farm) to property ID 1635 (feedlot)
7,1875,1460,DAY 08/11/2024 - moved 38 animals from property ID 1875 (farm) to property ID 1460 (farm)
7,1879,401,DAY 08/11/2024 - moved 12 animals from property ID 1879 (farm) to property ID 401 (farm)
7,1887,776,DAY 08/11/2024 - moved 1 animals from property ID 1887 (farm) to property ID 776 (trader)
7,1889,867,DAY 08/11/2024 - moved 2 animals from property ID 1889 (farm) to property ID 867 (feedlot)
7,1898,6,DAY 08/11/2024 - moved 17 animals from property ID 1898 (saleyard) to property ID 6 (stud farm)
7,1898,41,DAY 08/11/2024 - moved 17 animals from property ID 1898 (saleyard) to property ID 41 (farm)
7,1910,1307,DAY 08/11/2024 - moved 5 animals from property ID 1910 (farm) to property ID 1307 (farm)
7,1913,489,DAY 08/11/2024 - moved 3 animals from property ID 1913 (farm) to property ID 489 (farm)
7,1916,864,DAY 08/11/2024 - moved 30 animals from property ID 1916 (farm) to property ID 864 (farm)
7,1917,782,DAY 08/11/2024 - moved 2 animals from property ID 1917 (farm) to property ID 782 (trader)
7,1931,92,DAY 08/11/2024 - moved 6 animals from property ID 1931 (farm) to property ID 92 (trader)
7,1940,1273,DAY 08/11/2024 - moved 4 animals from property ID 1940 (farm) to property ID 1273 (trader)
7,1957,1630,DAY 08/11/2024 - moved 4 animals from property ID 1957 (farm) to property ID 1630 (farm)
8,0,1666,DAY 09/11/2024 - moved 42 animals from property ID 0 (farm) to property ID 1666 (feedlot)
8,14,867,DAY 09/11/2024 - moved 13 animals from property ID 14 (farm) to property ID 867 (feedlot)
8,28,1273,DAY 09/11/2024 - moved 2 animals from property ID 28 (farm) to property ID 1273 (trader)
8,34,1121,DAY 09/11/2024 - moved 8 animals from property ID 34 (farm) to property ID 1121 (farm)
8,39,1418,DAY 09/11/2024 - moved 1 animals from property ID 39 (farm) to property ID 1418 (farm)
8,44,1253,DAY 09/11/2024 - moved 2 animals from property ID 44 (farm) to property ID 1253 (feedlot)
8,59,189,DAY 09/11/2024 - moved 12 animals from property ID 59 (farm) to property ID 189 (saleyard)
8,81,92,DAY 09/11/2024 - moved 6 animals from property ID 81 (farm) to property ID 92 (trader)
8,92,794,DAY 09/11/2024 - moved 7 animals from property ID 92 (trader) to property ID 794 (farm)
8,92,1139,DAY 09/11/2024 - moved 7 animals from property ID 92 (trader) to property ID 1139 (farm)
8,92,1539,DAY 09/11/2024 - moved 7 animals from property ID 92 (trader) to property ID 1539 (farm)
8,99,6,DAY 09/11/2024 - moved 1 animals from property ID 99 (farm) to property ID 6 (stud farm)
8,121,1654,DAY 09/11/2024 - moved 2 animals from property ID 121 (farm) to property ID 1654 (farm)
8,148,866,DAY 09/11/2024 - moved 7 animals from property ID 148 (farm) to property ID 866 (feedlot)
8,149,234,DAY 09/11/2024 - moved 4 animals from property ID 149 (farm) to property ID 234 (farm)
8,152,1479,DAY 09/11/2024 - moved 8 animals from property ID 152 (farm) to property ID 1479 (trader)
8,174,166,DAY 09/11/2024 - moved 4 animals from property ID 174 (farm) to property ID 166 (farm)
8,183,736,DAY 09/11/2024 - moved 2 animals from property ID 183 (farm) to property ID 736 (farm)
8,206,1635,DAY 09/11/2024 - moved 8 animals from property ID 206 (farm) to property ID 1635 (feedlot)
8,238,758,DAY 09/11/2024 - moved 45 animals from property ID 238 (farm) to property ID 758 (feedlot)
8,248,700,DAY 09/11/2024 - moved 4 animals from property ID 248 (farm) to property ID 700 (trader)
8,252,1504,DAY 09/11/2024 - moved 1 animals from property ID 252 (farm) to property ID 1504 (farm)
8,254,1273,DAY 09/11/2024 - moved 1 animals from property ID 254 (farm) to property ID 1273 (trader)
8,257,1301,DAY 09/11/2024 - moved 3 animals from property ID 257 (farm) to property ID 1301 (saleyard)
8,269,1301,DAY 09/11/2024 - moved 1 animals from property ID 269 (farm) to property ID 1301 (saleyard)
8,274,1301,DAY 09/11/2024 - moved 3 animals from property ID 274 (farm) to property ID 1301 (saleyard)
8,305,587,DAY 09/11/2024 - moved 9 animals from property ID 305 (farm) to property ID 587 (farm)
8,306,1823,DAY 09/11/2024 - moved 3 animals from property ID 306 (farm) to property ID 1823 (trader)
8,309,1662,DAY 09/11/2024 - moved 6 animals from property ID 309 (farm) to property ID 1662 (feedlot)
8,310,282,DAY 09/11/2024 - moved 1 animals from property ID 310 (farm) to property ID 282 (farm)
8,315,1273,DAY 09/11/2024 - moved 1 animals from property ID 315 (farm) to property ID 1273 (trader)
8,319,908,DAY 09/11/2024 - moved 30 animals from property ID 319 (farm) to property ID 908 (saleyard)
8,320,1954,DAY 09/11/2024 - moved 1 animals from property ID 320 (farm) to property ID 1954 (farm)
8,332,1253,DAY 09/11/2024 - moved 11 animals from property ID 332 (farm) to property ID 1253 (feedlot)
8,351,1653,DAY 09/11/2024 - moved 3 animals from property ID 351 (farm) to property ID 1653 (farm)
8,396,366,DAY 09/11/2024 - moved 8 animals from property ID 396 (farm) to property ID 366 (farm)
8,407,700,DAY 09/11/2024 - moved 6 animals from property ID 407 (farm) to property ID 700 (trader)
8,415,673,DAY 09/11/2024 - moved 7 animals from property ID 415 (trader) to property ID 673 (farm)
8,415,1301,DAY 09/11/2024 - moved 6 animals from property ID 415 (trader) to property ID 1301 (saleyard)
8,442,867,DAY 09/11/2024 - moved 1 animals from property ID 442 (farm) to property ID 867 (feedlot)
8,449,1301,DAY 09/11/2024 - moved 4 animals from property ID 449 (farm) to property ID 1301 (saleyard)
8,468,1273,DAY 09/11/2024 - moved 8 animals from property ID 468 (farm) to property ID 1273 (trader)
8,483,264,DAY 09/11/2024 - moved 15 animals from property ID 483 (farm) to property ID 264 (feedlot)
8,485,1379,DAY 09/11/2024 - moved 1 animals from property ID 485 (farm) to property ID 1379 (feedlot)
8,488,776,DAY 09/11/2024 - moved 1 animals from property ID 488 (farm) to property ID 776 (trader)
8,502,1399,DAY 09/11/2024 - moved 5 animals from property ID 502 (farm) to property ID 1399 (farm)
8,505,1794,DAY 09/11/2024 - moved 1 animals from property ID 505 (farm) to property ID 1794 (farm)
8,517,1702,DAY 09/11/2024 - moved 10 animals from property ID 517 (farm) to property ID 1702 (farm)
8,547,1110,DAY 09/11/2024 - moved 3 animals from property ID 547 (farm) to property ID 1110 (feedlot)
8,561,866,DAY 09/11/2024 - moved 16 animals from property ID 561 (farm) to property ID 866 (feedlot)
8,577,1619,DAY 09/11/2024 - moved 8 animals from property ID 577 (farm) to property ID 1619 (farm)
8,579,1334,DAY 09/11/2024 - moved 4 animals from property ID 579 (farm) to property ID 1334 (farm)
8,589,776,DAY 09/11/2024 - moved 2 animals from property ID 589 (farm) to property ID 776 (trader)
8,597,189,DAY 09/11/2024 - moved 4 animals from property ID 597 (farm) to property ID 189 (saleyard)
8,605,1823,DAY 09/11/2024 - moved 5 animals from property ID 605 (farm) to property ID 1823 (trader)
8,616,458,DAY 09/11/2024 - moved 13 animals from property ID 616 (farm) to property ID 458 (abbattoir)
8,620,253,DAY 09/11/2024 - moved 3 animals from property ID 620 (farm) to property ID 253 (farm)
8,629,1482,DAY 09/11/2024 - moved 8 animals from property ID 629 (farm) to property ID 1482 (farm)
8,673,415,DAY 09/11/2024 - moved 5 animals from property ID 673 (farm) to property ID 415 (trader)
8,677,62,DAY 09/11/2024 - moved 5 animals from property ID 677 (farm) to property ID 62 (farm)
8,684,1119,DAY 09/11/2024 - moved 1 animals from property ID 684 (farm) to property ID 1119 (trader)
8,700,1109,DAY 09/11/2024 - moved 4 animals from property ID 700 (trader) to property ID 1109 (feedlot)
8,700,1826,DAY 09/11/2024 - moved 5 animals from property ID 700 (trader) to property ID 1826 (farm)
8,700,1110,DAY 09/11/2024 - moved 5 animals from property ID 700 (trader) to property ID 1110 (feedlot)
8,729,1662,DAY 09/11/2024 - moved 14 animals from property ID 729 (farm) to property ID 1662 (feedlot)
8,736,1818,DAY 09/11/2024 - moved 9 animals from property ID 736 (farm) to property ID 1818 (farm)
8,742,429,DAY 09/11/2024 - moved 12 animals from property ID 742 (farm) to property ID 429 (feedlot)
8,749,866,DAY 09/11/2024 - moved 10 animals from property ID 749 (farm) to property ID 866 (feedlot)
8,775,1609,DAY 09/11/2024 - moved 1 animals from property ID 775 (farm) to property ID 1609 (farm)
8,782,367,DAY 09/11/2024 - moved 29 animals from property ID 782 (trader) to property ID 367 (farm)
8,809,758,DAY 09/11/2024 - moved 5 animals from property ID 809 (farm) to property ID 758 (feedlot)
8,811,189,DAY 09/11/2024 - moved 7 animals from property ID 811 (farm) to property ID 189 (saleyard)
8,826,1768,DAY 09/11/2024 - moved 2 animals from property ID 826 (farm) to property ID 1768 (feedlot)
8,836,1830,DAY 09/11/2024 - moved 3 animals from property ID 836 (farm) to property ID 1830 (farm)
8,845,1433,DAY 09/11/2024 - moved 13 animals from property ID 845 (farm) to property ID 1433 (farm)
8,858,782,DAY 09/11/2024 - moved 1 animals from property ID 858 (farm) to property ID 782 (trader)
8,862,1823,DAY 09/11/2024 - moved 3 animals from property ID 862 (farm) to property ID 1823 (trader)
8,885,189,DAY 09/11/2024 - moved 11 animals from property ID 885 (farm) to property ID 189 (saleyard)
8,901,1143,DAY 09/11/2024 - moved 8 animals from property ID 901 (farm) to property ID 1143 (farm)
8,904,264,DAY 09/11/2024 - moved 5 animals from property ID 904 (trader) to property ID 264 (feedlot)
8,904,156,DAY 09/11/2024 - moved 6 animals from property ID 904 (trader) to property ID 156 (farm)
8,930,867,DAY 09/11/2024 - moved 2 animals from property ID 930 (farm) to property ID 867 (feedlot)
8,934,1950,DAY 09/11/2024 - moved 4 animals from property ID 934 (farm) to property ID 1950 (farm)
8,940,382,DAY 09/11/2024 - moved 3 animals from property ID 940 (farm) to property ID 382 (farm)
8,957,1479,DAY 09/11/2024 - moved 32 animals from property ID 957 (farm) to property ID 1479 (trader)
8,968,1173,DAY 09/11/2024 - moved 4 animals from property ID 968 (farm) to property ID 1173 (farm)
8,975,559,DAY 09/11/2024 - moved 4 animals from property ID 975 (farm) to property ID 559 (farm)
8,1002,188,DAY 09/11/2024 - moved 3 animals from property ID 1002 (farm) to property ID 188 (feedlot)
8,1035,1847,DAY 09/11/2024 - moved 7 animals from property ID 1035 (farm) to property ID 1847 (farm)
8,1049,1301,DAY 09/11/2024 - moved 3 animals from property ID 1049 (farm) to property ID 1301 (saleyard)
8,1099,782,DAY 09/11/2024 - moved 4 animals from property ID 1099 (farm) to property ID 782 (trader)
8,1119,1109,DAY 09/11/2024 - moved 5 animals from property ID 1119 (trader) to property ID 1109 (feedlot)
8,1119,1109,DAY 09/11/2024 - moved 5 animals from property ID 1119 (trader) to property ID 1109 (feedlot)
8,1126,668,DAY 09/11/2024 - moved 1 animals from property ID 1126 (farm) to property ID 668 (farm)
8,1128,935,DAY 09/11/2024 - moved 8 animals from property ID 1128 (farm) to property ID 935 (farm)
8,1155,189,DAY 09/11/2024 - moved 13 animals from property ID 1155 (farm) to property ID 189 (saleyard)
8,1171,1479,DAY 09/11/2024 - moved 20 animals from property ID 1171 (farm) to property ID 1479 (trader)
8,1192,1262,DAY 09/11/2024 - moved 2 animals from property ID 1192 (farm) to property ID 1262 (farm)
8,1204,1907,DAY 09/11/2024 - moved 8 animals from property ID 1204 (farm) to property ID 1907 (feedlot)
8,1205,1301,DAY 09/11/2024 - moved 1 animals from property ID 1205 (farm) to property ID 1301 (saleyard)
8,1227,1898,DAY 09/11/2024 - moved 3 animals from property ID 1227 (farm) to property ID 1898 (saleyard)
8,1239,1119,DAY 09/11/2024 - moved 11 animals from property ID 1239 (farm) to property ID 1119 (trader)
8,1243,782,DAY 09/11/2024 - moved 16 animals from property ID 1243 (farm) to property ID 782 (trader)
8,1244,867,DAY 09/11/2024 - moved 3 animals from property ID 1244 (farm) to property ID 867 (feedlot)
8,1259,1273,DAY 09/11/2024 - moved 5 animals from property ID 1259 (farm) to property ID 1273 (trader)
8,1262,68,DAY 09/11/2024 - moved 3 animals from property ID 1262 (farm) to property ID 68 (farm)
8,1264,1301,DAY 09/11/2024 - moved 3 animals from property ID 1264 (farm) to property ID 1301 (saleyard)
8,1269,1470,DAY 09/11/2024 - moved 9 animals from property ID 1269 (farm) to property ID 1470 (farm)
8,1273,661,DAY 09/11/2024 - moved 25 animals from property ID 1273 (trader) to property ID 661 (farm)
8,1301,1472,DAY 09/11/2024 - moved 5 animals from property ID 1301 (saleyard) to property ID 1472 (farm)
8,1301,1049,DAY 09/11/2024 - moved 5 animals from property ID 1301 (saleyard) to property ID 1049 (farm)
8,1301,1531,DAY 09/11/2024 - moved 4 animals from property ID 1301 (saleyard) to property ID 1531 (farm)
8,1301,1783,DAY 09/11/2024 - moved 4 animals from property ID 1301 (saleyard) to property ID 1783 (farm)
8,1301,1333,DAY 09/11/2024 - moved 4 animals from property ID 1301 (saleyard) to property ID 1333 (farm)
8,1301,415,DAY 09/11/2024 - moved 4 animals from property ID 1301 (saleyard) to property ID 415 (trader)
8,1319,1823,DAY 09/11/2024 - moved 2 animals from property ID 1319 (farm) to property ID 1823 (trader)
8,1321,189,DAY 09/11/2024 - moved 2 animals from property ID 1321 (farm) to property ID 189 (saleyard)
8,1385,458,DAY 09/11/2024 - moved 14 animals from property ID 1385 (farm) to property ID 458 (abbattoir)
8,1391,705,DAY 09/11/2024 - moved 2 animals from property ID 1391 (farm) to property ID 705 (farm)
8,1403,1364,DAY 09/11/2024 - moved 14 animals from property ID 1403 (farm) to property ID 1364 (farm)
8,1407,1823,DAY 09/11/2024 - moved 8 animals from property ID 1407 (farm) to property ID 1823 (trader)
8,1408,6,DAY 09/11/2024 - moved 4 animals from property ID 1408 (farm) to property ID 6 (stud farm)
8,1414,1579,DAY 09/11/2024 - moved 2 animals from property ID 1414 (farm) to property ID 1579 (farm)
8,1428,1740,DAY 09/11/2024 - moved 29 animals from property ID 1428 (farm) to property ID 1740 (farm)
8,1465,458,DAY 09/11/2024 - moved 4 animals from property ID 1465 (farm) to property ID 458 (abbattoir)
8,1477,6,DAY 09/11/2024 - moved 3 animals from property ID 1477 (farm) to property ID 6 (stud farm)
8,1478,782,DAY 09/11/2024 - moved 27 animals from property ID 1478 (farm) to property ID 782 (trader)
8,1479,1343,DAY 09/11/2024 - moved 39 animals from property ID 1479 (trader) to property ID 1343 (farm)
8,1500,776,DAY 09/11/2024 - moved 7 animals from property ID 1500 (farm) to property ID 776 (trader)
8,1527,353,DAY 09/11/2024 - moved 1 animals from property ID 1527 (farm) to property ID 353 (farm)
8,1549,776,DAY 09/11/2024 - moved 6 animals from property ID 1549 (farm) to property ID 776 (trader)
8,1553,33,DAY 09/11/2024 - moved 26 animals from property ID 1553 (farm) to property ID 33 (farm)
8,1563,1666,DAY 09/11/2024 - moved 8 animals from property ID 1563 (farm) to property ID 1666 (feedlot)
8,1596,1666,DAY 09/11/2024 - moved 11 animals from property ID 1596 (farm) to property ID 1666 (feedlot)
8,1605,415,DAY 09/11/2024 - moved 2 animals from property ID 1605 (farm) to property ID 415 (trader)
8,1617,1898,DAY 09/11/2024 - moved 5 animals from property ID 1617 (farm) to property ID 1898 (saleyard)
8,1625,749,DAY 09/11/2024 - moved 4 animals from property ID 1625 (farm) to property ID 749 (farm)
8,1627,776,DAY 09/11/2024 - moved 2 animals from property ID 1627 (farm) to property ID 776 (trader)
8,1644,120,DAY 09/11/2024 - moved 1 animals from property ID 1644 (farm) to property ID 120 (farm)
8,1655,867,DAY 09/11/2024 - moved 2 animals from property ID 1655 (farm) to property ID 867 (feedlot)
8,1698,1949,DAY 09/11/2024 - moved 48 animals from property ID 1698 (farm) to property ID 1949 (farm)
8,1728,1847,DAY 09/11/2024 - moved 1 animals from property ID 1728 (farm) to property ID 1847 (farm)
8,1754,908,DAY 09/11/2024 - moved 2 animals from property ID 1754 (farm) to property ID 908 (saleyard)
8,1762,1536,DAY 09/11/2024 - moved 1 animals from property ID 1762 (farm) to property ID 1536 (feedlot)
8,1769,908,DAY 09/11/2024 - moved 5 animals from property ID 1769 (farm) to property ID 908 (saleyard)
8,1784,524,DAY 09/11/2024 - moved 1 animals from property ID 1784 (farm) to property ID 524 (feedlot)
8,1795,1273,DAY 09/11/2024 - moved 1 animals from property ID 1795 (farm) to property ID 1273 (trader)
8,1811,776,DAY 09/11/2024 - moved 1 animals from property ID 1811 (farm) to property ID 776 (trader)
8,1816,758,DAY 09/11/2024 - moved 19 animals from property ID 1816 (farm) to property ID 758 (feedlot)
8,1823,867,DAY 09/11/2024 - moved 11 animals from property ID 1823 (trader) to property ID 867 (feedlot)
8,1823,867,DAY 09/11/2024 - moved 11 animals from property ID 1823 (trader) to property ID 867 (feedlot)
8,1831,144,DAY 09/11/2024 - moved 1 animals from property ID 1831 (farm) to property ID 144 (farm)
8,1833,1747,DAY 09/11/2024 - moved 2 animals from property ID 1833 (farm) to property ID 1747 (farm)
8,1837,1301,DAY 09/11/2024 - moved 3 animals from property ID 1837 (farm) to property ID 1301 (saleyard)
8,1848,1662,DAY 09/11/2024 - moved 21 animals from property ID 1848 (farm) to property ID 1662 (feedlot)
8,1852,113,DAY 09/11/2024 - moved 3 animals from property ID 1852 (farm) to property ID 113 (farm)
8,1860,1536,DAY 09/11/2024 - moved 10 animals from property ID 1860 (farm) to property ID 1536 (feedlot)
8,1888,758,DAY 09/11/2024 - moved 21 animals from property ID 1888 (farm) to property ID 758 (feedlot)
8,1925,415,DAY 09/11/2024 - moved 1 animals from property ID 1925 (farm) to property ID 415 (trader)
8,1926,468,DAY 09/11/2024 - moved 1 animals from property ID 1926 (farm) to property ID 468 (farm)
8,1951,776,DAY 09/11/2024 - moved 1 animals from property ID 1951 (farm) to property ID 776 (trader)
8,1958,1897,DAY 09/11/2024 - moved 2 animals from property ID 1958 (farm) to property ID 1897 (farm)
8,1961,867,DAY 09/11/2024 - moved 5 animals from property ID 1961 (farm) to property ID 867 (feedlot)
8,1974,1063,DAY 09/11/2024 - moved 13 animals from property ID 1974 (farm) to property ID 1063 (farm)
8,1978,1952,DAY 09/11/2024 - moved 3 animals from property ID 1978 (farm) to property ID 1952 (farm)
8,1983,735,DAY 09/11/2024 - moved 5 animals from property ID 1983 (farm) to property ID 735 (farm)
8,1994,1635,DAY 09/11/2024 - moved 1 animals from property ID 1994 (farm) to property ID 1635 (feedlot)
9,4,1479,DAY 10/11/2024 - moved 21 animals from property ID 4 (farm) to property ID 1479 (trader)
9,13,1274,DAY 10/11/2024 - moved 16 animals from property ID 13 (farm) to property ID 1274 (farm)
9,17,991,DAY 10/11/2024 - moved 7 animals from property ID 17 (farm) to property ID 991 (farm)
9,32,392,DAY 10/11/2024 - moved 2 animals from property ID 32 (farm) to property ID 392 (farm)
9,42,1821,DAY 10/11/2024 - moved 50 animals from property ID 42 (farm) to property ID 1821 (farm)
9,70,229,DAY 10/11/2024 - moved 2 animals from property ID 70 (farm) to property ID 229 (farm)
9,83,1238,DAY 10/11/2024 - moved 15 animals from property ID 83 (farm) to property ID 1238 (farm)
9,92,1770,DAY 10/11/2024 - moved 9 animals from property ID 92 (trader) to property ID 1770 (farm)
9,92,866,DAY 10/11/2024 - moved 9 animals from property ID 92 (trader) to property ID 866 (feedlot)
9,131,621,DAY 10/11/2024 - moved 1 animals from property ID 131 (farm) to property ID 621 (farm)
9,139,1666,DAY 10/11/2024 - moved 5 animals from property ID 139 (farm) to property ID 1666 (feedlot)
9,144,1301,DAY 10/11/2024 - moved 4 animals from property ID 144 (farm) to property ID 1301 (saleyard)
9,146,63,DAY 10/11/2024 - moved 6 animals from property ID 146 (farm) to property ID 63 (farm)
9,153,458,DAY 10/11/2024 - moved 1 animals from property ID 153 (farm) to property ID 458 (abbattoir)
9,193,1549,DAY 10/11/2024 - moved 5 animals from property ID 193 (farm) to property ID 1549 (farm)
9,244,1666,DAY 10/11/2024 - moved 2 animals from property ID 244 (farm) to property ID 1666 (feedlot)
9,283,92,DAY 10/11/2024 - moved 13 animals from property ID 283 (farm) to property ID 92 (trader)
9,353,524,DAY 10/11/2024 - moved 1 animals from property ID 353 (farm) to property ID 524 (feedlot)
9,383,92,DAY 10/11/2024 - moved 5 animals from property ID 383 (farm) to property ID 92 (trader)
9,415,188,DAY 10/11/2024 - moved 7 animals from property ID 415 (trader) to property ID 188 (feedlot)
9,415,1109,DAY 10/11/2024 - moved 6 animals from property ID 415 (trader) to property ID 1109 (feedlot)
9,418,1273,DAY 10/11/2024 - moved 7 animals from property ID 418 (farm) to property ID 1273 (trader)
9,419,1789,DAY 10/11/2024 - moved 3 animals from property ID 419 (farm) to property ID 1789 (farm)
9,426,776,DAY 10/11/2024 - moved 2 animals from property ID 426 (farm) to property ID 776 (trader)
9,427,119,DAY 10/11/2024 - moved 5 animals from property ID 427 (farm) to property ID 119 (farm)
9,456,776,DAY 10/11/2024 - moved 3 animals from property ID 456 (farm) to property ID 776 (trader)
9,469,92,DAY 10/11/2024 - moved 2 animals from property ID 469 (farm) to property ID 92 (trader)
9,474,867,DAY 10/11/2024 - moved 4 animals from property ID 474 (farm) to property ID 867 (feedlot)
9,498,1119,DAY 10/11/2024 - moved 7 animals from property ID 498 (farm) to property ID 1119 (trader)
9,511,189,DAY 10/11/2024 - moved 2 animals from property ID 511 (farm) to property ID 189 (saleyard)
9,513,779,DAY 10/11/2024 - moved 2 animals from property ID 513 (farm) to property ID 779 (farm)
9,609,1110,DAY 10/11/2024 - moved 5 animals from property ID 609 (farm) to property ID 1110 (feedlot)
9,611,1487,DAY 10/11/2024 - moved 3 animals from property ID 611 (farm) to property ID 1487 (feedlot)
9,618,1273,DAY 10/11/2024 - moved 8 animals from property ID 618 (farm) to property ID 1273 (trader)
9,640,120,DAY 10/11/2024 - moved 1 animals from property ID 640 (farm) to property ID 120 (farm)
9,651,1749,DAY 10/11/2024 - moved 3 animals from property ID 651 (farm) to property ID 1749 (farm)
9,664,1824,DAY 10/11/2024 - moved 24 animals from property ID 664 (farm) to property ID 1824 (farm)
9,685,1119,DAY 10/11/2024 - moved 7 animals from property ID 685 (farm) to property ID 1119 (trader)
9,700,903,DAY 10/11/2024 - moved 7 animals from property ID 700 (trader) to property ID 903 (farm)
9,700,1109,DAY 10/11/2024 - moved 6 animals from property ID 700 (trader) to property ID 1109 (feedlot)
9,709,19,DAY 10/11/2024 - moved 6 animals from property ID 709 (farm) to property ID 19 (farm)
9,714,1273,DAY 10/11/2024 - moved 1 animals from property ID 714 (farm) to property ID 1273 (trader)
9,738,867,DAY 10/11/2024 - moved 2 animals from property ID 738 (farm) to property ID 867 (feedlot)
9,741,1418,DAY 10/11/2024 - moved 6 animals from property ID 741 (farm) to property ID 1418 (farm)
9,747,776,DAY 10/11/2024 - moved 21 animals from property ID 747 (farm) to property ID 776 (trader)
9,750,908,DAY 10/11/2024 - moved 3 animals from property ID 750 (farm) to property ID 908 (saleyard)
9,756,1471,DAY 10/11/2024 - moved 6 animals from property ID 756 (farm) to property ID 1471 (farm)
9,762,1479,DAY 10/11/2024 - moved 24 animals from property ID 762 (farm) to property ID 1479 (trader)
9,770,567,DAY 10/11/2024 - moved 3 animals from property ID 770 (farm) to property ID 567 (farm)
9,776,1379,DAY 10/11/2024 - moved 13 animals from property ID 776 (trader) to property ID 1379 (feedlot)
9,776,1253,DAY 10/11/2024 - moved 13 animals from property ID 776 (trader) to property ID 1253 (feedlot)
9,776,1414,DAY 10/11/2024 - moved 13 animals from property ID 776 (trader) to property ID 1414 (farm)
9,778,1374,DAY 10/11/2024 - moved 1 animals from property ID 778 (farm) to property ID 1374 (farm)
9,782,115,DAY 10/11/2024 - moved 10 animals from property ID 782 (trader) to property ID 115 (farm)
9,782,1526,DAY 10/11/2024 - moved 11 animals from property ID 782 (trader) to property ID 1526 (farm)
9,782,626,DAY 10/11/2024 - moved 11 animals from property ID 782 (trader) to property ID 626 (farm)
9,783,1647,DAY 10/11/2024 - moved 24 animals from property ID 783 (farm) to property ID 1647 (farm)
9,797,867,DAY 10/11/2024 - moved 6 animals from property ID 797 (farm) to property ID 867 (feedlot)
9,828,843,DAY 10/11/2024 - moved 12 animals from property ID 828 (farm) to property ID 843 (farm)
9,833,1635,DAY 10/11/2024 - moved 1 animals from property ID 833 (farm) to property ID 1635 (feedlot)
9,855,1301,DAY 10/11/2024 - moved 4 animals from property ID 855 (farm) to property ID 1301 (saleyard)
9,856,867,DAY 10/11/2024 - moved 1 animals from property ID 856 (farm) to property ID 867 (feedlot)
9,861,189,DAY 10/11/2024 - moved 22 animals from property ID 861 (farm) to property ID 189 (saleyard)
9,865,1922,DAY 10/11/2024 - moved 14 animals from property ID 865 (farm) to property ID 1922 (farm)
9,878,92,DAY 10/11/2024 - moved 14 animals from property ID 878 (farm) to property ID 92 (trader)
9,894,776,DAY 10/11/2024 - moved 5 animals from property ID 894 (farm) to property ID 776 (trader)
9,904,510,DAY 10/11/2024 - moved 3 animals from property ID 904 (trader) to property ID 510 (farm)
9,904,294,DAY 10/11/2024 - moved 3 animals from property ID 904 (trader) to property ID 294 (farm)
9,904,264,DAY 10/11/2024 - moved 3 animals from property ID 904 (trader) to property ID 264 (feedlot)
9,906,524,DAY 10/11/2024 - moved 3 animals from property ID 906 (farm) to property ID 524 (feedlot)
9,907,309,DAY 10/11/2024 - moved 1 animals from property ID 907 (farm) to property ID 309 (farm)
9,908,1962,DAY 10/11/2024 - moved 8 animals from property ID 908 (saleyard) to property ID 1962 (farm)
9,908,1373,DAY 10/11/2024 - moved 7 animals from property ID 908 (saleyard) to property ID 1373 (farm)
9,908,6,DAY 10/11/2024 - moved 7 animals from property ID 908 (saleyard) to property ID 6 (stud farm)
9,908,611,DAY 10/11/2024 - moved 7 animals from property ID 908 (saleyard) to property ID 611 (farm)
9,908,1898,DAY 10/11/2024 - moved 7 animals from property ID 908 (saleyard) to property ID 1898 (saleyard)
9,919,856,DAY 10/11/2024 - moved 12 animals from property ID 919 (farm) to property ID 856 (farm)
9,927,599,DAY 10/11/2024 - moved 5 animals from property ID 927 (farm) to property ID 599 (farm)
9,936,1437,DAY 10/11/2024 - moved 1 animals from property ID 936 (farm) to property ID 1437 (farm)
9,949,1301,DAY 10/11/2024 - moved 7 animals from property ID 949 (farm) to property ID 1301 (saleyard)
9,969,643,DAY 10/11/2024 - moved 6 animals from property ID 969 (farm) to property ID 643 (farm)
9,977,908,DAY 10/11/2024 - moved 6 animals from property ID 977 (farm) to property ID 908 (saleyard)
9,994,6,DAY 10/11/2024 - moved 2 animals from property ID 994 (farm) to property ID 6 (stud farm)
9,1017,776,DAY 10/11/2024 - moved 3 animals from property ID 1017 (farm) to property ID 776 (trader)
9,1042,92,DAY 10/11/2024 - moved 7 animals from property ID 1042 (farm) to property ID 92 (trader)
9,1061,189,DAY 10/11/2024 - moved 6 animals from property ID 1061 (farm) to property ID 189 (saleyard)
9,1070,92,DAY 10/11/2024 - moved 2 animals from property ID 1070 (farm) to property ID 92 (trader)
9,1098,1884,DAY 10/11/2024 - moved 10 animals from property ID 1098 (farm) to property ID 1884 (farm)
9,1113,1301,DAY 10/11/2024 - moved 5 animals from property ID 1113 (farm) to property ID 1301 (saleyard)
9,1119,415,DAY 10/11/2024 - moved 4 animals from property ID 1119 (trader) to property ID 415 (trader)
9,1119,867,DAY 10/11/2024 - moved 3 animals from property ID 1119 (trader) to property ID 867 (feedlot)
9,1119,1236,DAY 10/11/2024 - moved 3 animals from property ID 1119 (trader) to property ID 1236 (farm)
9,1127,632,DAY 10/11/2024 - moved 2 animals from property ID 1127 (farm) to property ID 632 (farm)
9,1129,24,DAY 10/11/2024 - moved 1 animals from property ID 1129 (farm) to property ID 24 (farm)
9,1132,1741,DAY 10/11/2024 - moved 2 animals from property ID 1132 (farm) to property ID 1741 (farm)
9,1138,92,DAY 10/11/2024 - moved 46 animals from property ID 1138 (farm) to property ID 92 (trader)
9,1156,908,DAY 10/11/2024 - moved 6 animals from property ID 1156 (farm) to property ID 908 (saleyard)
9,1157,425,DAY 10/11/2024 - moved 1 animals from property ID 1157 (farm) to property ID 425 (feedlot)
9,1172,1301,DAY 10/11/2024 - moved 2 animals from property ID 1172 (farm) to property ID 1301 (saleyard)
9,1188,758,DAY 10/11/2024 - moved 14 animals from property ID 1188 (farm) to property ID 758 (feedlot)
9,1195,383,DAY 10/11/2024 - moved 15 animals from property ID 1195 (farm) to property ID 383 (farm)
9,1199,1886,DAY 10/11/2024 - moved 9 animals from property ID 1199 (farm) to property ID 1886 (farm)
9,1217,1398,DAY 10/11/2024 - moved 2 animals from property ID 1217 (farm) to property ID 1398 (farm)
9,1273,243,DAY 10/11/2024 - moved 23 animals from property ID 1273 (trader) to property ID 243 (farm)
9,1279,92,DAY 10/11/2024 - moved 9 animals from property ID 1279 (farm) to property ID 92 (trader)
9,1291,715,DAY 10/11/2024 - moved 6 animals from property ID 1291 (farm) to property ID 715 (farm)
9,1301,867,DAY 10/11/2024 - moved 8 animals from property ID 1301 (saleyard) to property ID 867 (feedlot)
9,1301,867,DAY 10/11/2024 - moved 9 animals from property ID 1301 (saleyard) to property ID 867 (feedlot)
9,1301,651,DAY 10/11/2024 - moved 9 animals from property ID 1301 (saleyard) to property ID 651 (farm)
9,1302,6,DAY 10/11/2024 - moved 1 animals from property ID 1302 (farm) to property ID 6 (stud farm)
9,1338,1635,DAY 10/11/2024 - moved 3 animals from property ID 1338 (farm) to property ID 1635 (feedlot)
9,1339,1117,DAY 10/11/2024 - moved 8 animals from property ID 1339 (farm) to property ID 1117 (farm)
9,1347,908,DAY 10/11/2024 - moved 3 animals from property ID 1347 (farm) to property ID 908 (saleyard)
9,1348,1666,DAY 10/11/2024 - moved 4 animals from property ID 1348 (farm) to property ID 1666 (feedlot)
9,1360,1479,DAY 10/11/2024 - moved 49 animals from property ID 1360 (farm) to property ID 1479 (trader)
9,1376,178,DAY 10/11/2024 - moved 2 animals from property ID 1376 (farm) to property ID 178 (farm)
9,1382,908,DAY 10/11/2024 - moved 4 animals from property ID 1382 (farm) to property ID 908 (saleyard)
9,1393,1273,DAY 10/11/2024 - moved 9 animals from property ID 1393 (farm) to property ID 1273 (trader)
9,1411,1883,DAY 10/11/2024 - moved 1 animals from property ID 1411 (farm) to property ID 1883 (farm)
9,1419,1768,DAY 10/11/2024 - moved 2 animals from property ID 1419 (farm) to property ID 1768 (feedlot)
9,1431,516,DAY 10/11/2024 - moved 5 animals from property ID 1431 (farm) to property ID 516 (farm)
9,1432,1823,DAY 10/11/2024 - moved 7 animals from property ID 1432 (farm) to property ID 1823 (trader)
9,1448,138,DAY 10/11/2024 - moved 2 animals from property ID 1448 (farm) to property ID 138 (farm)
9,1458,1726,DAY 10/11/2024 - moved 23 animals from property ID 1458 (farm) to property ID 1726 (farm)
9,1462,776,DAY 10/11/2024 - moved 4 animals from property ID 1462 (farm) to property ID 776 (trader)
9,1464,1273,DAY 10/11/2024 - moved 6 animals from property ID 1464 (farm) to property ID 1273 (trader)
9,1469,415,DAY 10/11/2024 - moved 2 animals from property ID 1469 (farm) to property ID 415 (trader)
9,1470,291,DAY 10/11/2024 - moved 5 animals from property ID 1470 (farm) to property ID 291 (farm)
9,1473,1317,DAY 10/11/2024 - moved 3 animals from property ID 1473 (farm) to property ID 1317 (farm)
9,1479,118,DAY 10/11/2024 - moved 21 animals from property ID 1479 (trader) to property ID 118 (farm)
9,1479,758,DAY 10/11/2024 - moved 22 animals from property ID 1479 (trader) to property ID 758 (feedlot)
9,1494,728,DAY 10/11/2024 - moved 7 animals from property ID 1494 (farm) to property ID 728 (farm)
9,1501,1301,DAY 10/11/2024 - moved 3 animals from property ID 1501 (farm) to property ID 1301 (saleyard)
9,1509,904,DAY 10/11/2024 - moved 5 animals from property ID 1509 (farm) to property ID 904 (trader)
9,1515,1301,DAY 10/11/2024 - moved 10 animals from property ID 1515 (farm) to property ID 1301 (saleyard)
9,1525,1835,DAY 10/11/2024 - moved 37 animals from property ID 1525 (farm) to property ID 1835 (farm)
9,1530,264,DAY 10/11/2024 - moved 2 animals from property ID 1530 (farm) to property ID 264 (feedlot)
9,1572,1301,DAY 10/11/2024 - moved 1 animals from property ID 1572 (farm) to property ID 1301 (saleyard)
9,1595,1487,DAY 10/11/2024 - moved 14 animals from property ID 1595 (farm) to property ID 1487 (feedlot)
9,1631,908,DAY 10/11/2024 - moved 1 animals from property ID 1631 (farm) to property ID 908 (saleyard)
9,1637,36,DAY 10/11/2024 - moved 27 animals from property ID 1637 (farm) to property ID 36 (farm)
9,1650,526,DAY 10/11/2024 - moved 3 animals from property ID 1650 (farm) to property ID 526 (farm)
9,1670,1273,DAY 10/11/2024 - moved 1 animals from property ID 1670 (farm) to property ID 1273 (trader)
9,1692,438,DAY 10/11/2024 - moved 4 animals from property ID 1692 (farm) to property ID 438 (farm)
9,1710,987,DAY 10/11/2024 - moved 9 animals from property ID 1710 (farm) to property ID 987 (farm)
9,1718,299,DAY 10/11/2024 - moved 5 animals from property ID 1718 (farm) to property ID 299 (farm)
9,1753,1666,DAY 10/11/2024 - moved 15 animals from property ID 1753 (farm) to property ID 1666 (feedlot)
9,1783,1301,DAY 10/11/2024 - moved 5 animals from property ID 1783 (farm) to property ID 1301 (saleyard)
9,1799,1666,DAY 10/11/2024 - moved 10 animals from property ID 1799 (farm) to property ID 1666 (feedlot)
9,1812,189,DAY 10/11/2024 - moved 7 animals from property ID 1812 (farm) to property ID 189 (saleyard)
9,1823,867,DAY 10/11/2024 - moved 11 animals from property ID 1823 (trader) to property ID 867 (feedlot)
9,1823,529,DAY 10/11/2024 - moved 11 animals from property ID 1823 (trader) to property ID 529 (farm)
9,1827,1301,DAY 10/11/2024 - moved 26 animals from property ID 1827 (farm) to property ID 1301 (saleyard)
9,1841,1823,DAY 10/11/2024 - moved 5 animals from property ID 1841 (farm) to property ID 1823 (trader)
9,1866,1330,DAY 10/11/2024 - moved 13 animals from property ID 1866 (farm) to property ID 1330 (farm)
9,1885,782,DAY 10/11/2024 - moved 18 animals from property ID 1885 (farm) to property ID 782 (trader)
9,1895,867,DAY 10/11/2024 - moved 1 animals from property ID 1895 (farm) to property ID 867 (feedlot)
9,1898,6,DAY 10/11/2024 - moved 6 animals from property ID 1898 (saleyard) to property ID 6 (stud farm)
9,1898,908,DAY 10/11/2024 - moved 6 animals from property ID 1898 (saleyard) to property ID 908 (saleyard)
9,1898,348,DAY 10/11/2024 - moved 5 animals from property ID 1898 (saleyard) to property ID 348 (farm)
9,1898,6,DAY 10/11/2024 - moved 5 animals from property ID 1898 (saleyard) to property ID 6 (stud farm)
9,1898,1635,DAY 10/11/2024 - moved 5 animals from property ID 1898 (saleyard) to property ID 1635 (feedlot)
9,1898,6,DAY 10/11/2024 - moved 5 animals from property ID 1898 (saleyard) to property ID 6 (stud farm)
9,1912,569,DAY 10/11/2024 - moved 7 animals from property ID 1912 (farm) to property ID 569 (farm)
9,1938,1273,DAY 10/11/2024 - moved 6 animals from property ID 1938 (farm) to property ID 1273 (trader)
9,1950,790,DAY 10/11/2024 - moved 3 animals from property ID 1950 (farm) to property ID 790 (farm)
9,1969,1999,DAY 10/11/2024 - moved 3 animals from property ID 1969 (farm) to property ID 1999 (farm)
9,1970,1253,DAY 10/11/2024 - moved 1 animals from property ID 1970 (farm) to property ID 1253 (feedlot)
9,1992,765,DAY 10/11/2024 - moved 8 animals from property ID 1992 (farm) to property ID 765 (farm)
9,1993,867,DAY 10/11/2024 - moved 6 animals from property ID 1993 (farm) to property ID 867 (feedlot)
10,22,871,DAY 11/11/2024 - moved 1 animals from property ID 22 (farm) to property ID 871 (farm)
10,55,908,DAY 11/11/2024 - moved 6 animals from property ID 55 (farm) to property ID 908 (saleyard)
10,56,1109,DAY 11/11/2024 - moved 5 animals from property ID 56 (farm) to property ID 1109 (feedlot)
10,60,1788,DAY 11/11/2024 - moved 7 animals from property ID 60 (farm) to property ID 1788 (farm)
10,66,1768,DAY 11/11/2024 - moved 1 animals from property ID 66 (farm) to property ID 1768 (feedlot)
10,75,415,DAY 11/11/2024 - moved 4 animals from property ID 75 (farm) to property ID 415 (trader)
10,112,415,DAY 11/11/2024 - moved 5 animals from property ID 112 (farm) to property ID 415 (trader)
10,117,1807,DAY 11/11/2024 - moved 13 animals from property ID 117 (farm) to property ID 1807 (farm)
10,122,1110,DAY 11/11/2024 - moved 4 animals from property ID 122 (farm) to property ID 1110 (feedlot)
10,166,346,DAY 11/11/2024 - moved 12 animals from property ID 166 (farm) to property ID 346 (farm)
10,187,64,DAY 11/11/2024 - moved 1 animals from property ID 187 (farm) to property ID 64 (farm)
10,192,889,DAY 11/11/2024 - moved 1 animals from property ID 192 (farm) to property ID 889 (farm)
10,209,1823,DAY 11/11/2024 - moved 15 animals from property ID 209 (farm) to property ID 1823 (trader)
10,216,189,DAY 11/11/2024 - moved 1 animals from property ID 216 (farm) to property ID 189 (saleyard)
10,226,908,DAY 11/11/2024 - moved 26 animals from property ID 226 (farm) to property ID 908 (saleyard)
10,228,596,DAY 11/11/2024 - moved 2 animals from property ID 228 (farm) to property ID 596 (farm)
10,233,902,DAY 11/11/2024 - moved 1 animals from property ID 233 (farm) to property ID 902 (farm)
10,234,1110,DAY 11/11/2024 - moved 10 animals from property ID 234 (farm) to property ID 1110 (feedlot)
10,242,524,DAY 11/11/2024 - moved 6 animals from property ID 242 (farm) to property ID 524 (feedlot)
10,260,776,DAY 11/11/2024 - moved 1 animals from property ID 260 (farm) to property ID 776 (trader)
10,282,1666,DAY 11/11/2024 - moved 2 animals from property ID 282 (farm) to property ID 1666 (feedlot)
10,289,1768,DAY 11/11/2024 - moved 10 animals from property ID 289 (farm) to property ID 1768 (feedlot)
10,324,1389,DAY 11/11/2024 - moved 4 animals from property ID 324 (farm) to property ID 1389 (farm)
10,360,776,DAY 11/11/2024 - moved 6 animals from property ID 360 (farm) to property ID 776 (trader)
10,364,838,DAY 11/11/2024 - moved 5 animals from property ID 364 (farm) to property ID 838 (farm)
10,366,776,DAY 11/11/2024 - moved 5 animals from property ID 366 (farm) to property ID 776 (trader)
10,382,189,DAY 11/11/2024 - moved 5 animals from property ID 382 (farm) to property ID 189 (saleyard)
10,393,866,DAY 11/11/2024 - moved 4 animals from property ID 393 (farm) to property ID 866 (feedlot)
10,405,867,DAY 11/11/2024 - moved 19 animals from property ID 405 (farm) to property ID 867 (feedlot)
10,414,534,DAY 11/11/2024 - moved 1 animals from property ID 414 (farm) to property ID 534 (farm)
10,422,867,DAY 11/11/2024 - moved 9 animals from property ID 422 (farm) to property ID 867 (feedlot)
10,447,1702,DAY 11/11/2024 - moved 13 animals from property ID 447 (farm) to property ID 1702 (farm)
10,455,1110,DAY 11/11/2024 - moved 11 animals from property ID 455 (farm) to property ID 1110 (feedlot)
10,460,867,DAY 11/11/2024 - moved 1 animals from property ID 460 (farm) to property ID 867 (feedlot)
10,463,1487,DAY 11/11/2024 - moved 3 animals from property ID 463 (farm) to property ID 1487 (feedlot)
10,481,1301,DAY 11/11/2024 - moved 1 animals from property ID 481 (farm) to property ID 1301 (saleyard)
10,515,1253,DAY 11/11/2024 - moved 4 animals from property ID 515 (farm) to property ID 1253 (feedlot)
10,528,1003,DAY 11/11/2024 - moved 4 animals from property ID 528 (farm) to property ID 1003 (farm)
10,560,780,DAY 11/11/2024 - moved 7 animals from property ID 560 (farm) to property ID 780 (farm)
10,562,574,DAY 11/11/2024 - moved 22 animals from property ID 562 (farm) to property ID 574 (farm)
10,564,1253,DAY 11/11/2024 - moved 8 animals from property ID 564 (farm) to property ID 1253 (feedlot)
10,569,425,DAY 11/11/2024 - moved 19 animals from property ID 569 (farm) to property ID 425 (feedlot)
10,570,188,DAY 11/11/2024 - moved 3 animals from property ID 570 (farm) to property ID 188 (feedlot)
10,593,92,DAY 11/11/2024 - moved 10 animals from property ID 593 (farm) to property ID 92 (trader)
10,598,315,DAY 11/11/2024 - moved 8 animals from property ID 598 (farm) to property ID 315 (farm)
10,632,1367,DAY 11/11/2024 - moved 4 animals from property ID 632 (farm) to property ID 1367 (farm)
10,633,1119,DAY 11/11/2024 - moved 3 animals from property ID 633 (farm) to property ID 1119 (trader)
10,638,1585,DAY 11/11/2024 - moved 6 animals from property ID 638 (farm) to property ID 1585 (farm)
10,667,776,DAY 11/11/2024 - moved 1 animals from property ID 667 (farm) to property ID 776 (trader)
10,686,313,DAY 11/11/2024 - moved 9 animals from property ID 686 (farm) to property ID 313 (farm)
10,705,1836,DAY 11/11/2024 - moved 8 animals from property ID 705 (farm) to property ID 1836 (farm)
10,706,264,DAY 11/11/2024 - moved 4 animals from property ID 706 (farm) to property ID 264 (feedlot)
10,717,524,DAY 11/11/2024 - moved 6 animals from property ID 717 (farm) to property ID 524 (feedlot)
10,721,758,DAY 11/11/2024 - moved 16 animals from property ID 721 (farm) to property ID 758 (feedlot)
10,724,782,DAY 11/11/2024 - moved 3 animals from property ID 724 (farm) to property ID 782 (trader)
10,732,1069,DAY 11/11/2024 - moved 4 animals from property ID 732 (farm) to property ID 1069 (farm)
10,733,188,DAY 11/11/2024 - moved 8 animals from property ID 733 (farm) to property ID 188 (feedlot)
10,743,44,DAY 11/11/2024 - moved 6 animals from property ID 743 (farm) to property ID 44 (farm)
10,763,1865,DAY 11/11/2024 - moved 15 animals from property ID 763 (farm) to property ID 1865 (farm)
10,764,92,DAY 11/11/2024 - moved 12 animals from property ID 764 (farm) to property ID 92 (trader)
10,782,458,DAY 11/11/2024 - moved 15 animals from property ID 782 (trader) to property ID 458 (abbattoir)
10,782,1080,DAY 11/11/2024 - moved 15 animals from property ID 782 (trader) to property ID 1080 (farm)
10,800,908,DAY 11/11/2024 - moved 5 animals from property ID 800 (farm) to property ID 908 (saleyard)
10,803,776,DAY 11/11/2024 - moved 2 animals from property ID 803 (farm) to property ID 776 (trader)
10,807,872,DAY 11/11/2024 - moved 1 animals from property ID 807 (farm) to property ID 872 (farm)
10,815,1325,DAY 11/11/2024 - moved 35 animals from property ID 815 (farm) to property ID 1325 (farm)
10,824,516,DAY 11/11/2024 - moved 20 animals from property ID 824 (farm) to property ID 516 (farm)
10,888,908,DAY 11/11/2024 - moved 3 animals from property ID 888 (farm) to property ID 908 (saleyard)
10,889,1105,DAY 11/11/2024 - moved 9 animals from property ID 889 (farm) to property ID 1105 (farm)
10,892,783,DAY 11/11/2024 - moved 22 animals from property ID 892 (farm) to property ID 783 (farm)
10,903,904,DAY 11/11/2024 - moved 5 animals from property ID 903 (farm) to property ID 904 (trader)
10,904,1110,DAY 11/11/2024 - moved 2 animals from property ID 904 (trader) to property ID 1110 (feedlot)
10,904,1410,DAY 11/11/2024 - moved 3 animals from property ID 904 (trader) to property ID 1410 (farm)
10,904,243,DAY 11/11/2024 - moved 3 animals from property ID 904 (trader) to property ID 243 (farm)
10,908,6,DAY 11/11/2024 - moved 35 animals from property ID 908 (saleyard) to property ID 6 (stud farm)
10,914,953,DAY 11/11/2024 - moved 21 animals from property ID 914 (farm) to property ID 953 (farm)
10,943,1666,DAY 11/11/2024 - moved 7 animals from property ID 943 (farm) to property ID 1666 (feedlot)
10,947,1574,DAY 11/11/2024 - moved 7 animals from property ID 947 (farm) to property ID 1574 (farm)
10,958,1841,DAY 11/11/2024 - moved 21 animals from property ID 958 (farm) to property ID 1841 (farm)
10,965,1301,DAY 11/11/2024 - moved 9 animals from property ID 965 (farm) to property ID 1301 (saleyard)
10,966,908,DAY 11/11/2024 - moved 12 animals from property ID 966 (farm) to property ID 908 (saleyard)
10,1005,264,DAY 11/11/2024 - moved 6 animals from property ID 1005 (farm) to property ID 264 (feedlot)
10,1016,217,DAY 11/11/2024 - moved 25 animals from property ID 1016 (farm) to property ID 217 (farm)
10,1040,1253,DAY 11/11/2024 - moved 4 animals from property ID 1040 (farm) to property ID 1253 (feedlot)
10,1047,1051,DAY 11/11/2024 - moved 1 animals from property ID 1047 (farm) to property ID 1051 (farm)
10,1053,1301,DAY 11/11/2024 - moved 2 animals from property ID 1053 (farm) to property ID 1301 (saleyard)
10,1063,1822,DAY 11/11/2024 - moved 7 animals from property ID 1063 (farm) to property ID 1822 (farm)
10,1069,188,DAY 11/11/2024 - moved 4 animals from property ID 1069 (farm) to property ID 188 (feedlot)
10,1073,456,DAY 11/11/2024 - moved 31 animals from property ID 1073 (farm) to property ID 456 (farm)
10,1078,1479,DAY 11/11/2024 - moved 19 animals from property ID 1078 (farm) to property ID 1479 (trader)
10,1083,1301,DAY 11/11/2024 - moved 1 animals from property ID 1083 (farm) to property ID 1301 (saleyard)
10,1091,1258,DAY 11/11/2024 - moved 9 animals from property ID 1091 (farm) to property ID 1258 (farm)
10,1096,700,DAY 11/11/2024 - moved 11 animals from property ID 1096 (farm) to property ID 700 (trader)
10,1097,1624,DAY 11/11/2024 - moved 4 animals from property ID 1097 (farm) to property ID 1624 (farm)
10,1100,782,DAY 11/11/2024 - moved 11 animals from property ID 1100 (farm) to property ID 782 (trader)
10,1112,1974,DAY 11/11/2024 - moved 3 animals from property ID 1112 (farm) to property ID 1974 (farm)
10,1119,1109,DAY 11/11/2024 - moved 5 animals from property ID 1119 (trader) to property ID 1109 (feedlot)
10,1119,1109,DAY 11/11/2024 - moved 6 animals from property ID 1119 (trader) to property ID 1109 (feedlot)
10,1120,490,DAY 11/11/2024 - moved 1 animals from property ID 1120 (farm) to property ID 490 (farm)
10,1147,782,DAY 11/11/2024 - moved 27 animals from property ID 1147 (farm) to property ID 782 (trader)
10,1151,1479,DAY 11/11/2024 - moved 2 animals from property ID 1151 (farm) to property ID 1479 (trader)
10,1158,1662,DAY 11/11/2024 - moved 11 animals from property ID 1158 (farm) to property ID 1662 (feedlot)
10,1174,1177,DAY 11/11/2024 - moved 6 animals from property ID 1174 (farm) to property ID 1177 (farm)
10,1182,1823,DAY 11/11/2024 - moved 11 animals from property ID 1182 (farm) to property ID 1823 (trader)
10,1189,189,DAY 11/11/2024 - moved 7 animals from property ID 1189 (farm) to property ID 189 (saleyard)
10,1190,215,DAY 11/11/2024 - moved 2 animals from property ID 1190 (farm) to property ID 215 (farm)
10,1201,1301,DAY 11/11/2024 - moved 1 animals from property ID 1201 (farm) to property ID 1301 (saleyard)
10,1208,415,DAY 11/11/2024 - moved 1 animals from property ID 1208 (farm) to property ID 415 (trader)
10,1215,867,DAY 11/11/2024 - moved 5 animals from property ID 1215 (farm) to property ID 867 (feedlot)
10,1236,867,DAY 11/11/2024 - moved 5 animals from property ID 1236 (farm) to property ID 867 (feedlot)
10,1251,758,DAY 11/11/2024 - moved 8 animals from property ID 1251 (farm) to property ID 758 (feedlot)
10,1263,287,DAY 11/11/2024 - moved 1 animals from property ID 1263 (farm) to property ID 287 (farm)
10,1273,147,DAY 11/11/2024 - moved 26 animals from property ID 1273 (trader) to property ID 147 (farm)
10,1280,1319,DAY 11/11/2024 - moved 11 animals from property ID 1280 (farm) to property ID 1319 (farm)
10,1288,305,DAY 11/11/2024 - moved 9 animals from property ID 1288 (farm) to property ID 305 (farm)
10,1293,1666,DAY 11/11/2024 - moved 8 animals from property ID 1293 (farm) to property ID 1666 (feedlot)
10,1296,904,DAY 11/11/2024 - moved 6 animals from property ID 1296 (farm) to property ID 904 (trader)
10,1301,867,DAY 11/11/2024 - moved 5 animals from property ID 1301 (saleyard) to property ID 867 (feedlot)
10,1301,1132,DAY 11/11/2024 - moved 5 animals from property ID 1301 (saleyard) to property ID 1132 (farm)
10,1301,651,DAY 11/11/2024 - moved 6 animals from property ID 1301 (saleyard) to property ID 651 (farm)
10,1301,1276,DAY 11/11/2024 - moved 6 animals from property ID 1301 (saleyard) to property ID 1276 (farm)
10,1301,415,DAY 11/11/2024 - moved 6 animals from property ID 1301 (saleyard) to property ID 415 (trader)
10,1301,867,DAY 11/11/2024 - moved 6 animals from property ID 1301 (saleyard) to property ID 867 (feedlot)
10,1320,1898,DAY 11/11/2024 - moved 4 animals from property ID 1320 (farm) to property ID 1898 (saleyard)
10,1322,92,DAY 11/11/2024 - moved 4 animals from property ID 1322 (farm) to property ID 92 (trader)
10,1356,1280,DAY 11/11/2024 - moved 4 animals from property ID 1356 (farm) to property ID 1280 (farm)
10,1373,908,DAY 11/11/2024 - moved 4 animals from property ID 1373 (farm) to property ID 908 (saleyard)
10,1394,1823,DAY 11/11/2024 - moved 7 animals from property ID 1394 (farm) to property ID 1823 (trader)
10,1399,429,DAY 11/11/2024 - moved 4 animals from property ID 1399 (farm) to property ID 429 (feedlot)
10,1404,6,DAY 11/11/2024 - moved 1 animals from property ID 1404 (farm) to property ID 6 (stud farm)
10,1423,908,DAY 11/11/2024 - moved 3 animals from property ID 1423 (farm) to property ID 908 (saleyard)
10,1437,1739,DAY 11/11/2024 - moved 2 animals from property ID 1437 (farm) to property ID 1739 (farm)
10,1440,1536,DAY 11/11/2024 - moved 4 animals from property ID 1440 (farm) to property ID 1536 (feedlot)
10,1446,1698,DAY 11/11/2024 - moved 9 animals from property ID 1446 (farm) to property ID 1698 (farm)
10,1457,586,DAY 11/11/2024 - moved 1 animals from property ID 1457 (farm) to property ID 586 (farm)
10,1463,1603,DAY 11/11/2024 - moved 16 animals from property ID 1463 (farm) to property ID 1603 (farm)
10,1468,1119,DAY 11/11/2024 - moved 3 animals from property ID 1468 (farm) to property ID 1119 (trader)
10,1474,1273,DAY 11/11/2024 - moved 4 animals from property ID 1474 (farm) to property ID 1273 (trader)
10,1479,989,DAY 11/11/2024 - moved 53 animals from property ID 1479 (trader) to property ID 989 (farm)
10,1480,610,DAY 11/11/2024 - moved 13 animals from property ID 1480 (farm) to property ID 610 (farm)
10,1484,1757,DAY 11/11/2024 - moved 11 animals from property ID 1484 (farm) to property ID 1757 (farm)
10,1523,92,DAY 11/11/2024 - moved 8 animals from property ID 1523 (farm) to property ID 92 (trader)
10,1524,1900,DAY 11/11/2024 - moved 5 animals from property ID 1524 (farm) to property ID 1900 (farm)
10,1566,1301,DAY 11/11/2024 - moved 11 animals from property ID 1566 (farm) to property ID 1301 (saleyard)
10,1583,1768,DAY 11/11/2024 - moved 3 animals from property ID 1583 (farm) to property ID 1768 (feedlot)
10,1584,1928,DAY 11/11/2024 - moved 15 animals from property ID 1584 (farm) to property ID 1928 (farm)
10,1585,1301,DAY 11/11/2024 - moved 2 animals from property ID 1585 (farm) to property ID 1301 (saleyard)
10,1589,908,DAY 11/11/2024 - moved 13 animals from property ID 1589 (farm) to property ID 908 (saleyard)
10,1607,524,DAY 11/11/2024 - moved 2 animals from property ID 1607 (farm) to property ID 524 (feedlot)
10,1618,782,DAY 11/11/2024 - moved 36 animals from property ID 1618 (farm) to property ID 782 (trader)
10,1619,283,DAY 11/11/2024 - moved 5 animals from property ID 1619 (farm) to property ID 283 (farm)
10,1623,1109,DAY 11/11/2024 - moved 6 animals from property ID 1623 (farm) to property ID 1109 (feedlot)
10,1633,1301,DAY 11/11/2024 - moved 2 animals from property ID 1633 (farm) to property ID 1301 (saleyard)
10,1638,1258,DAY 11/11/2024 - moved 2 animals from property ID 1638 (farm) to property ID 1258 (farm)
10,1649,189,DAY 11/11/2024 - moved 6 animals from property ID 1649 (farm) to property ID 189 (saleyard)
10,1681,776,DAY 11/11/2024 - moved 3 animals from property ID 1681 (farm) to property ID 776 (trader)
10,1703,949,DAY 11/11/2024 - moved 2 animals from property ID 1703 (farm) to property ID 949 (farm)
10,1730,776,DAY 11/11/2024 - moved 1 animals from property ID 1730 (farm) to property ID 776 (trader)
10,1748,908,DAY 11/11/2024 - moved 4 animals from property ID 1748 (farm) to property ID 908 (saleyard)
10,1821,1997,DAY 11/11/2024 - moved 22 animals from property ID 1821 (farm) to property ID 1997 (farm)
10,1823,867,DAY 11/11/2024 - moved 6 animals from property ID 1823 (trader) to property ID 867 (feedlot)
10,1823,1301,DAY 11/11/2024 - moved 7 animals from property ID 1823 (trader) to property ID 1301 (saleyard)
10,1823,1306,DAY 11/11/2024 - moved 7 animals from property ID 1823 (trader) to property ID 1306 (farm)
10,1825,1635,DAY 11/11/2024 - moved 9 animals from property ID 1825 (farm) to property ID 1635 (feedlot)
10,1834,1823,DAY 11/11/2024 - moved 7 animals from property ID 1834 (farm) to property ID 1823 (trader)
10,1842,1866,DAY 11/11/2024 - moved 9 animals from property ID 1842 (farm) to property ID 1866 (farm)
10,1853,189,DAY 11/11/2024 - moved 10 animals from property ID 1853 (farm) to property ID 189 (saleyard)
10,1859,1194,DAY 11/11/2024 - moved 31 animals from property ID 1859 (farm) to property ID 1194 (farm)
10,1865,1595,DAY 11/11/2024 - moved 6 animals from property ID 1865 (farm) to property ID 1595 (farm)
10,1868,1217,DAY 11/11/2024 - moved 7 animals from property ID 1868 (farm) to property ID 1217 (farm)
10,1880,415,DAY 11/11/2024 - moved 8 animals from property ID 1880 (farm) to property ID 415 (trader)
10,1898,72,DAY 11/11/2024 - moved 9 animals from property ID 1898 (saleyard) to property ID 72 (farm)
10,1898,1253,DAY 11/11/2024 - moved 9 animals from property ID 1898 (saleyard) to property ID 1253 (feedlot)
10,1898,6,DAY 11/11/2024 - moved 9 animals from property ID 1898 (saleyard) to property ID 6 (stud farm)
10,1900,86,DAY 11/11/2024 - moved 4 animals from property ID 1900 (farm) to property ID 86 (farm)
10,1909,1273,DAY 11/11/2024 - moved 4 animals from property ID 1909 (farm) to property ID 1273 (trader)
10,1955,908,DAY 11/11/2024 - moved 1 animals from property ID 1955 (farm) to property ID 908 (saleyard)
10,1965,1109,DAY 11/11/2024 - moved 1 animals from property ID 1965 (farm) to property ID 1109 (feedlot)
10,1967,1662,DAY 11/11/2024 - moved 1 animals from property ID 1967 (farm) to property ID 1662 (feedlot)
10,1987,189,DAY 11/11/2024 - moved 3 animals from property ID 1987 (farm) to property ID 189 (saleyard)
10,1997,782,DAY 11/11/2024 - moved 13 animals from property ID 1997 (farm) to property ID 782 (trader)
11,18,1253,DAY 12/11/2024 - moved 6 animals from property ID 18 (farm) to property ID 1253 (feedlot)
11,21,341,DAY 12/11/2024 - moved 32 animals from property ID 21 (farm) to property ID 341 (farm)
11,23,133,DAY 12/11/2024 - moved 5 animals from property ID 23 (farm) to property ID 133 (farm)
11,30,92,DAY 12/11/2024 - moved 1 animals from property ID 30 (farm) to property ID 92 (trader)
11,48,1379,DAY 12/11/2024 - moved 7 animals from property ID 48 (farm) to property ID 1379 (feedlot)
11,65,1989,DAY 12/11/2024 - moved 3 animals from property ID 65 (farm) to property ID 1989 (farm)
11,74,867,DAY 12/11/2024 - moved 4 animals from property ID 74 (farm) to property ID 867 (feedlot)
11,82,353,DAY 12/11/2024 - moved 3 animals from property ID 82 (farm) to property ID 353 (farm)
11,90,1635,DAY 12/11/2024 - moved 7 animals from property ID 90 (farm) to property ID 1635 (feedlot)
11,92,1195,DAY 12/11/2024 - moved 21 animals from property ID 92 (trader) to property ID 1195 (farm)
11,92,1666,DAY 12/11/2024 - moved 20 animals from property ID 92 (trader) to property ID 1666 (feedlot)
11,98,1483,DAY 12/11/2024 - moved 5 animals from property ID 98 (farm) to property ID 1483 (farm)
11,123,225,DAY 12/11/2024 - moved 15 animals from property ID 123 (farm) to property ID 225 (farm)
11,172,1587,DAY 12/11/2024 - moved 8 animals from property ID 172 (farm) to property ID 1587 (farm)
11,182,1545,DAY 12/11/2024 - moved 3 animals from property ID 182 (farm) to property ID 1545 (farm)
11,184,1712,DAY 12/11/2024 - moved 6 animals from property ID 184 (farm) to property ID 1712 (farm)
11,189,1331,DAY 12/11/2024 - moved 30 animals from property ID 189 (saleyard) to property ID 1331 (farm)
11,189,964,DAY 12/11/2024 - moved 30 animals from property ID 189 (saleyard) to property ID 964 (feedlot)
11,189,1109,DAY 12/11/2024 - moved 30 animals from property ID 189 (saleyard) to property ID 1109 (feedlot)
11,196,1768,DAY 12/11/2024 - moved 4 animals from property ID 196 (farm) to property ID 1768 (feedlot)
11,197,1476,DAY 12/11/2024 - moved 10 animals from property ID 197 (farm) to property ID 1476 (farm)
11,224,867,DAY 12/11/2024 - moved 2 animals from property ID 224 (farm) to property ID 867 (feedlot)
11,231,423,DAY 12/11/2024 - moved 11 animals from property ID 231 (farm) to property ID 423 (farm)
11,240,1813,DAY 12/11/2024 - moved 4 animals from property ID 240 (farm) to property ID 1813 (farm)
11,262,758,DAY 12/11/2024 - moved 9 animals from property ID 262 (farm) to property ID 758 (feedlot)
11,298,1823,DAY 12/11/2024 - moved 7 animals from property ID 298 (farm) to property ID 1823 (trader)
11,299,1450,DAY 12/11/2024 - moved 5 animals from property ID 299 (farm) to property ID 1450 (farm)
11,300,92,DAY 12/11/2024 - moved 8 animals from property ID 300 (farm) to property ID 92 (trader)
11,341,668,DAY 12/11/2024 - moved 13 animals from property ID 341 (farm) to property ID 668 (farm)
11,352,776,DAY 12/11/2024 - moved 3 animals from property ID 352 (farm) to property ID 776 (trader)
11,359,1260,DAY 12/11/2024 - moved 2 animals from property ID 359 (farm) to property ID 1260 (farm)
11,371,776,DAY 12/11/2024 - moved 6 animals from property ID 371 (farm) to property ID 776 (trader)
11,389,255,DAY 12/11/2024 - moved 13 animals from property ID 389 (farm) to property ID 255 (farm)
11,415,1301,DAY 12/11/2024 - moved 6 animals from property ID 415 (trader) to property ID 1301 (saleyard)
11,415,613,DAY 12/11/2024 - moved 5 animals from property ID 415 (trader) to property ID 613 (farm)
11,415,1109,DAY 12/11/2024 - moved 5 animals from property ID 415 (trader) to property ID 1109 (feedlot)
11,431,1141,DAY 12/11/2024 - moved 5 animals from property ID 431 (farm) to property ID 1141 (farm)
11,432,776,DAY 12/11/2024 - moved 15 animals from property ID 432 (farm) to property ID 776 (trader)
11,434,1768,DAY 12/11/2024 - moved 2 animals from property ID 434 (farm) to property ID 1768 (feedlot)
11,437,1119,DAY 12/11/2024 - moved 6 animals from property ID 437 (farm) to property ID 1119 (trader)
11,438,866,DAY 12/11/2024 - moved 9 animals from property ID 438 (farm) to property ID 866 (feedlot)
11,448,458,DAY 12/11/2024 - moved 13 animals from property ID 448 (farm) to property ID 458 (abbattoir)
11,459,429,DAY 12/11/2024 - moved 2 animals from property ID 459 (farm) to property ID 429 (feedlot)
11,467,1823,DAY 12/11/2024 - moved 1 animals from property ID 467 (farm) to property ID 1823 (trader)
11,486,230,DAY 12/11/2024 - moved 1 animals from property ID 486 (farm) to property ID 230 (farm)
11,500,1898,DAY 12/11/2024 - moved 5 animals from property ID 500 (farm) to property ID 1898 (saleyard)
11,534,822,DAY 12/11/2024 - moved 13 animals from property ID 534 (farm) to property ID 822 (farm)
11,553,758,DAY 12/11/2024 - moved 20 animals from property ID 553 (farm) to property ID 758 (feedlot)
11,556,1662,DAY 12/11/2024 - moved 8 animals from property ID 556 (farm) to property ID 1662 (feedlot)
11,563,189,DAY 12/11/2024 - moved 4 animals from property ID 563 (farm) to property ID 189 (saleyard)
11,587,1898,DAY 12/11/2024 - moved 3 animals from property ID 587 (farm) to property ID 1898 (saleyard)
11,608,637,DAY 12/11/2024 - moved 4 animals from property ID 608 (farm) to property ID 637 (farm)
11,613,227,DAY 12/11/2024 - moved 1 animals from property ID 613 (farm) to property ID 227 (farm)
11,621,1675,DAY 12/11/2024 - moved 5 animals from property ID 621 (farm) to property ID 1675 (farm)
11,639,866,DAY 12/11/2024 - moved 116 animals from property ID 639 (farm) to property ID 866 (feedlot)
11,641,908,DAY 12/11/2024 - moved 1 animals from property ID 641 (farm) to property ID 908 (saleyard)
11,670,1301,DAY 12/11/2024 - moved 1 animals from property ID 670 (farm) to property ID 1301 (saleyard)
11,681,415,DAY 12/11/2024 - moved 9 animals from property ID 681 (farm) to property ID 415 (trader)
11,700,1109,DAY 12/11/2024 - moved 13 animals from property ID 700 (trader) to property ID 1109 (feedlot)
11,702,458,DAY 12/11/2024 - moved 20 animals from property ID 702 (farm) to property ID 458 (abbattoir)
11,703,524,DAY 12/11/2024 - moved 4 animals from property ID 703 (farm) to property ID 524 (feedlot)
11,712,1456,DAY 12/11/2024 - moved 7 animals from property ID 712 (farm) to property ID 1456 (farm)
11,723,1823,DAY 12/11/2024 - moved 3 animals from property ID 723 (farm) to property ID 1823 (trader)
11,760,1676,DAY 12/11/2024 - moved 10 animals from property ID 760 (farm) to property ID 1676 (farm)
11,776,6,DAY 12/11/2024 - moved 42 animals from property ID 776 (trader) to property ID 6 (stud farm)
11,782,458,DAY 12/11/2024 - moved 42 animals from property ID 782 (trader) to property ID 458 (abbattoir)
11,792,1282,DAY 12/11/2024 - moved 52 animals from property ID 792 (farm) to property ID 1282 (farm)
11,810,598,DAY 12/11/2024 - moved 10 animals from property ID 810 (farm) to property ID 598 (farm)
11,854,1283,DAY 12/11/2024 - moved 10 animals from property ID 854 (farm) to property ID 1283 (farm)
11,870,1110,DAY 12/11/2024 - moved 6 animals from property ID 870 (farm) to property ID 1110 (feedlot)
11,904,690,DAY 12/11/2024 - moved 5 animals from property ID 904 (trader) to property ID 690 (farm)
11,904,1988,DAY 12/11/2024 - moved 4 animals from property ID 904 (trader) to property ID 1988 (farm)
11,908,1898,DAY 12/11/2024 - moved 15 animals from property ID 908 (saleyard) to property ID 1898 (saleyard)
11,908,6,DAY 12/11/2024 - moved 14 animals from property ID 908 (saleyard) to property ID 6 (stud farm)
11,908,6,DAY 12/11/2024 - moved 14 animals from property ID 908 (saleyard) to property ID 6 (stud farm)
11,923,615,DAY 12/11/2024 - moved 14 animals from property ID 923 (farm) to property ID 615 (farm)
11,925,524,DAY 12/11/2024 - moved 7 animals from property ID 925 (farm) to property ID 524 (feedlot)
11,972,908,DAY 12/11/2024 - moved 1 animals from property ID 972 (farm) to property ID 908 (saleyard)
11,973,1121,DAY 12/11/2024 - moved 12 animals from property ID 973 (farm) to property ID 1121 (farm)
11,992,1273,DAY 12/11/2024 - moved 3 animals from property ID 992 (farm) to property ID 1273 (trader)
11,1003,1313,DAY 12/11/2024 - moved 2 animals from property ID 1003 (farm) to property ID 1313 (farm)
11,1023,323,DAY 12/11/2024 - moved 8 animals from property ID 1023 (farm) to property ID 323 (farm)
11,1024,682,DAY 12/11/2024 - moved 9 animals from property ID 1024 (farm) to property ID 682 (farm)
11,1036,1225,DAY 12/11/2024 - moved 1 animals from property ID 1036 (farm) to property ID 1225 (farm)
11,1050,1635,DAY 12/11/2024 - moved 1 animals from property ID 1050 (farm) to property ID 1635 (feedlot)
11,1062,1656,DAY 12/11/2024 - moved 2 animals from property ID 1062 (farm) to property ID 1656 (farm)
11,1095,1109,DAY 12/11/2024 - moved 3 animals from property ID 1095 (farm) to property ID 1109 (feedlot)
11,1119,27,DAY 12/11/2024 - moved 4 animals from property ID 1119 (trader) to property ID 27 (farm)
11,1119,1189,DAY 12/11/2024 - moved 3 animals from property ID 1119 (trader) to property ID 1189 (farm)
11,1119,886,DAY 12/11/2024 - moved 3 animals from property ID 1119 (trader) to property ID 886 (farm)
11,1122,1273,DAY 12/11/2024 - moved 4 animals from property ID 1122 (farm) to property ID 1273 (trader)
11,1136,1642,DAY 12/11/2024 - moved 7 animals from property ID 1136 (farm) to property ID 1642 (farm)
11,1160,1841,DAY 12/11/2024 - moved 8 animals from property ID 1160 (farm) to property ID 1841 (farm)
11,1169,1986,DAY 12/11/2024 - moved 6 animals from property ID 1169 (farm) to property ID 1986 (farm)
11,1176,867,DAY 12/11/2024 - moved 4 animals from property ID 1176 (farm) to property ID 867 (feedlot)
11,1179,1136,DAY 12/11/2024 - moved 5 animals from property ID 1179 (farm) to property ID 1136 (farm)
11,1198,429,DAY 12/11/2024 - moved 4 animals from property ID 1198 (farm) to property ID 429 (feedlot)
11,1202,904,DAY 12/11/2024 - moved 5 animals from property ID 1202 (farm) to property ID 904 (trader)
11,1203,758,DAY 12/11/2024 - moved 15 animals from property ID 1203 (farm) to property ID 758 (feedlot)
11,1219,1123,DAY 12/11/2024 - moved 19 animals from property ID 1219 (farm) to property ID 1123 (farm)
11,1225,1898,DAY 12/11/2024 - moved 1 animals from property ID 1225 (farm) to property ID 1898 (saleyard)
11,1230,424,DAY 12/11/2024 - moved 1 animals from property ID 1230 (farm) to property ID 424 (farm)
11,1234,425,DAY 12/11/2024 - moved 23 animals from property ID 1234 (farm) to property ID 425 (feedlot)
11,1273,1122,DAY 12/11/2024 - moved 11 animals from property ID 1273 (trader) to property ID 1122 (farm)
11,1273,1163,DAY 12/11/2024 - moved 12 animals from property ID 1273 (trader) to property ID 1163 (farm)
11,1274,823,DAY 12/11/2024 - moved 3 animals from property ID 1274 (farm) to property ID 823 (farm)
11,1281,1898,DAY 12/11/2024 - moved 5 animals from property ID 1281 (farm) to property ID 1898 (saleyard)
11,1287,908,DAY 12/11/2024 - moved 2 animals from property ID 1287 (farm) to property ID 908 (saleyard)
11,1298,1379,DAY 12/11/2024 - moved 9 animals from property ID 1298 (farm) to property ID 1379 (feedlot)
11,1301,867,DAY 12/11/2024 - moved 35 animals from property ID 1301 (saleyard) to property ID 867 (feedlot)
11,1304,92,DAY 12/11/2024 - moved 2 animals from property ID 1304 (farm) to property ID 92 (trader)
11,1313,1273,DAY 12/11/2024 - moved 18 animals from property ID 1313 (farm) to property ID 1273 (trader)
11,1314,524,DAY 12/11/2024 - moved 2 animals from property ID 1314 (farm) to property ID 524 (feedlot)
11,1316,1893,DAY 12/11/2024 - moved 2 animals from property ID 1316 (farm) to property ID 1893 (farm)
11,1330,177,DAY 12/11/2024 - moved 6 animals from property ID 1330 (farm) to property ID 177 (farm)
11,1333,1823,DAY 12/11/2024 - moved 4 animals from property ID 1333 (farm) to property ID 1823 (trader)
11,1359,1253,DAY 12/11/2024 - moved 2 animals from property ID 1359 (farm) to property ID 1253 (feedlot)
11,1369,1823,DAY 12/11/2024 - moved 18 animals from property ID 1369 (farm) to property ID 1823 (trader)
11,1389,1297,DAY 12/11/2024 - moved 9 animals from property ID 1389 (farm) to property ID 1297 (farm)
11,1390,1273,DAY 12/11/2024 - moved 2 animals from property ID 1390 (farm) to property ID 1273 (trader)
11,1395,867,DAY 12/11/2024 - moved 7 animals from property ID 1395 (farm) to property ID 867 (feedlot)
11,1422,958,DAY 12/11/2024 - moved 9 animals from property ID 1422 (farm) to property ID 958 (farm)
11,1441,758,DAY 12/11/2024 - moved 19 animals from property ID 1441 (farm) to property ID 758 (feedlot)
11,1479,758,DAY 12/11/2024 - moved 47 animals from property ID 1479 (trader) to property ID 758 (feedlot)
11,1497,189,DAY 12/11/2024 - moved 5 animals from property ID 1497 (farm) to property ID 189 (saleyard)
11,1519,1487,DAY 12/11/2024 - moved 1 animals from property ID 1519 (farm) to property ID 1487 (feedlot)
11,1543,1479,DAY 12/11/2024 - moved 10 animals from property ID 1543 (farm) to property ID 1479 (trader)
11,1551,153,DAY 12/11/2024 - moved 3 animals from property ID 1551 (farm) to property ID 153 (farm)
11,1555,776,DAY 12/11/2024 - moved 9 animals from property ID 1555 (farm) to property ID 776 (trader)
11,1565,92,DAY 12/11/2024 - moved 3 animals from property ID 1565 (farm) to property ID 92 (trader)
11,1568,524,DAY 12/11/2024 - moved 1 animals from property ID 1568 (farm) to property ID 524 (feedlot)
11,1612,111,DAY 12/11/2024 - moved 6 animals from property ID 1612 (farm) to property ID 111 (farm)
11,1615,758,DAY 12/11/2024 - moved 6 animals from property ID 1615 (farm) to property ID 758 (feedlot)
11,1626,458,DAY 12/11/2024 - moved 6 animals from property ID 1626 (farm) to property ID 458 (abbattoir)
11,1641,1876,DAY 12/11/2024 - moved 5 animals from property ID 1641 (farm) to property ID 1876 (farm)
11,1646,1119,DAY 12/11/2024 - moved 9 animals from property ID 1646 (farm) to property ID 1119 (trader)
11,1668,866,DAY 12/11/2024 - moved 34 animals from property ID 1668 (farm) to property ID 866 (feedlot)
11,1691,1398,DAY 12/11/2024 - moved 3 animals from property ID 1691 (farm) to property ID 1398 (farm)
11,1697,908,DAY 12/11/2024 - moved 2 animals from property ID 1697 (farm) to property ID 908 (saleyard)
11,1700,866,DAY 12/11/2024 - moved 5 animals from property ID 1700 (farm) to property ID 866 (feedlot)
11,1714,264,DAY 12/11/2024 - moved 1 animals from property ID 1714 (farm) to property ID 264 (feedlot)
11,1719,782,DAY 12/11/2024 - moved 5 animals from property ID 1719 (farm) to property ID 782 (trader)
11,1720,1851,DAY 12/11/2024 - moved 1 animals from property ID 1720 (farm) to property ID 1851 (farm)
11,1736,738,DAY 12/11/2024 - moved 11 animals from property ID 1736 (farm) to property ID 738 (farm)
11,1772,867,DAY 12/11/2024 - moved 9 animals from property ID 1772 (farm) to property ID 867 (feedlot)
11,1779,700,DAY 12/11/2024 - moved 18 animals from property ID 1779 (farm) to property ID 700 (trader)
11,1787,1871,DAY 12/11/2024 - moved 17 animals from property ID 1787 (farm) to property ID 1871 (farm)
11,1794,540,DAY 12/11/2024 - moved 4 animals from property ID 1794 (farm) to property ID 540 (farm)
11,1806,1536,DAY 12/11/2024 - moved 7 animals from property ID 1806 (farm) to property ID 1536 (feedlot)
11,1810,1666,DAY 12/11/2024 - moved 10 animals from property ID 1810 (farm) to property ID 1666 (feedlot)
11,1815,1390,DAY 12/11/2024 - moved 18 animals from property ID 1815 (farm) to property ID 1390 (farm)
11,1823,1278,DAY 12/11/2024 - moved 24 animals from property ID 1823 (trader) to property ID 1278 (farm)
11,1826,228,DAY 12/11/2024 - moved 6 animals from property ID 1826 (farm) to property ID 228 (farm)
11,1849,1379,DAY 12/11/2024 - moved 23 animals from property ID 1849 (farm) to property ID 1379 (feedlot)
11,1878,867,DAY 12/11/2024 - moved 25 animals from property ID 1878 (farm) to property ID 867 (feedlot)
11,1881,1273,DAY 12/11/2024 - moved 7 animals from property ID 1881 (farm) to property ID 1273 (trader)
11,1884,1590,DAY 12/11/2024 - moved 4 animals from property ID 1884 (farm) to property ID 1590 (farm)
11,1893,601,DAY 12/11/2024 - moved 4 animals from property ID 1893 (farm) to property ID 601 (farm)
11,1924,904,DAY 12/11/2024 - moved 1 animals from property ID 1924 (farm) to property ID 904 (trader)
11,1933,782,DAY 12/11/2024 - moved 24 animals from property ID 1933 (farm) to property ID 782 (trader)
11,1934,776,DAY 12/11/2024 - moved 1 animals from property ID 1934 (farm) to property ID 776 (trader)
11,1936,98,DAY 12/11/2024 - moved 2 animals from property ID 1936 (farm) to property ID 98 (farm)
11,1948,776,DAY 12/11/2024 - moved 17 animals from property ID 1948 (farm) to property ID 776 (trader)
11,1949,782,DAY 12/11/2024 - moved 15 animals from property ID 1949 (farm) to property ID 782 (trader)
11,1953,760,DAY 12/11/2024 - moved 5 animals from property ID 1953 (farm) to property ID 760 (farm)
11,1962,1253,DAY 12/11/2024 - moved 5 animals from property ID 1962 (farm) to property ID 1253 (feedlot)
11,1976,1062,DAY 12/11/2024 - moved 2 animals from property ID 1976 (farm) to property ID 1062 (farm)
11,1980,92,DAY 12/11/2024 - moved 6 animals from property ID 1980 (farm) to property ID 92 (trader)
11,1989,908,DAY 12/11/2024 - moved 1 animals from property ID 1989 (farm) to property ID 908 (saleyard)
12,40,776,DAY 13/11/2024 - moved 4 animals from property ID 40 (farm) to property ID 776 (trader)
12,43,867,DAY 13/11/2024 - moved 3 animals from property ID 43 (farm) to property ID 867 (feedlot)
12,50,1487,DAY 13/11/2024 - moved 5 animals from property ID 50 (farm) to property ID 1487 (feedlot)
12,58,1301,DAY 13/11/2024 - moved 4 animals from property ID 58 (farm) to property ID 1301 (saleyard)
12,73,425,DAY 13/11/2024 - moved 9 animals from property ID 73 (farm) to property ID 425 (feedlot)
12,76,908,DAY 13/11/2024 - moved 1 animals from property ID 76 (farm) to property ID 908 (saleyard)
12,77,264,DAY 13/11/2024 - moved 9 animals from property ID 77 (farm) to property ID 264 (feedlot)
12,80,1263,DAY 13/11/2024 - moved 1 animals from property ID 80 (farm) to property ID 1263 (farm)
12,86,1635,DAY 13/11/2024 - moved 9 animals from property ID 86 (farm) to property ID 1635 (feedlot)
12,92,1842,DAY 13/11/2024 - moved 12 animals from property ID 92 (trader) to property ID 1842 (farm)
12,92,1931,DAY 13/11/2024 - moved 12 animals from property ID 92 (trader) to property ID 1931 (farm)
12,92,200,DAY 13/11/2024 - moved 12 animals from property ID 92 (trader) to property ID 200 (farm)
12,105,1133,DAY 13/11/2024 - moved 15 animals from property ID 105 (farm) to property ID 1133 (farm)
12,118,1479,DAY 13/11/2024 - moved 8 animals from property ID 118 (farm) to property ID 1479 (trader)
12,125,1263,DAY 13/11/2024 - moved 9 animals from property ID 125 (farm) to property ID 1263 (farm)
12,130,1823,DAY 13/11/2024 - moved 5 animals from property ID 130 (farm) to property ID 1823 (trader)
12,134,189,DAY 13/11/2024 - moved 8 animals from property ID 134 (farm) to property ID 189 (saleyard)
12,138,1273,DAY 13/11/2024 - moved 5 animals from property ID 138 (farm) to property ID 1273 (trader)
12,141,867,DAY 13/11/2024 - moved 6 animals from property ID 141 (farm) to property ID 867 (feedlot)
12,167,1301,DAY 13/11/2024 - moved 17 animals from property ID 167 (farm) to property ID 1301 (saleyard)
12,171,1666,DAY 13/11/2024 - moved 9 animals from property ID 171 (farm) to property ID 1666 (feedlot)
12,173,1666,DAY 13/11/2024 - moved 4 animals from property ID 173 (farm) to property ID 1666 (feedlot)
12,189,857,DAY 13/11/2024 - moved 14 animals from property ID 189 (saleyard) to property ID 857 (farm)
12,189,1321,DAY 13/11/2024 - moved 15 animals from property ID 189 (saleyard) to property ID 1321 (farm)
12,189,1314,DAY 13/11/2024 - moved 15 animals from property ID 189 (saleyard) to property ID 1314 (farm)
12,189,1461,DAY 13/11/2024 - moved 15 animals from property ID 189 (saleyard) to property ID 1461 (farm)
12,189,929,DAY 13/11/2024 - moved 15 animals from property ID 189 (saleyard) to property ID 929 (farm)
12,200,92,DAY 13/11/2024 - moved 7 animals from property ID 200 (farm) to property ID 92 (trader)
12,212,1119,DAY 13/11/2024 - moved 2 animals from property ID 212 (farm) to property ID 1119 (trader)
12,217,1050,DAY 13/11/2024 - moved 9 animals from property ID 217 (farm) to property ID 1050 (farm)
12,219,329,DAY 13/11/2024 - moved 20 animals from property ID 219 (farm) to property ID 329 (farm)
12,230,35,DAY 13/11/2024 - moved 3 animals from property ID 230 (farm) to property ID 35 (farm)
12,236,1066,DAY 13/11/2024 - moved 5 animals from property ID 236 (farm) to property ID 1066 (farm)
12,250,908,DAY 13/11/2024 - moved 4 animals from property ID 250 (farm) to property ID 908 (saleyard)
12,266,425,DAY 13/11/2024 - moved 4 animals from property ID 266 (farm) to property ID 425 (feedlot)
12,277,867,DAY 13/11/2024 - moved 6 animals from property ID 277 (farm) to property ID 867 (feedlot)
12,285,1662,DAY 13/11/2024 - moved 92 animals from property ID 285 (farm) to property ID 1662 (feedlot)
12,286,92,DAY 13/11/2024 - moved 11 animals from property ID 286 (farm) to property ID 92 (trader)
12,291,782,DAY 13/11/2024 - moved 9 animals from property ID 291 (farm) to property ID 782 (trader)
12,313,1203,DAY 13/11/2024 - moved 15 animals from property ID 313 (farm) to property ID 1203 (farm)
12,321,1109,DAY 13/11/2024 - moved 3 animals from property ID 321 (farm) to property ID 1109 (feedlot)
12,330,187,DAY 13/11/2024 - moved 4 animals from property ID 330 (farm) to property ID 187 (farm)
12,337,1898,DAY 13/11/2024 - moved 11 animals from property ID 337 (farm) to property ID 1898 (saleyard)
12,338,9,DAY 13/11/2024 - moved 28 animals from property ID 338 (farm) to property ID 9 (farm)
12,347,1020,DAY 13/11/2024 - moved 3 animals from property ID 347 (farm) to property ID 1020 (farm)
12,350,425,DAY 13/11/2024 - moved 2 animals from property ID 350 (farm) to property ID 425 (feedlot)
12,370,964,DAY 13/11/2024 - moved 12 animals from property ID 370 (farm) to property ID 964 (feedlot)
12,415,43,DAY 13/11/2024 - moved 5 animals from property ID 415 (trader) to property ID 43 (farm)
12,415,1002,DAY 13/11/2024 - moved 5 animals from property ID 415 (trader) to property ID 1002 (farm)
12,415,1301,DAY 13/11/2024 - moved 5 animals from property ID 415 (trader) to property ID 1301 (saleyard)
12,430,1616,DAY 13/11/2024 - moved 2 animals from property ID 430 (farm) to property ID 1616 (farm)
12,433,1479,DAY 13/11/2024 - moved 4 animals from property ID 433 (farm) to property ID 1479 (trader)
12,457,1081,DAY 13/11/2024 - moved 4 animals from property ID 457 (farm) to property ID 1081 (farm)
12,462,6,DAY 13/11/2024 - moved 13 animals from property ID 462 (farm) to property ID 6 (stud farm)
12,471,1953,DAY 13/11/2024 - moved 11 animals from property ID 471 (farm) to property ID 1953 (farm)
12,496,466,DAY 13/11/2024 - moved 6 animals from property ID 496 (farm) to property ID 466 (farm)
12,506,188,DAY 13/11/2024 - moved 1 animals from property ID 506 (farm) to property ID 188 (feedlot)
12,508,904,DAY 13/11/2024 - moved 10 animals from property ID 508 (farm) to property ID 904 (trader)
12,512,700,DAY 13/11/2024 - moved 6 animals from property ID 512 (farm) to property ID 700 (trader)
12,521,1251,DAY 13/11/2024 - moved 4 animals from property ID 521 (farm) to property ID 1251 (farm)
12,540,162,DAY 13/11/2024 - moved 9 animals from property ID 540 (farm) to property ID 162 (farm)
12,548,1012,DAY 13/11/2024 - moved 18 animals from property ID 548 (farm) to property ID 1012 (farm)
12,550,92,DAY 13/11/2024 - moved 5 animals from property ID 550 (farm) to property ID 92 (trader)
12,552,189,DAY 13/11/2024 - moved 2 animals from property ID 552 (farm) to property ID 189 (saleyard)
12,566,387,DAY 13/11/2024 - moved 2 animals from property ID 566 (farm) to property ID 387 (farm)
12,567,867,DAY 13/11/2024 - moved 4 animals from property ID 567 (farm) to property ID 867 (feedlot)
12,568,1032,DAY 13/11/2024 - moved 8 animals from property ID 568 (farm) to property ID 1032 (farm)
12,576,53,DAY 13/11/2024 - moved 2 animals from property ID 576 (farm) to property ID 53 (farm)
12,594,867,DAY 13/11/2024 - moved 12 animals from property ID 594 (farm) to property ID 867 (feedlot)
12,607,776,DAY 13/11/2024 - moved 2 animals from property ID 607 (farm) to property ID 776 (trader)
12,617,1898,DAY 13/11/2024 - moved 5 animals from property ID 617 (farm) to property ID 1898 (saleyard)
12,627,92,DAY 13/11/2024 - moved 10 animals from property ID 627 (farm) to property ID 92 (trader)
12,628,1253,DAY 13/11/2024 - moved 10 animals from property ID 628 (farm) to property ID 1253 (feedlot)
12,646,39,DAY 13/11/2024 - moved 15 animals from property ID 646 (farm) to property ID 39 (farm)
12,648,1436,DAY 13/11/2024 - moved 6 animals from property ID 648 (farm) to property ID 1436 (farm)
12,660,832,DAY 13/11/2024 - moved 13 animals from property ID 660 (farm) to property ID 832 (farm)
12,666,782,DAY 13/11/2024 - moved 23 animals from property ID 666 (farm) to property ID 782 (trader)
12,674,767,DAY 13/11/2024 - moved 8 animals from property ID 674 (farm) to property ID 767 (farm)
12,688,1487,DAY 13/11/2024 - moved 25 animals from property ID 688 (farm) to property ID 1487 (feedlot)
12,700,455,DAY 13/11/2024 - moved 4 animals from property ID 700 (trader) to property ID 455 (farm)
12,700,1779,DAY 13/11/2024 - moved 5 animals from property ID 700 (trader) to property ID 1779 (farm)
12,700,520,DAY 13/11/2024 - moved 5 animals from property ID 700 (trader) to property ID 520 (farm)
12,716,6,DAY 13/11/2024 - moved 4 animals from property ID 716 (farm) to property ID 6 (stud farm)
12,730,17,DAY 13/11/2024 - moved 24 animals from property ID 730 (farm) to property ID 17 (farm)
12,759,904,DAY 13/11/2024 - moved 7 animals from property ID 759 (farm) to property ID 904 (trader)
12,765,1110,DAY 13/11/2024 - moved 8 animals from property ID 765 (farm) to property ID 1110 (feedlot)
12,776,6,DAY 13/11/2024 - moved 22 animals from property ID 776 (trader) to property ID 6 (stud farm)
12,776,1277,DAY 13/11/2024 - moved 22 animals from property ID 776 (trader) to property ID 1277 (farm)
12,782,367,DAY 13/11/2024 - moved 14 animals from property ID 782 (trader) to property ID 367 (farm)
12,782,955,DAY 13/11/2024 - moved 14 animals from property ID 782 (trader) to property ID 955 (farm)
12,782,1687,DAY 13/11/2024 - moved 14 animals from property ID 782 (trader) to property ID 1687 (farm)
12,785,1917,DAY 13/11/2024 - moved 2 animals from property ID 785 (farm) to property ID 1917 (farm)
12,838,1927,DAY 13/11/2024 - moved 6 animals from property ID 838 (farm) to property ID 1927 (farm)
12,839,614,DAY 13/11/2024 - moved 2 animals from property ID 839 (farm) to property ID 614 (farm)
12,843,1119,DAY 13/11/2024 - moved 3 animals from property ID 843 (farm) to property ID 1119 (trader)
12,844,1119,DAY 13/11/2024 - moved 4 animals from property ID 844 (farm) to property ID 1119 (trader)
12,873,264,DAY 13/11/2024 - moved 23 animals from property ID 873 (farm) to property ID 264 (feedlot)
12,886,1301,DAY 13/11/2024 - moved 9 animals from property ID 886 (farm) to property ID 1301 (saleyard)
12,904,1110,DAY 13/11/2024 - moved 2 animals from property ID 904 (trader) to property ID 1110 (feedlot)
12,904,1512,DAY 13/11/2024 - moved 3 animals from property ID 904 (trader) to property ID 1512 (farm)
12,904,1988,DAY 13/11/2024 - moved 3 animals from property ID 904 (trader) to property ID 1988 (farm)
12,908,1898,DAY 13/11/2024 - moved 12 animals from property ID 908 (saleyard) to property ID 1898 (saleyard)
12,908,6,DAY 13/11/2024 - moved 12 animals from property ID 908 (saleyard) to property ID 6 (stud farm)
12,908,1400,DAY 13/11/2024 - moved 12 animals from property ID 908 (saleyard) to property ID 1400 (farm)
12,916,1273,DAY 13/11/2024 - moved 4 animals from property ID 916 (farm) to property ID 1273 (trader)
12,924,1495,DAY 13/11/2024 - moved 13 animals from property ID 924 (farm) to property ID 1495 (farm)
12,933,1110,DAY 13/11/2024 - moved 10 animals from property ID 933 (farm) to property ID 1110 (feedlot)
12,948,1332,DAY 13/11/2024 - moved 4 animals from property ID 948 (farm) to property ID 1332 (farm)
12,983,415,DAY 13/11/2024 - moved 3 animals from property ID 983 (farm) to property ID 415 (trader)
12,989,758,DAY 13/11/2024 - moved 10 animals from property ID 989 (farm) to property ID 758 (feedlot)
12,1031,92,DAY 13/11/2024 - moved 13 animals from property ID 1031 (farm) to property ID 92 (trader)
12,1044,782,DAY 13/11/2024 - moved 10 animals from property ID 1044 (farm) to property ID 782 (trader)
12,1068,1418,DAY 13/11/2024 - moved 5 animals from property ID 1068 (farm) to property ID 1418 (farm)
12,1082,1273,DAY 13/11/2024 - moved 7 animals from property ID 1082 (farm) to property ID 1273 (trader)
12,1111,189,DAY 13/11/2024 - moved 29 animals from property ID 1111 (farm) to property ID 189 (saleyard)
12,1115,6,DAY 13/11/2024 - moved 5 animals from property ID 1115 (farm) to property ID 6 (stud farm)
12,1119,867,DAY 13/11/2024 - moved 3 animals from property ID 1119 (trader) to property ID 867 (feedlot)
12,1119,1957,DAY 13/11/2024 - moved 4 animals from property ID 1119 (trader) to property ID 1957 (farm)
12,1119,1829,DAY 13/11/2024 - moved 4 animals from property ID 1119 (trader) to property ID 1829 (farm)
12,1134,1080,DAY 13/11/2024 - moved 13 animals from property ID 1134 (farm) to property ID 1080 (farm)
12,1139,866,DAY 13/11/2024 - moved 25 animals from property ID 1139 (farm) to property ID 866 (feedlot)
12,1141,852,DAY 13/11/2024 - moved 2 animals from property ID 1141 (farm) to property ID 852 (farm)
12,1164,700,DAY 13/11/2024 - moved 6 animals from property ID 1164 (farm) to property ID 700 (trader)
12,1165,1300,DAY 13/11/2024 - moved 19 animals from property ID 1165 (farm) to property ID 1300 (farm)
12,1223,92,DAY 13/11/2024 - moved 7 animals from property ID 1223 (farm) to property ID 92 (trader)
12,1233,1898,DAY 13/11/2024 - moved 3 animals from property ID 1233 (farm) to property ID 1898 (saleyard)
12,1237,6,DAY 13/11/2024 - moved 1 animals from property ID 1237 (farm) to property ID 6 (stud farm)
12,1246,1898,DAY 13/11/2024 - moved 13 animals from property ID 1246 (farm) to property ID 1898 (saleyard)
12,1256,1301,DAY 13/11/2024 - moved 2 animals from property ID 1256 (farm) to property ID 1301 (saleyard)
12,1267,485,DAY 13/11/2024 - moved 1 animals from property ID 1267 (farm) to property ID 485 (farm)
12,1273,471,DAY 13/11/2024 - moved 13 animals from property ID 1273 (trader) to property ID 471 (farm)
12,1273,1789,DAY 13/11/2024 - moved 12 animals from property ID 1273 (trader) to property ID 1789 (farm)
12,1295,1253,DAY 13/11/2024 - moved 2 animals from property ID 1295 (farm) to property ID 1253 (feedlot)
12,1301,495,DAY 13/11/2024 - moved 29 animals from property ID 1301 (saleyard) to property ID 495 (farm)
12,1305,1301,DAY 13/11/2024 - moved 1 animals from property ID 1305 (farm) to property ID 1301 (saleyard)
12,1326,1969,DAY 13/11/2024 - moved 1 animals from property ID 1326 (farm) to property ID 1969 (farm)
12,1328,964,DAY 13/11/2024 - moved 4 animals from property ID 1328 (farm) to property ID 964 (feedlot)
12,1361,1253,DAY 13/11/2024 - moved 13 animals from property ID 1361 (farm) to property ID 1253 (feedlot)
12,1365,1545,DAY 13/11/2024 - moved 6 animals from property ID 1365 (farm) to property ID 1545 (farm)
12,1397,1301,DAY 13/11/2024 - moved 4 animals from property ID 1397 (farm) to property ID 1301 (saleyard)
12,1413,661,DAY 13/11/2024 - moved 3 animals from property ID 1413 (farm) to property ID 661 (farm)
12,1426,829,DAY 13/11/2024 - moved 8 animals from property ID 1426 (farm) to property ID 829 (farm)
12,1444,1983,DAY 13/11/2024 - moved 1 animals from property ID 1444 (farm) to property ID 1983 (farm)
12,1445,700,DAY 13/11/2024 - moved 18 animals from property ID 1445 (farm) to property ID 700 (trader)
12,1449,189,DAY 13/11/2024 - moved 6 animals from property ID 1449 (farm) to property ID 189 (saleyard)
12,1453,189,DAY 13/11/2024 - moved 43 animals from property ID 1453 (farm) to property ID 189 (saleyard)
12,1456,1238,DAY 13/11/2024 - moved 7 animals from property ID 1456 (farm) to property ID 1238 (farm)
12,1471,1273,DAY 13/11/2024 - moved 4 animals from property ID 1471 (farm) to property ID 1273 (trader)
12,1479,716,DAY 13/11/2024 - moved 39 animals from property ID 1479 (trader) to property ID 716 (farm)
12,1485,864,DAY 13/11/2024 - moved 7 animals from property ID 1485 (farm) to property ID 864 (farm)
12,1496,1641,DAY 13/11/2024 - moved 3 animals from property ID 1496 (farm) to property ID 1641 (farm)
12,1510,1823,DAY 13/11/2024 - moved 23 animals from property ID 1510 (farm) to property ID 1823 (trader)
12,1539,92,DAY 13/11/2024 - moved 14 animals from property ID 1539 (farm) to property ID 92 (trader)
12,1545,1448,DAY 13/11/2024 - moved 5 animals from property ID 1545 (farm) to property ID 1448 (farm)
12,1570,99,DAY 13/11/2024 - moved 5 animals from property ID 1570 (farm) to property ID 99 (farm)
12,1614,1882,DAY 13/11/2024 - moved 18 animals from property ID 1614 (farm) to property ID 1882 (farm)
12,1628,1479,DAY 13/11/2024 - moved 3 animals from property ID 1628 (farm) to property ID 1479 (trader)
12,1642,866,DAY 13/11/2024 - moved 2 animals from property ID 1642 (farm) to property ID 866 (feedlot)
12,1647,244,DAY 13/11/2024 - moved 35 animals from property ID 1647 (farm) to property ID 244 (farm)
12,1653,1898,DAY 13/11/2024 - moved 5 animals from property ID 1653 (farm) to property ID 1898 (saleyard)
12,1683,318,DAY 13/11/2024 - moved 3 animals from property ID 1683 (farm) to property ID 318 (farm)
12,1699,1479,DAY 13/11/2024 - moved 6 animals from property ID 1699 (farm) to property ID 1479 (trader)
12,1705,1119,DAY 13/11/2024 - moved 4 animals from property ID 1705 (farm) to property ID 1119 (trader)
12,1712,210,DAY 13/11/2024 - moved 4 animals from property ID 1712 (farm) to property ID 210 (farm)
12,1713,264,DAY 13/11/2024 - moved 1 animals from property ID 1713 (farm) to property ID 264 (feedlot)
12,1729,776,DAY 13/11/2024 - moved 6 animals from property ID 1729 (farm) to property ID 776 (trader)
12,1733,1476,DAY 13/11/2024 - moved 4 animals from property ID 1733 (farm) to property ID 1476 (farm)
12,1738,1866,DAY 13/11/2024 - moved 11 animals from property ID 1738 (farm) to property ID 1866 (farm)
12,1739,332,DAY 13/11/2024 - moved 1 animals from property ID 1739 (farm) to property ID 332 (farm)
12,1740,866,DAY 13/11/2024 - moved 9 animals from property ID 1740 (farm) to property ID 866 (feedlot)
12,1741,1301,DAY 13/11/2024 - moved 4 animals from property ID 1741 (farm) to property ID 1301 (saleyard)
12,1746,1479,DAY 13/11/2024 - moved 4 animals from property ID 1746 (farm) to property ID 1479 (trader)
12,1751,700,DAY 13/11/2024 - moved 1 animals from property ID 1751 (farm) to property ID 700 (trader)
12,1757,1898,DAY 13/11/2024 - moved 15 animals from property ID 1757 (farm) to property ID 1898 (saleyard)
12,1770,92,DAY 13/11/2024 - moved 39 animals from property ID 1770 (farm) to property ID 92 (trader)
12,1777,1768,DAY 13/11/2024 - moved 18 animals from property ID 1777 (farm) to property ID 1768 (feedlot)
12,1778,903,DAY 13/11/2024 - moved 1 animals from property ID 1778 (farm) to property ID 903 (farm)
12,1781,189,DAY 13/11/2024 - moved 11 animals from property ID 1781 (farm) to property ID 189 (saleyard)
12,1790,1823,DAY 13/11/2024 - moved 3 animals from property ID 1790 (farm) to property ID 1823 (trader)
12,1803,1866,DAY 13/11/2024 - moved 28 animals from property ID 1803 (farm) to property ID 1866 (farm)
12,1823,990,DAY 13/11/2024 - moved 8 animals from property ID 1823 (trader) to property ID 990 (farm)
12,1823,1108,DAY 13/11/2024 - moved 9 animals from property ID 1823 (trader) to property ID 1108 (farm)
12,1823,1362,DAY 13/11/2024 - moved 9 animals from property ID 1823 (trader) to property ID 1362 (farm)
12,1839,102,DAY 13/11/2024 - moved 17 animals from property ID 1839 (farm) to property ID 102 (farm)
12,1862,776,DAY 13/11/2024 - moved 2 animals from property ID 1862 (farm) to property ID 776 (trader)
12,1863,1536,DAY 13/11/2024 - moved 2 animals from property ID 1863 (farm) to property ID 1536 (feedlot)
12,1875,1020,DAY 13/11/2024 - moved 35 animals from property ID 1875 (farm) to property ID 1020 (farm)
12,1879,1662,DAY 13/11/2024 - moved 11 animals from property ID 1879 (farm) to property ID 1662 (feedlot)
12,1887,913,DAY 13/11/2024 - moved 1 animals from property ID 1887 (farm) to property ID 913 (farm)
12,1897,866,DAY 13/11/2024 - moved 2 animals from property ID 1897 (farm) to property ID 866 (feedlot)
12,1903,1907,DAY 13/11/2024 - moved 10 animals from property ID 1903 (farm) to property ID 1907 (feedlot)
12,1920,782,DAY 13/11/2024 - moved 4 animals from property ID 1920 (farm) to property ID 782 (trader)
12,1931,92,DAY 13/11/2024 - moved 6 animals from property ID 1931 (farm) to property ID 92 (trader)
12,1940,1273,DAY 13/11/2024 - moved 4 animals from property ID 1940 (farm) to property ID 1273 (trader)
12,1943,952,DAY 13/11/2024 - moved 8 animals from property ID 1943 (farm) to property ID 952 (farm)
12,1946,777,DAY 13/11/2024 - moved 5 animals from property ID 1946 (farm) to property ID 777 (farm)
12,1952,264,DAY 13/11/2024 - moved 1 animals from property ID 1952 (farm) to property ID 264 (feedlot)
12,1957,189,DAY 13/11/2024 - moved 3 animals from property ID 1957 (farm) to property ID 189 (saleyard)
12,1963,859,DAY 13/11/2024 - moved 3 animals from property ID 1963 (farm) to property ID 859 (farm)
13,15,1196,DAY 14/11/2024 - moved 1 animals from property ID 15 (farm) to property ID 1196 (farm)
13,35,91,DAY 14/11/2024 - moved 3 animals from property ID 35 (farm) to property ID 91 (farm)
13,78,908,DAY 14/11/2024 - moved 7 animals from property ID 78 (farm) to property ID 908 (saleyard)
13,79,914,DAY 14/11/2024 - moved 8 animals from property ID 79 (farm) to property ID 914 (farm)
13,81,1666,DAY 14/11/2024 - moved 5 animals from property ID 81 (farm) to property ID 1666 (feedlot)
13,92,1666,DAY 14/11/2024 - moved 52 animals from property ID 92 (trader) to property ID 1666 (feedlot)
13,99,776,DAY 14/11/2024 - moved 1 animals from property ID 99 (farm) to property ID 776 (trader)
13,114,278,DAY 14/11/2024 - moved 6 animals from property ID 114 (farm) to property ID 278 (farm)
13,119,1626,DAY 14/11/2024 - moved 6 animals from property ID 119 (farm) to property ID 1626 (farm)
13,132,1301,DAY 14/11/2024 - moved 5 animals from property ID 132 (farm) to property ID 1301 (saleyard)
13,149,1273,DAY 14/11/2024 - moved 4 animals from property ID 149 (farm) to property ID 1273 (trader)
13,176,908,DAY 14/11/2024 - moved 3 animals from property ID 176 (farm) to property ID 908 (saleyard)
13,189,732,DAY 14/11/2024 - moved 15 animals from property ID 189 (saleyard) to property ID 732 (farm)
13,189,964,DAY 14/11/2024 - moved 16 animals from property ID 189 (saleyard) to property ID 964 (feedlot)
13,189,1778,DAY 14/11/2024 - moved 16 animals from property ID 189 (saleyard) to property ID 1778 (farm)
13,189,711,DAY 14/11/2024 - moved 16 animals from property ID 189 (saleyard) to property ID 711 (farm)
13,189,368,DAY 14/11/2024 - moved 16 animals from property ID 189 (saleyard) to property ID 368 (farm)
13,203,782,DAY 14/11/2024 - moved 2 animals from property ID 203 (farm) to property ID 782 (trader)
13,206,776,DAY 14/11/2024 - moved 8 animals from property ID 206 (farm) to property ID 776 (trader)
13,215,908,DAY 14/11/2024 - moved 2 animals from property ID 215 (farm) to property ID 908 (saleyard)
13,223,518,DAY 14/11/2024 - moved 2 animals from property ID 223 (farm) to property ID 518 (farm)
13,232,1898,DAY 14/11/2024 - moved 7 animals from property ID 232 (farm) to property ID 1898 (saleyard)
13,238,1907,DAY 14/11/2024 - moved 41 animals from property ID 238 (farm) to property ID 1907 (feedlot)
13,251,458,DAY 14/11/2024 - moved 6 animals from property ID 251 (farm) to property ID 458 (abbattoir)
13,254,1273,DAY 14/11/2024 - moved 1 animals from property ID 254 (farm) to property ID 1273 (trader)
13,269,1407,DAY 14/11/2024 - moved 1 animals from property ID 269 (farm) to property ID 1407 (farm)
13,272,908,DAY 14/11/2024 - moved 2 animals from property ID 272 (farm) to property ID 908 (saleyard)
13,274,1094,DAY 14/11/2024 - moved 2 animals from property ID 274 (farm) to property ID 1094 (farm)
13,278,867,DAY 14/11/2024 - moved 17 animals from property ID 278 (farm) to property ID 867 (feedlot)
13,280,1487,DAY 14/11/2024 - moved 7 animals from property ID 280 (farm) to property ID 1487 (feedlot)
13,288,264,DAY 14/11/2024 - moved 1 animals from property ID 288 (farm) to property ID 264 (feedlot)
13,312,776,DAY 14/11/2024 - moved 16 animals from property ID 312 (farm) to property ID 776 (trader)
13,316,92,DAY 14/11/2024 - moved 4 animals from property ID 316 (farm) to property ID 92 (trader)
13,319,1768,DAY 14/11/2024 - moved 27 animals from property ID 319 (farm) to property ID 1768 (feedlot)
13,336,908,DAY 14/11/2024 - moved 1 animals from property ID 336 (farm) to property ID 908 (saleyard)
13,342,1907,DAY 14/11/2024 - moved 11 animals from property ID 342 (farm) to property ID 1907 (feedlot)
13,345,908,DAY 14/11/2024 - moved 4 animals from property ID 345 (farm) to property ID 908 (saleyard)
13,369,188,DAY 14/11/2024 - moved 3 animals from property ID 369 (farm) to property ID 188 (feedlot)
13,403,1508,DAY 14/11/2024 - moved 1 animals from property ID 403 (farm) to property ID 1508 (farm)
13,404,964,DAY 14/11/2024 - moved 28 animals from property ID 404 (farm) to property ID 964 (feedlot)
13,415,188,DAY 14/11/2024 - moved 6 animals from property ID 415 (trader) to property ID 188 (feedlot)
13,415,131,DAY 14/11/2024 - moved 6 animals from property ID 415 (trader) to property ID 131 (farm)
13,442,1119,DAY 14/11/2024 - moved 1 animals from property ID 442 (farm) to property ID 1119 (trader)
13,445,1662,DAY 14/11/2024 - moved 2 animals from property ID 445 (farm) to property ID 1662 (feedlot)
13,449,1823,DAY 14/11/2024 - moved 3 animals from property ID 449 (farm) to property ID 1823 (trader)
13,453,524,DAY 14/11/2024 - moved 12 animals from property ID 453 (farm) to property ID 524 (feedlot)
13,465,1635,DAY 14/11/2024 - moved 1 animals from property ID 465 (farm) to property ID 1635 (feedlot)
13,485,908,DAY 14/11/2024 - moved 1 animals from property ID 485 (farm) to property ID 908 (saleyard)
13,491,720,DAY 14/11/2024 - moved 52 animals from property ID 491 (farm) to property ID 720 (farm)
13,517,1307,DAY 14/11/2024 - moved 9 animals from property ID 517 (farm) to property ID 1307 (farm)
13,522,1478,DAY 14/11/2024 - moved 14 animals from property ID 522 (farm) to property ID 1478 (farm)
13,537,1109,DAY 14/11/2024 - moved 8 animals from property ID 537 (farm) to property ID 1109 (feedlot)
13,572,1717,DAY 14/11/2024 - moved 34 animals from property ID 572 (farm) to property ID 1717 (farm)
13,583,6,DAY 14/11/2024 - moved 5 animals from property ID 583 (farm) to property ID 6 (stud farm)
13,588,1511,DAY 14/11/2024 - moved 24 animals from property ID 588 (farm) to property ID 1511 (farm)
13,597,964,DAY 14/11/2024 - moved 4 animals from property ID 597 (farm) to property ID 964 (feedlot)
13,629,525,DAY 14/11/2024 - moved 7 animals from property ID 629 (farm) to property ID 525 (farm)
13,644,1907,DAY 14/11/2024 - moved 4 animals from property ID 644 (farm) to property ID 1907 (feedlot)
13,658,429,DAY 14/11/2024 - moved 27 animals from property ID 658 (farm) to property ID 429 (feedlot)
13,671,900,DAY 14/11/2024 - moved 4 animals from property ID 671 (farm) to property ID 900 (farm)
13,672,188,DAY 14/11/2024 - moved 5 animals from property ID 672 (farm) to property ID 188 (feedlot)
13,684,1741,DAY 14/11/2024 - moved 1 animals from property ID 684 (farm) to property ID 1741 (farm)
13,691,429,DAY 14/11/2024 - moved 4 animals from property ID 691 (farm) to property ID 429 (feedlot)
13,700,1819,DAY 14/11/2024 - moved 5 animals from property ID 700 (trader) to property ID 1819 (farm)
13,700,1578,DAY 14/11/2024 - moved 6 animals from property ID 700 (trader) to property ID 1578 (farm)
13,700,140,DAY 14/11/2024 - moved 6 animals from property ID 700 (trader) to property ID 140 (farm)
13,701,769,DAY 14/11/2024 - moved 2 animals from property ID 701 (farm) to property ID 769 (farm)
13,729,1898,DAY 14/11/2024 - moved 12 animals from property ID 729 (farm) to property ID 1898 (saleyard)
13,749,92,DAY 14/11/2024 - moved 9 animals from property ID 749 (farm) to property ID 92 (trader)
13,766,1249,DAY 14/11/2024 - moved 6 animals from property ID 766 (farm) to property ID 1249 (farm)
13,771,188,DAY 14/11/2024 - moved 2 animals from property ID 771 (farm) to property ID 188 (feedlot)
13,801,1301,DAY 14/11/2024 - moved 18 animals from property ID 801 (farm) to property ID 1301 (saleyard)
13,816,1318,DAY 14/11/2024 - moved 5 animals from property ID 816 (farm) to property ID 1318 (farm)
13,846,1823,DAY 14/11/2024 - moved 4 animals from property ID 846 (farm) to property ID 1823 (trader)
13,863,1719,DAY 14/11/2024 - moved 3 animals from property ID 863 (farm) to property ID 1719 (farm)
13,872,189,DAY 14/11/2024 - moved 21 animals from property ID 872 (farm) to property ID 189 (saleyard)
13,877,964,DAY 14/11/2024 - moved 22 animals from property ID 877 (farm) to property ID 964 (feedlot)
13,885,415,DAY 14/11/2024 - moved 10 animals from property ID 885 (farm) to property ID 415 (trader)
13,904,199,DAY 14/11/2024 - moved 4 animals from property ID 904 (trader) to property ID 199 (farm)
13,904,264,DAY 14/11/2024 - moved 3 animals from property ID 904 (trader) to property ID 264 (feedlot)
13,904,906,DAY 14/11/2024 - moved 3 animals from property ID 904 (trader) to property ID 906 (farm)
13,937,425,DAY 14/11/2024 - moved 3 animals from property ID 937 (farm) to property ID 425 (feedlot)
13,944,759,DAY 14/11/2024 - moved 4 animals from property ID 944 (farm) to property ID 759 (farm)
13,987,92,DAY 14/11/2024 - moved 5 animals from property ID 987 (farm) to property ID 92 (trader)
13,1000,1042,DAY 14/11/2024 - moved 2 animals from property ID 1000 (farm) to property ID 1042 (farm)
13,1002,1109,DAY 14/11/2024 - moved 3 animals from property ID 1002 (farm) to property ID 1109 (feedlot)
13,1013,1666,DAY 14/11/2024 - moved 3 animals from property ID 1013 (farm) to property ID 1666 (feedlot)
13,1022,458,DAY 14/11/2024 - moved 62 animals from property ID 1022 (farm) to property ID 458 (abbattoir)
13,1029,92,DAY 14/11/2024 - moved 4 animals from property ID 1029 (farm) to property ID 92 (trader)
13,1051,1666,DAY 14/11/2024 - moved 3 animals from property ID 1051 (farm) to property ID 1666 (feedlot)
13,1055,782,DAY 14/11/2024 - moved 36 animals from property ID 1055 (farm) to property ID 782 (trader)
13,1071,908,DAY 14/11/2024 - moved 3 animals from property ID 1071 (farm) to property ID 908 (saleyard)
13,1099,1218,DAY 14/11/2024 - moved 3 animals from property ID 1099 (farm) to property ID 1218 (farm)
13,1118,676,DAY 14/11/2024 - moved 2 animals from property ID 1118 (farm) to property ID 676 (farm)
13,1119,1109,DAY 14/11/2024 - moved 4 animals from property ID 1119 (trader) to property ID 1109 (feedlot)
13,1119,788,DAY 14/11/2024 - moved 4 animals from property ID 1119 (trader) to property ID 788 (farm)
13,1119,405,DAY 14/11/2024 - moved 4 animals from property ID 1119 (trader) to property ID 405 (farm)
13,1124,776,DAY 14/11/2024 - moved 8 animals from property ID 1124 (farm) to property ID 776 (trader)
13,1128,92,DAY 14/11/2024 - moved 7 animals from property ID 1128 (farm) to property ID 92 (trader)
13,1131,776,DAY 14/11/2024 - moved 1 animals from property ID 1131 (farm) to property ID 776 (trader)
13,1143,866,DAY 14/11/2024 - moved 3 animals from property ID 1143 (farm) to property ID 866 (feedlot)
13,1145,781,DAY 14/11/2024 - moved 5 animals from property ID 1145 (farm) to property ID 781 (farm)
13,1161,1898,DAY 14/11/2024 - moved 5 animals from property ID 1161 (farm) to property ID 1898 (saleyard)
13,1178,512,DAY 14/11/2024 - moved 6 animals from property ID 1178 (farm) to property ID 512 (farm)
13,1229,116,DAY 14/11/2024 - moved 7 animals from property ID 1229 (farm) to property ID 116 (farm)
13,1231,182,DAY 14/11/2024 - moved 6 animals from property ID 1231 (farm) to property ID 182 (farm)
13,1240,510,DAY 14/11/2024 - moved 1 animals from property ID 1240 (farm) to property ID 510 (farm)
13,1243,666,DAY 14/11/2024 - moved 15 animals from property ID 1243 (farm) to property ID 666 (farm)
13,1244,867,DAY 14/11/2024 - moved 3 animals from property ID 1244 (farm) to property ID 867 (feedlot)
13,1252,654,DAY 14/11/2024 - moved 2 animals from property ID 1252 (farm) to property ID 654 (farm)
13,1259,612,DAY 14/11/2024 - moved 5 animals from property ID 1259 (farm) to property ID 612 (farm)
13,1262,1011,DAY 14/11/2024 - moved 3 animals from property ID 1262 (farm) to property ID 1011 (farm)
13,1264,1823,DAY 14/11/2024 - moved 3 animals from property ID 1264 (farm) to property ID 1823 (trader)
13,1265,264,DAY 14/11/2024 - moved 4 animals from property ID 1265 (farm) to property ID 264 (feedlot)
13,1269,908,DAY 14/11/2024 - moved 8 animals from property ID 1269 (farm) to property ID 908 (saleyard)
13,1273,1240,DAY 14/11/2024 - moved 13 animals from property ID 1273 (trader) to property ID 1240 (farm)
13,1273,596,DAY 14/11/2024 - moved 12 animals from property ID 1273 (trader) to property ID 596 (farm)
13,1289,1301,DAY 14/11/2024 - moved 11 animals from property ID 1289 (farm) to property ID 1301 (saleyard)
13,1300,1595,DAY 14/11/2024 - moved 17 animals from property ID 1300 (farm) to property ID 1595 (farm)
13,1331,189,DAY 14/11/2024 - moved 5 animals from property ID 1331 (farm) to property ID 189 (saleyard)
13,1364,1273,DAY 14/11/2024 - moved 5 animals from property ID 1364 (farm) to property ID 1273 (trader)
13,1371,1301,DAY 14/11/2024 - moved 2 animals from property ID 1371 (farm) to property ID 1301 (saleyard)
13,1391,1901,DAY 14/11/2024 - moved 2 animals from property ID 1391 (farm) to property ID 1901 (farm)
13,1402,1301,DAY 14/11/2024 - moved 9 animals from property ID 1402 (farm) to property ID 1301 (saleyard)
13,1407,1301,DAY 14/11/2024 - moved 7 animals from property ID 1407 (farm) to property ID 1301 (saleyard)
13,1465,458,DAY 14/11/2024 - moved 4 animals from property ID 1465 (farm) to property ID 458 (abbattoir)
13,1477,953,DAY 14/11/2024 - moved 3 animals from property ID 1477 (farm) to property ID 953 (farm)
13,1479,1653,DAY 14/11/2024 - moved 13 animals from property ID 1479 (trader) to property ID 1653 (farm)
13,1479,758,DAY 14/11/2024 - moved 12 animals from property ID 1479 (trader) to property ID 758 (feedlot)
13,1479,1012,DAY 14/11/2024 - moved 12 animals from property ID 1479 (trader) to property ID 1012 (farm)
13,1481,874,DAY 14/11/2024 - moved 3 animals from property ID 1481 (farm) to property ID 874 (farm)
13,1483,964,DAY 14/11/2024 - moved 15 animals from property ID 1483 (farm) to property ID 964 (feedlot)
13,1492,867,DAY 14/11/2024 - moved 3 animals from property ID 1492 (farm) to property ID 867 (feedlot)
13,1526,782,DAY 14/11/2024 - moved 6 animals from property ID 1526 (farm) to property ID 782 (trader)
13,1527,1533,DAY 14/11/2024 - moved 1 animals from property ID 1527 (farm) to property ID 1533 (farm)
13,1549,908,DAY 14/11/2024 - moved 6 animals from property ID 1549 (farm) to property ID 908 (saleyard)
13,1553,1379,DAY 14/11/2024 - moved 24 animals from property ID 1553 (farm) to property ID 1379 (feedlot)
13,1563,1279,DAY 14/11/2024 - moved 7 animals from property ID 1563 (farm) to property ID 1279 (farm)
13,1592,1867,DAY 14/11/2024 - moved 13 animals from property ID 1592 (farm) to property ID 1867 (farm)
13,1596,549,DAY 14/11/2024 - moved 10 animals from property ID 1596 (farm) to property ID 549 (farm)
13,1617,776,DAY 14/11/2024 - moved 5 animals from property ID 1617 (farm) to property ID 776 (trader)
13,1644,1396,DAY 14/11/2024 - moved 1 animals from property ID 1644 (farm) to property ID 1396 (farm)
13,1655,415,DAY 14/11/2024 - moved 2 animals from property ID 1655 (farm) to property ID 415 (trader)
13,1656,1670,DAY 14/11/2024 - moved 9 animals from property ID 1656 (farm) to property ID 1670 (farm)
13,1665,759,DAY 14/11/2024 - moved 3 animals from property ID 1665 (farm) to property ID 759 (farm)
13,1672,1804,DAY 14/11/2024 - moved 5 animals from property ID 1672 (farm) to property ID 1804 (farm)
13,1696,173,DAY 14/11/2024 - moved 4 animals from property ID 1696 (farm) to property ID 173 (farm)
13,1698,782,DAY 14/11/2024 - moved 44 animals from property ID 1698 (farm) to property ID 782 (trader)
13,1728,253,DAY 14/11/2024 - moved 1 animals from property ID 1728 (farm) to property ID 253 (farm)
13,1750,1955,DAY 14/11/2024 - moved 5 animals from property ID 1750 (farm) to property ID 1955 (farm)
13,1755,908,DAY 14/11/2024 - moved 20 animals from property ID 1755 (farm) to property ID 908 (saleyard)
13,1760,92,DAY 14/11/2024 - moved 2 animals from property ID 1760 (farm) to property ID 92 (trader)
13,1762,908,DAY 14/11/2024 - moved 1 animals from property ID 1762 (farm) to property ID 908 (saleyard)
13,1769,1674,DAY 14/11/2024 - moved 4 animals from property ID 1769 (farm) to property ID 1674 (farm)
13,1774,1768,DAY 14/11/2024 - moved 8 animals from property ID 1774 (farm) to property ID 1768 (feedlot)
13,1784,1273,DAY 14/11/2024 - moved 1 animals from property ID 1784 (farm) to property ID 1273 (trader)
13,1802,827,DAY 14/11/2024 - moved 13 animals from property ID 1802 (farm) to property ID 827 (farm)
13,1811,6,DAY 14/11/2024 - moved 1 animals from property ID 1811 (farm) to property ID 6 (stud farm)
13,1813,866,DAY 14/11/2024 - moved 4 animals from property ID 1813 (farm) to property ID 866 (feedlot)
13,1816,445,DAY 14/11/2024 - moved 17 animals from property ID 1816 (farm) to property ID 445 (farm)
13,1823,1421,DAY 14/11/2024 - moved 9 animals from property ID 1823 (trader) to property ID 1421 (farm)
13,1823,141,DAY 14/11/2024 - moved 9 animals from property ID 1823 (trader) to property ID 141 (farm)
13,1823,867,DAY 14/11/2024 - moved 9 animals from property ID 1823 (trader) to property ID 867 (feedlot)
13,1831,62,DAY 14/11/2024 - moved 1 animals from property ID 1831 (farm) to property ID 62 (farm)
13,1836,92,DAY 14/11/2024 - moved 20 animals from property ID 1836 (farm) to property ID 92 (trader)
13,1848,1662,DAY 14/11/2024 - moved 19 animals from property ID 1848 (farm) to property ID 1662 (feedlot)
13,1852,161,DAY 14/11/2024 - moved 3 animals from property ID 1852 (farm) to property ID 161 (farm)
13,1858,1165,DAY 14/11/2024 - moved 6 animals from property ID 1858 (farm) to property ID 1165 (farm)
13,1908,264,DAY 14/11/2024 - moved 4 animals from property ID 1908 (farm) to property ID 264 (feedlot)
13,1951,1493,DAY 14/11/2024 - moved 1 animals from property ID 1951 (farm) to property ID 1493 (farm)
13,1994,908,DAY 14/11/2024 - moved 1 animals from property ID 1994 (farm) to property ID 908 (saleyard)
13,1995,1301,DAY 14/11/2024 - moved 1 animals from property ID 1995 (farm) to property ID 1301 (saleyard)
13,1999,92,DAY 14/11/2024 - moved 51 animals from property ID 1999 (farm) to property ID 92 (trader)
14,2,448,DAY 15/11/2024 - moved 2 animals from property ID 2 (farm) to property ID 448 (farm)
14,4,1479,DAY 15/11/2024 - moved 19 animals from property ID 4 (farm) to property ID 1479 (trader)
14,26,1960,DAY 15/11/2024 - moved 8 animals from property ID 26 (farm) to property ID 1960 (farm)
14,32,189,DAY 15/11/2024 - moved 2 animals from property ID 32 (farm) to property ID 189 (saleyard)
14,37,415,DAY 15/11/2024 - moved 1 animals from property ID 37 (farm) to property ID 415 (trader)
14,38,1654,DAY 15/11/2024 - moved 2 animals from property ID 38 (farm) to property ID 1654 (farm)
14,64,1898,DAY 15/11/2024 - moved 4 animals from property ID 64 (farm) to property ID 1898 (saleyard)
14,67,776,DAY 15/11/2024 - moved 1 animals from property ID 67 (farm) to property ID 776 (trader)
14,70,600,DAY 15/11/2024 - moved 2 animals from property ID 70 (farm) to property ID 600 (farm)
14,83,329,DAY 15/11/2024 - moved 13 animals from property ID 83 (farm) to property ID 329 (farm)
14,89,1859,DAY 15/11/2024 - moved 8 animals from property ID 89 (farm) to property ID 1859 (farm)
14,92,410,DAY 15/11/2024 - moved 62 animals from property ID 92 (trader) to property ID 410 (farm)
14,124,866,DAY 15/11/2024 - moved 4 animals from property ID 124 (farm) to property ID 866 (feedlot)
14,133,490,DAY 15/11/2024 - moved 13 animals from property ID 133 (farm) to property ID 490 (farm)
14,145,916,DAY 15/11/2024 - moved 5 animals from property ID 145 (farm) to property ID 916 (farm)
14,147,595,DAY 15/11/2024 - moved 6 animals from property ID 147 (farm) to property ID 595 (farm)
14,158,1449,DAY 15/11/2024 - moved 43 animals from property ID 158 (farm) to property ID 1449 (farm)
14,159,866,DAY 15/11/2024 - moved 11 animals from property ID 159 (farm) to property ID 866 (feedlot)
14,168,264,DAY 15/11/2024 - moved 1 animals from property ID 168 (farm) to property ID 264 (feedlot)
14,186,866,DAY 15/11/2024 - moved 10 animals from property ID 186 (farm) to property ID 866 (feedlot)
14,190,464,DAY 15/11/2024 - moved 3 animals from property ID 190 (farm) to property ID 464 (farm)
14,191,92,DAY 15/11/2024 - moved 9 animals from property ID 191 (farm) to property ID 92 (trader)
14,213,92,DAY 15/11/2024 - moved 15 animals from property ID 213 (farm) to property ID 92 (trader)
14,222,1804,DAY 15/11/2024 - moved 1 animals from property ID 222 (farm) to property ID 1804 (farm)
14,244,92,DAY 15/11/2024 - moved 6 animals from property ID 244 (farm) to property ID 92 (trader)
14,292,1898,DAY 15/11/2024 - moved 10 animals from property ID 292 (farm) to property ID 1898 (saleyard)
14,303,1253,DAY 15/11/2024 - moved 14 animals from property ID 303 (farm) to property ID 1253 (feedlot)
14,304,1804,DAY 15/11/2024 - moved 6 animals from property ID 304 (farm) to property ID 1804 (farm)
14,340,214,DAY 15/11/2024 - moved 113 animals from property ID 340 (farm) to property ID 214 (farm)
14,353,524,DAY 15/11/2024 - moved 1 animals from property ID 353 (farm) to property ID 524 (feedlot)
14,358,1625,DAY 15/11/2024 - moved 12 animals from property ID 358 (farm) to property ID 1625 (farm)
14,361,782,DAY 15/11/2024 - moved 10 animals from property ID 361 (farm) to property ID 782 (trader)
14,374,1324,DAY 15/11/2024 - moved 23 animals from property ID 374 (farm) to property ID 1324 (farm)
14,380,1624,DAY 15/11/2024 - moved 25 animals from property ID 380 (farm) to property ID 1624 (farm)
14,383,514,DAY 15/11/2024 - moved 6 animals from property ID 383 (farm) to property ID 514 (farm)
14,384,1907,DAY 15/11/2024 - moved 10 animals from property ID 384 (farm) to property ID 1907 (feedlot)
14,415,1995,DAY 15/11/2024 - moved 12 animals from property ID 415 (trader) to property ID 1995 (farm)
14,417,6,DAY 15/11/2024 - moved 10 animals from property ID 417 (farm) to property ID 6 (stud farm)
14,419,1273,DAY 15/11/2024 - moved 3 animals from property ID 419 (farm) to property ID 1273 (trader)
14,427,1396,DAY 15/11/2024 - moved 4 animals from property ID 427 (farm) to property ID 1396 (farm)
14,440,1666,DAY 15/11/2024 - moved 12 animals from property ID 440 (farm) to property ID 1666 (feedlot)
14,444,1898,DAY 15/11/2024 - moved 1 animals from property ID 444 (farm) to property ID 1898 (saleyard)
14,469,1666,DAY 15/11/2024 - moved 2 animals from property ID 469 (farm) to property ID 1666 (feedlot)
14,479,905,DAY 15/11/2024 - moved 37 animals from property ID 479 (farm) to property ID 905 (farm)
14,482,92,DAY 15/11/2024 - moved 18 animals from property ID 482 (farm) to property ID 92 (trader)
14,484,6,DAY 15/11/2024 - moved 5 animals from property ID 484 (farm) to property ID 6 (stud farm)
14,487,1726,DAY 15/11/2024 - moved 14 animals from property ID 487 (farm) to property ID 1726 (farm)
14,489,1662,DAY 15/11/2024 - moved 10 animals from property ID 489 (farm) to property ID 1662 (feedlot)
14,498,867,DAY 15/11/2024 - moved 6 animals from property ID 498 (farm) to property ID 867 (feedlot)
14,511,834,DAY 15/11/2024 - moved 2 animals from property ID 511 (farm) to property ID 834 (farm)
14,516,1301,DAY 15/11/2024 - moved 5 animals from property ID 516 (farm) to property ID 1301 (saleyard)
14,571,776,DAY 15/11/2024 - moved 4 animals from property ID 571 (farm) to property ID 776 (trader)
14,582,908,DAY 15/11/2024 - moved 3 animals from property ID 582 (farm) to property ID 908 (saleyard)
14,590,866,DAY 15/11/2024 - moved 4 animals from property ID 590 (farm) to property ID 866 (feedlot)
14,600,1273,DAY 15/11/2024 - moved 1 animals from property ID 600 (farm) to property ID 1273 (trader)
14,609,904,DAY 15/11/2024 - moved 4 animals from property ID 609 (farm) to property ID 904 (trader)
14,611,1898,DAY 15/11/2024 - moved 3 animals from property ID 611 (farm) to property ID 1898 (saleyard)
14,625,1222,DAY 15/11/2024 - moved 36 animals from property ID 625 (farm) to property ID 1222 (farm)
14,651,1119,DAY 15/11/2024 - moved 4 animals from property ID 651 (farm) to property ID 1119 (trader)
14,700,188,DAY 15/11/2024 - moved 4 animals from property ID 700 (trader) to property ID 188 (feedlot)
14,700,1331,DAY 15/11/2024 - moved 5 animals from property ID 700 (trader) to property ID 1331 (farm)
14,700,1167,DAY 15/11/2024 - moved 5 animals from property ID 700 (trader) to property ID 1167 (farm)
14,709,529,DAY 15/11/2024 - moved 5 animals from property ID 709 (farm) to property ID 529 (farm)
14,741,1535,DAY 15/11/2024 - moved 5 animals from property ID 741 (farm) to property ID 1535 (farm)
14,745,782,DAY 15/11/2024 - moved 3 animals from property ID 745 (farm) to property ID 782 (trader)
14,747,776,DAY 15/11/2024 - moved 19 animals from property ID 747 (farm) to property ID 776 (trader)
14,750,908,DAY 15/11/2024 - moved 3 animals from property ID 750 (farm) to property ID 908 (saleyard)
14,756,307,DAY 15/11/2024 - moved 5 animals from property ID 756 (farm) to property ID 307 (farm)
14,757,260,DAY 15/11/2024 - moved 2 animals from property ID 757 (farm) to property ID 260 (farm)
14,762,1145,DAY 15/11/2024 - moved 22 animals from property ID 762 (farm) to property ID 1145 (farm)
14,768,776,DAY 15/11/2024 - moved 4 animals from property ID 768 (farm) to property ID 776 (trader)
14,769,1057,DAY 15/11/2024 - moved 8 animals from property ID 769 (farm) to property ID 1057 (farm)
14,770,415,DAY 15/11/2024 - moved 3 animals from property ID 770 (farm) to property ID 415 (trader)
14,776,193,DAY 15/11/2024 - moved 46 animals from property ID 776 (trader) to property ID 193 (farm)
14,778,1141,DAY 15/11/2024 - moved 1 animals from property ID 778 (farm) to property ID 1141 (farm)
14,782,1626,DAY 15/11/2024 - moved 60 animals from property ID 782 (trader) to property ID 1626 (farm)
14,783,553,DAY 15/11/2024 - moved 24 animals from property ID 783 (farm) to property ID 553 (farm)
14,789,1470,DAY 15/11/2024 - moved 5 animals from property ID 789 (farm) to property ID 1470 (farm)
14,829,867,DAY 15/11/2024 - moved 6 animals from property ID 829 (farm) to property ID 867 (feedlot)
14,833,260,DAY 15/11/2024 - moved 1 animals from property ID 833 (farm) to property ID 260 (farm)
14,855,416,DAY 15/11/2024 - moved 3 animals from property ID 855 (farm) to property ID 416 (farm)
14,861,188,DAY 15/11/2024 - moved 20 animals from property ID 861 (farm) to property ID 188 (feedlot)
14,878,1666,DAY 15/11/2024 - moved 12 animals from property ID 878 (farm) to property ID 1666 (feedlot)
14,881,6,DAY 15/11/2024 - moved 1 animals from property ID 881 (farm) to property ID 6 (stud farm)
14,894,1635,DAY 15/11/2024 - moved 5 animals from property ID 894 (farm) to property ID 1635 (feedlot)
14,896,1666,DAY 15/11/2024 - moved 3 animals from property ID 896 (farm) to property ID 1666 (feedlot)
14,904,1110,DAY 15/11/2024 - moved 4 animals from property ID 904 (trader) to property ID 1110 (feedlot)
14,904,944,DAY 15/11/2024 - moved 4 animals from property ID 904 (trader) to property ID 944 (farm)
14,910,1273,DAY 15/11/2024 - moved 11 animals from property ID 910 (farm) to property ID 1273 (trader)
14,917,264,DAY 15/11/2024 - moved 5 animals from property ID 917 (farm) to property ID 264 (feedlot)
14,927,189,DAY 15/11/2024 - moved 5 animals from property ID 927 (farm) to property ID 189 (saleyard)
14,936,6,DAY 15/11/2024 - moved 1 animals from property ID 936 (farm) to property ID 6 (stud farm)
14,969,1252,DAY 15/11/2024 - moved 5 animals from property ID 969 (farm) to property ID 1252 (farm)
14,994,922,DAY 15/11/2024 - moved 2 animals from property ID 994 (farm) to property ID 922 (farm)
14,999,1823,DAY 15/11/2024 - moved 12 animals from property ID 999 (farm) to property ID 1823 (trader)
14,1057,189,DAY 15/11/2024 - moved 47 animals from property ID 1057 (farm) to property ID 189 (saleyard)
14,1070,92,DAY 15/11/2024 - moved 2 animals from property ID 1070 (farm) to property ID 92 (trader)
14,1108,867,DAY 15/11/2024 - moved 2 animals from property ID 1108 (farm) to property ID 867 (feedlot)
14,1119,415,DAY 15/11/2024 - moved 5 animals from property ID 1119 (trader) to property ID 415 (trader)
14,1119,415,DAY 15/11/2024 - moved 4 animals from property ID 1119 (trader) to property ID 415 (trader)
14,1127,415,DAY 15/11/2024 - moved 2 animals from property ID 1127 (farm) to property ID 415 (trader)
14,1129,112,DAY 15/11/2024 - moved 1 animals from property ID 1129 (farm) to property ID 112 (farm)
14,1138,282,DAY 15/11/2024 - moved 41 animals from property ID 1138 (farm) to property ID 282 (farm)
14,1146,404,DAY 15/11/2024 - moved 2 animals from property ID 1146 (farm) to property ID 404 (farm)
14,1153,1301,DAY 15/11/2024 - moved 4 animals from property ID 1153 (farm) to property ID 1301 (saleyard)
14,1156,1898,DAY 15/11/2024 - moved 5 animals from property ID 1156 (farm) to property ID 1898 (saleyard)
14,1167,700,DAY 15/11/2024 - moved 1 animals from property ID 1167 (farm) to property ID 700 (trader)
14,1172,776,DAY 15/11/2024 - moved 2 animals from property ID 1172 (farm) to property ID 776 (trader)
14,1195,866,DAY 15/11/2024 - moved 16 animals from property ID 1195 (farm) to property ID 866 (feedlot)
14,1206,1202,DAY 15/11/2024 - moved 3 animals from property ID 1206 (farm) to property ID 1202 (farm)
14,1207,869,DAY 15/11/2024 - moved 3 animals from property ID 1207 (farm) to property ID 869 (farm)
14,1212,1273,DAY 15/11/2024 - moved 2 animals from property ID 1212 (farm) to property ID 1273 (trader)
14,1245,439,DAY 15/11/2024 - moved 2 animals from property ID 1245 (farm) to property ID 439 (farm)
14,1247,92,DAY 15/11/2024 - moved 9 animals from property ID 1247 (farm) to property ID 92 (trader)
14,1271,189,DAY 15/11/2024 - moved 8 animals from property ID 1271 (farm) to property ID 189 (saleyard)
14,1291,1007,DAY 15/11/2024 - moved 5 animals from property ID 1291 (farm) to property ID 1007 (farm)
14,1302,1898,DAY 15/11/2024 - moved 1 animals from property ID 1302 (farm) to property ID 1898 (saleyard)
14,1339,182,DAY 15/11/2024 - moved 7 animals from property ID 1339 (farm) to property ID 182 (farm)
14,1354,866,DAY 15/11/2024 - moved 2 animals from property ID 1354 (farm) to property ID 866 (feedlot)
14,1368,1110,DAY 15/11/2024 - moved 2 animals from property ID 1368 (farm) to property ID 1110 (feedlot)
14,1372,1662,DAY 15/11/2024 - moved 18 animals from property ID 1372 (farm) to property ID 1662 (feedlot)
14,1376,1339,DAY 15/11/2024 - moved 2 animals from property ID 1376 (farm) to property ID 1339 (farm)
14,1378,415,DAY 15/11/2024 - moved 3 animals from property ID 1378 (farm) to property ID 415 (trader)
14,1393,1273,DAY 15/11/2024 - moved 9 animals from property ID 1393 (farm) to property ID 1273 (trader)
14,1431,267,DAY 15/11/2024 - moved 5 animals from property ID 1431 (farm) to property ID 267 (farm)
14,1432,692,DAY 15/11/2024 - moved 6 animals from property ID 1432 (farm) to property ID 692 (farm)
14,1442,425,DAY 15/11/2024 - moved 5 animals from property ID 1442 (farm) to property ID 425 (feedlot)
14,1448,1273,DAY 15/11/2024 - moved 3 animals from property ID 1448 (farm) to property ID 1273 (trader)
14,1451,1768,DAY 15/11/2024 - moved 21 animals from property ID 1451 (farm) to property ID 1768 (feedlot)
14,1460,592,DAY 15/11/2024 - moved 14 animals from property ID 1460 (farm) to property ID 592 (farm)
14,1462,429,DAY 15/11/2024 - moved 3 animals from property ID 1462 (farm) to property ID 429 (feedlot)
14,1464,524,DAY 15/11/2024 - moved 6 animals from property ID 1464 (farm) to property ID 524 (feedlot)
14,1466,924,DAY 15/11/2024 - moved 8 animals from property ID 1466 (farm) to property ID 924 (farm)
14,1469,867,DAY 15/11/2024 - moved 2 animals from property ID 1469 (farm) to property ID 867 (feedlot)
14,1473,1692,DAY 15/11/2024 - moved 3 animals from property ID 1473 (farm) to property ID 1692 (farm)
14,1479,989,DAY 15/11/2024 - moved 29 animals from property ID 1479 (trader) to property ID 989 (farm)
14,1509,1424,DAY 15/11/2024 - moved 4 animals from property ID 1509 (farm) to property ID 1424 (farm)
14,1514,343,DAY 15/11/2024 - moved 21 animals from property ID 1514 (farm) to property ID 343 (farm)
14,1515,867,DAY 15/11/2024 - moved 9 animals from property ID 1515 (farm) to property ID 867 (feedlot)
14,1530,657,DAY 15/11/2024 - moved 2 animals from property ID 1530 (farm) to property ID 657 (farm)
14,1548,1273,DAY 15/11/2024 - moved 6 animals from property ID 1548 (farm) to property ID 1273 (trader)
14,1562,1093,DAY 15/11/2024 - moved 1 animals from property ID 1562 (farm) to property ID 1093 (farm)
14,1579,1119,DAY 15/11/2024 - moved 3 animals from property ID 1579 (farm) to property ID 1119 (trader)
14,1604,1786,DAY 15/11/2024 - moved 5 animals from property ID 1604 (farm) to property ID 1786 (farm)
14,1640,1997,DAY 15/11/2024 - moved 1 animals from property ID 1640 (farm) to property ID 1997 (farm)
14,1645,1118,DAY 15/11/2024 - moved 4 animals from property ID 1645 (farm) to property ID 1118 (farm)
14,1654,807,DAY 15/11/2024 - moved 3 animals from property ID 1654 (farm) to property ID 807 (farm)
14,1673,1239,DAY 15/11/2024 - moved 3 animals from property ID 1673 (farm) to property ID 1239 (farm)
14,1679,259,DAY 15/11/2024 - moved 1 animals from property ID 1679 (farm) to property ID 259 (farm)
14,1684,786,DAY 15/11/2024 - moved 17 animals from property ID 1684 (farm) to property ID 786 (farm)
14,1694,1490,DAY 15/11/2024 - moved 1 animals from property ID 1694 (farm) to property ID 1490 (farm)
14,1710,786,DAY 15/11/2024 - moved 8 animals from property ID 1710 (farm) to property ID 786 (farm)
14,1718,458,DAY 15/11/2024 - moved 4 animals from property ID 1718 (farm) to property ID 458 (abbattoir)
14,1722,758,DAY 15/11/2024 - moved 35 animals from property ID 1722 (farm) to property ID 758 (feedlot)
14,1727,1823,DAY 15/11/2024 - moved 1 animals from property ID 1727 (farm) to property ID 1823 (trader)
14,1731,244,DAY 15/11/2024 - moved 9 animals from property ID 1731 (farm) to property ID 244 (farm)
14,1785,398,DAY 15/11/2024 - moved 64 animals from property ID 1785 (farm) to property ID 398 (farm)
14,1801,172,DAY 15/11/2024 - moved 11 animals from property ID 1801 (farm) to property ID 172 (farm)
14,1805,588,DAY 15/11/2024 - moved 6 animals from property ID 1805 (farm) to property ID 588 (farm)
14,1809,964,DAY 15/11/2024 - moved 4 animals from property ID 1809 (farm) to property ID 964 (feedlot)
14,1812,189,DAY 15/11/2024 - moved 6 animals from property ID 1812 (farm) to property ID 189 (saleyard)
14,1823,1395,DAY 15/11/2024 - moved 23 animals from property ID 1823 (trader) to property ID 1395 (farm)
14,1827,189,DAY 15/11/2024 - moved 23 animals from property ID 1827 (farm) to property ID 189 (saleyard)
14,1828,1662,DAY 15/11/2024 - moved 13 animals from property ID 1828 (farm) to property ID 1662 (feedlot)
14,1841,1823,DAY 15/11/2024 - moved 7 animals from property ID 1841 (farm) to property ID 1823 (trader)
14,1872,92,DAY 15/11/2024 - moved 14 animals from property ID 1872 (farm) to property ID 92 (trader)
14,1885,1454,DAY 15/11/2024 - moved 17 animals from property ID 1885 (farm) to property ID 1454 (farm)
14,1891,908,DAY 15/11/2024 - moved 3 animals from property ID 1891 (farm) to property ID 908 (saleyard)
14,1895,867,DAY 15/11/2024 - moved 1 animals from property ID 1895 (farm) to property ID 867 (feedlot)
14,1898,1763,DAY 15/11/2024 - moved 10 animals from property ID 1898 (saleyard) to property ID 1763 (farm)
14,1898,1732,DAY 15/11/2024 - moved 9 animals from property ID 1898 (saleyard) to property ID 1732 (farm)
14,1898,908,DAY 15/11/2024 - moved 9 animals from property ID 1898 (saleyard) to property ID 908 (saleyard)
14,1898,908,DAY 15/11/2024 - moved 9 animals from property ID 1898 (saleyard) to property ID 908 (saleyard)
14,1898,587,DAY 15/11/2024 - moved 9 animals from property ID 1898 (saleyard) to property ID 587 (farm)
14,1899,1109,DAY 15/11/2024 - moved 5 animals from property ID 1899 (farm) to property ID 1109 (feedlot)
14,1912,643,DAY 15/11/2024 - moved 6 animals from property ID 1912 (farm) to property ID 643 (farm)
14,1947,189,DAY 15/11/2024 - moved 9 animals from property ID 1947 (farm) to property ID 189 (saleyard)
14,1950,964,DAY 15/11/2024 - moved 3 animals from property ID 1950 (farm) to property ID 964 (feedlot)
14,1956,1723,DAY 15/11/2024 - moved 14 animals from property ID 1956 (farm) to property ID 1723 (farm)
14,1966,189,DAY 15/11/2024 - moved 7 animals from property ID 1966 (farm) to property ID 189 (saleyard)
14,1993,1301,DAY 15/11/2024 - moved 5 animals from property ID 1993 (farm) to property ID 1301 (saleyard)
14,1996,1666,DAY 15/11/2024 - moved 3 animals from property ID 1996 (farm) to property ID 1666 (feedlot)
15,5,141,DAY 16/11/2024 - moved 9 animals from property ID 5 (farm) to property ID 141 (farm)
15,6,1489,DAY 16/11/2024 - moved 17 animals from property ID 6 (stud farm) to property ID 1489 (farm)
15,6,979,DAY 16/11/2024 - moved 17 animals from property ID 6 (stud farm) to property ID 979 (farm)
15,6,908,DAY 16/11/2024 - moved 17 animals from property ID 6 (stud farm) to property ID 908 (saleyard)
15,6,776,DAY 16/11/2024 - moved 17 animals from property ID 6 (stud farm) to property ID 776 (trader)
15,22,776,DAY 16/11/2024 - moved 1 animals from property ID 22 (farm) to property ID 776 (trader)
15,54,1479,DAY 16/11/2024 - moved 3 animals from property ID 54 (farm) to property ID 1479 (trader)
15,56,415,DAY 16/11/2024 - moved 5 animals from property ID 56 (farm) to property ID 415 (trader)
15,92,866,DAY 16/11/2024 - moved 32 animals from property ID 92 (trader) to property ID 866 (feedlot)
15,92,309,DAY 16/11/2024 - moved 32 animals from property ID 92 (trader) to property ID 309 (farm)
15,93,1273,DAY 16/11/2024 - moved 2 animals from property ID 93 (farm) to property ID 1273 (trader)
15,108,1301,DAY 16/11/2024 - moved 3 animals from property ID 108 (farm) to property ID 1301 (saleyard)
15,112,1119,DAY 16/11/2024 - moved 5 animals from property ID 112 (farm) to property ID 1119 (trader)
15,128,231,DAY 16/11/2024 - moved 4 animals from property ID 128 (farm) to property ID 231 (farm)
15,137,254,DAY 16/11/2024 - moved 7 animals from property ID 137 (farm) to property ID 254 (farm)
15,142,782,DAY 16/11/2024 - moved 9 animals from property ID 142 (farm) to property ID 782 (trader)
15,151,764,DAY 16/11/2024 - moved 11 animals from property ID 151 (farm) to property ID 764 (farm)
15,157,524,DAY 16/11/2024 - moved 2 animals from property ID 157 (farm) to property ID 524 (feedlot)
15,185,1898,DAY 16/11/2024 - moved 2 animals from property ID 185 (farm) to property ID 1898 (saleyard)
15,187,1768,DAY 16/11/2024 - moved 1 animals from property ID 187 (farm) to property ID 1768 (feedlot)
15,194,1479,DAY 16/11/2024 - moved 17 animals from property ID 194 (farm) to property ID 1479 (trader)
15,214,1945,DAY 16/11/2024 - moved 21 animals from property ID 214 (farm) to property ID 1945 (farm)
15,218,1273,DAY 16/11/2024 - moved 1 animals from property ID 218 (farm) to property ID 1273 (trader)
15,226,782,DAY 16/11/2024 - moved 23 animals from property ID 226 (farm) to property ID 782 (trader)
15,233,777,DAY 16/11/2024 - moved 1 animals from property ID 233 (farm) to property ID 777 (farm)
15,234,1110,DAY 16/11/2024 - moved 9 animals from property ID 234 (farm) to property ID 1110 (feedlot)
15,242,787,DAY 16/11/2024 - moved 5 animals from property ID 242 (farm) to property ID 787 (farm)
15,246,776,DAY 16/11/2024 - moved 6 animals from property ID 246 (farm) to property ID 776 (trader)
15,255,635,DAY 16/11/2024 - moved 10 animals from property ID 255 (farm) to property ID 635 (farm)
15,275,1460,DAY 16/11/2024 - moved 10 animals from property ID 275 (farm) to property ID 1460 (farm)
15,279,1301,DAY 16/11/2024 - moved 1 animals from property ID 279 (farm) to property ID 1301 (saleyard)
15,290,1907,DAY 16/11/2024 - moved 10 animals from property ID 290 (farm) to property ID 1907 (feedlot)
15,308,189,DAY 16/11/2024 - moved 3 animals from property ID 308 (farm) to property ID 189 (saleyard)
15,317,1323,DAY 16/11/2024 - moved 92 animals from property ID 317 (farm) to property ID 1323 (farm)
15,324,753,DAY 16/11/2024 - moved 3 animals from property ID 324 (farm) to property ID 753 (farm)
15,327,776,DAY 16/11/2024 - moved 5 animals from property ID 327 (farm) to property ID 776 (trader)
15,334,1975,DAY 16/11/2024 - moved 5 animals from property ID 334 (farm) to property ID 1975 (farm)
15,360,6,DAY 16/11/2024 - moved 5 animals from property ID 360 (farm) to property ID 6 (stud farm)
15,364,92,DAY 16/11/2024 - moved 5 animals from property ID 364 (farm) to property ID 92 (trader)
15,366,776,DAY 16/11/2024 - moved 4 animals from property ID 366 (farm) to property ID 776 (trader)
15,372,867,DAY 16/11/2024 - moved 2 animals from property ID 372 (farm) to property ID 867 (feedlot)
15,376,908,DAY 16/11/2024 - moved 3 animals from property ID 376 (farm) to property ID 908 (saleyard)
15,393,866,DAY 16/11/2024 - moved 3 animals from property ID 393 (farm) to property ID 866 (feedlot)
15,415,726,DAY 16/11/2024 - moved 4 animals from property ID 415 (trader) to property ID 726 (farm)
15,415,1178,DAY 16/11/2024 - moved 5 animals from property ID 415 (trader) to property ID 1178 (farm)
15,415,188,DAY 16/11/2024 - moved 5 animals from property ID 415 (trader) to property ID 188 (feedlot)
15,422,867,DAY 16/11/2024 - moved 8 animals from property ID 422 (farm) to property ID 867 (feedlot)
15,424,709,DAY 16/11/2024 - moved 7 animals from property ID 424 (farm) to property ID 709 (farm)
15,490,1672,DAY 16/11/2024 - moved 5 animals from property ID 490 (farm) to property ID 1672 (farm)
15,515,1898,DAY 16/11/2024 - moved 4 animals from property ID 515 (farm) to property ID 1898 (saleyard)
15,525,1253,DAY 16/11/2024 - moved 4 animals from property ID 525 (farm) to property ID 1253 (feedlot)
15,528,755,DAY 16/11/2024 - moved 4 animals from property ID 528 (farm) to property ID 755 (farm)
15,538,1768,DAY 16/11/2024 - moved 6 animals from property ID 538 (farm) to property ID 1768 (feedlot)
15,557,1666,DAY 16/11/2024 - moved 4 animals from property ID 557 (farm) to property ID 1666 (feedlot)
15,560,1854,DAY 16/11/2024 - moved 6 animals from property ID 560 (farm) to property ID 1854 (farm)
15,562,1479,DAY 16/11/2024 - moved 19 animals from property ID 562 (farm) to property ID 1479 (trader)
15,569,1898,DAY 16/11/2024 - moved 17 animals from property ID 569 (farm) to property ID 1898 (saleyard)
15,602,1487,DAY 16/11/2024 - moved 2 animals from property ID 602 (farm) to property ID 1487 (feedlot)
15,615,1109,DAY 16/11/2024 - moved 2 animals from property ID 615 (farm) to property ID 1109 (feedlot)
15,632,188,DAY 16/11/2024 - moved 4 animals from property ID 632 (farm) to property ID 188 (feedlot)
15,686,238,DAY 16/11/2024 - moved 8 animals from property ID 686 (farm) to property ID 238 (farm)
15,697,92,DAY 16/11/2024 - moved 2 animals from property ID 697 (farm) to property ID 92 (trader)
15,700,903,DAY 16/11/2024 - moved 11 animals from property ID 700 (trader) to property ID 903 (farm)
15,717,1714,DAY 16/11/2024 - moved 6 animals from property ID 717 (farm) to property ID 1714 (farm)
15,721,758,DAY 16/11/2024 - moved 14 animals from property ID 721 (farm) to property ID 758 (feedlot)
15,724,142,DAY 16/11/2024 - moved 3 animals from property ID 724 (farm) to property ID 142 (farm)
15,726,867,DAY 16/11/2024 - moved 1 animals from property ID 726 (farm) to property ID 867 (feedlot)
15,728,92,DAY 16/11/2024 - moved 18 animals from property ID 728 (farm) to property ID 92 (trader)
15,732,1581,DAY 16/11/2024 - moved 5 animals from property ID 732 (farm) to property ID 1581 (farm)
15,739,776,DAY 16/11/2024 - moved 1 animals from property ID 739 (farm) to property ID 776 (trader)
15,752,66,DAY 16/11/2024 - moved 2 animals from property ID 752 (farm) to property ID 66 (farm)
15,776,908,DAY 16/11/2024 - moved 43 animals from property ID 776 (trader) to property ID 908 (saleyard)
15,782,745,DAY 16/11/2024 - moved 25 animals from property ID 782 (trader) to property ID 745 (farm)
15,782,458,DAY 16/11/2024 - moved 26 animals from property ID 782 (trader) to property ID 458 (abbattoir)
15,804,1666,DAY 16/11/2024 - moved 2 animals from property ID 804 (farm) to property ID 1666 (feedlot)
15,807,1301,DAY 16/11/2024 - moved 1 animals from property ID 807 (farm) to property ID 1301 (saleyard)
15,817,908,DAY 16/11/2024 - moved 1 animals from property ID 817 (farm) to property ID 908 (saleyard)
15,820,1119,DAY 16/11/2024 - moved 5 animals from property ID 820 (farm) to property ID 1119 (trader)
15,824,1301,DAY 16/11/2024 - moved 18 animals from property ID 824 (farm) to property ID 1301 (saleyard)
15,875,866,DAY 16/11/2024 - moved 2 animals from property ID 875 (farm) to property ID 866 (feedlot)
15,876,700,DAY 16/11/2024 - moved 5 animals from property ID 876 (farm) to property ID 700 (trader)
15,882,147,DAY 16/11/2024 - moved 21 animals from property ID 882 (farm) to property ID 147 (farm)
15,883,415,DAY 16/11/2024 - moved 1 animals from property ID 883 (farm) to property ID 415 (trader)
15,900,758,DAY 16/11/2024 - moved 32 animals from property ID 900 (farm) to property ID 758 (feedlot)
15,904,917,DAY 16/11/2024 - moved 3 animals from property ID 904 (trader) to property ID 917 (farm)
15,904,1110,DAY 16/11/2024 - moved 2 animals from property ID 904 (trader) to property ID 1110 (feedlot)
15,904,700,DAY 16/11/2024 - moved 2 animals from property ID 904 (trader) to property ID 700 (trader)
15,908,6,DAY 16/11/2024 - moved 7 animals from property ID 908 (saleyard) to property ID 6 (stud farm)
15,908,426,DAY 16/11/2024 - moved 8 animals from property ID 908 (saleyard) to property ID 426 (farm)
15,908,376,DAY 16/11/2024 - moved 8 animals from property ID 908 (saleyard) to property ID 376 (farm)
15,908,1036,DAY 16/11/2024 - moved 8 animals from property ID 908 (saleyard) to property ID 1036 (farm)
15,908,1423,DAY 16/11/2024 - moved 8 animals from property ID 908 (saleyard) to property ID 1423 (farm)
15,908,1898,DAY 16/11/2024 - moved 8 animals from property ID 908 (saleyard) to property ID 1898 (saleyard)
15,914,782,DAY 16/11/2024 - moved 20 animals from property ID 914 (farm) to property ID 782 (trader)
15,928,908,DAY 16/11/2024 - moved 4 animals from property ID 928 (farm) to property ID 908 (saleyard)
15,950,782,DAY 16/11/2024 - moved 3 animals from property ID 950 (farm) to property ID 782 (trader)
15,958,1823,DAY 16/11/2024 - moved 19 animals from property ID 958 (farm) to property ID 1823 (trader)
15,966,1898,DAY 16/11/2024 - moved 10 animals from property ID 966 (farm) to property ID 1898 (saleyard)
15,984,415,DAY 16/11/2024 - moved 11 animals from property ID 984 (farm) to property ID 415 (trader)
15,988,1768,DAY 16/11/2024 - moved 1 animals from property ID 988 (farm) to property ID 1768 (feedlot)
15,1005,524,DAY 16/11/2024 - moved 5 animals from property ID 1005 (farm) to property ID 524 (feedlot)
15,1016,1898,DAY 16/11/2024 - moved 22 animals from property ID 1016 (farm) to property ID 1898 (saleyard)
15,1020,1840,DAY 16/11/2024 - moved 25 animals from property ID 1020 (farm) to property ID 1840 (farm)
15,1053,1119,DAY 16/11/2024 - moved 2 animals from property ID 1053 (farm) to property ID 1119 (trader)
15,1066,782,DAY 16/11/2024 - moved 15 animals from property ID 1066 (farm) to property ID 782 (trader)
15,1079,6,DAY 16/11/2024 - moved 2 animals from property ID 1079 (farm) to property ID 6 (stud farm)
15,1086,1628,DAY 16/11/2024 - moved 8 animals from property ID 1086 (farm) to property ID 1628 (farm)
15,1089,189,DAY 16/11/2024 - moved 6 animals from property ID 1089 (farm) to property ID 189 (saleyard)
15,1091,189,DAY 16/11/2024 - moved 8 animals from property ID 1091 (farm) to property ID 189 (saleyard)
15,1096,1110,DAY 16/11/2024 - moved 10 animals from property ID 1096 (farm) to property ID 1110 (feedlot)
15,1102,1109,DAY 16/11/2024 - moved 4 animals from property ID 1102 (farm) to property ID 1109 (feedlot)
15,1112,1823,DAY 16/11/2024 - moved 3 animals from property ID 1112 (farm) to property ID 1823 (trader)
15,1119,1109,DAY 16/11/2024 - moved 9 animals from property ID 1119 (trader) to property ID 1109 (feedlot)
15,1123,1632,DAY 16/11/2024 - moved 4 animals from property ID 1123 (farm) to property ID 1632 (farm)
15,1135,1612,DAY 16/11/2024 - moved 1 animals from property ID 1135 (farm) to property ID 1612 (farm)
15,1140,1411,DAY 16/11/2024 - moved 4 animals from property ID 1140 (farm) to property ID 1411 (farm)
15,1168,1273,DAY 16/11/2024 - moved 1 animals from property ID 1168 (farm) to property ID 1273 (trader)
15,1173,1823,DAY 16/11/2024 - moved 15 animals from property ID 1173 (farm) to property ID 1823 (trader)
15,1187,6,DAY 16/11/2024 - moved 14 animals from property ID 1187 (farm) to property ID 6 (stud farm)
15,1201,867,DAY 16/11/2024 - moved 1 animals from property ID 1201 (farm) to property ID 867 (feedlot)
15,1208,1119,DAY 16/11/2024 - moved 1 animals from property ID 1208 (farm) to property ID 1119 (trader)
15,1211,1301,DAY 16/11/2024 - moved 3 animals from property ID 1211 (farm) to property ID 1301 (saleyard)
15,1215,867,DAY 16/11/2024 - moved 4 animals from property ID 1215 (farm) to property ID 867 (feedlot)
15,1238,1699,DAY 16/11/2024 - moved 26 animals from property ID 1238 (farm) to property ID 1699 (farm)
15,1261,1134,DAY 16/11/2024 - moved 6 animals from property ID 1261 (farm) to property ID 1134 (farm)
15,1263,1393,DAY 16/11/2024 - moved 1 animals from property ID 1263 (farm) to property ID 1393 (farm)
15,1273,363,DAY 16/11/2024 - moved 15 animals from property ID 1273 (trader) to property ID 363 (farm)
15,1273,1390,DAY 16/11/2024 - moved 14 animals from property ID 1273 (trader) to property ID 1390 (farm)
15,1280,1394,DAY 16/11/2024 - moved 10 animals from property ID 1280 (farm) to property ID 1394 (farm)
15,1293,383,DAY 16/11/2024 - moved 7 animals from property ID 1293 (farm) to property ID 383 (farm)
15,1294,673,DAY 16/11/2024 - moved 18 animals from property ID 1294 (farm) to property ID 673 (farm)
15,1301,415,DAY 16/11/2024 - moved 10 animals from property ID 1301 (saleyard) to property ID 415 (trader)
15,1301,867,DAY 16/11/2024 - moved 9 animals from property ID 1301 (saleyard) to property ID 867 (feedlot)
15,1301,1823,DAY 16/11/2024 - moved 9 animals from property ID 1301 (saleyard) to property ID 1823 (trader)
15,1301,880,DAY 16/11/2024 - moved 9 animals from property ID 1301 (saleyard) to property ID 880 (farm)
15,1301,163,DAY 16/11/2024 - moved 9 animals from property ID 1301 (saleyard) to property ID 163 (farm)
15,1308,731,DAY 16/11/2024 - moved 2 animals from property ID 1308 (farm) to property ID 731 (farm)
15,1320,1674,DAY 16/11/2024 - moved 3 animals from property ID 1320 (farm) to property ID 1674 (farm)
15,1334,524,DAY 16/11/2024 - moved 3 animals from property ID 1334 (farm) to property ID 524 (feedlot)
15,1394,1645,DAY 16/11/2024 - moved 7 animals from property ID 1394 (farm) to property ID 1645 (farm)
15,1423,1253,DAY 16/11/2024 - moved 2 animals from property ID 1423 (farm) to property ID 1253 (feedlot)
15,1425,1119,DAY 16/11/2024 - moved 3 animals from property ID 1425 (farm) to property ID 1119 (trader)
15,1437,1379,DAY 16/11/2024 - moved 2 animals from property ID 1437 (farm) to property ID 1379 (feedlot)
15,1446,782,DAY 16/11/2024 - moved 8 animals from property ID 1446 (farm) to property ID 782 (trader)
15,1479,313,DAY 16/11/2024 - moved 9 animals from property ID 1479 (trader) to property ID 313 (farm)
15,1479,758,DAY 16/11/2024 - moved 9 animals from property ID 1479 (trader) to property ID 758 (feedlot)
15,1479,46,DAY 16/11/2024 - moved 9 animals from property ID 1479 (trader) to property ID 46 (farm)
15,1480,92,DAY 16/11/2024 - moved 11 animals from property ID 1480 (farm) to property ID 92 (trader)
15,1482,425,DAY 16/11/2024 - moved 3 animals from property ID 1482 (farm) to property ID 425 (feedlot)
15,1528,1080,DAY 16/11/2024 - moved 10 animals from property ID 1528 (farm) to property ID 1080 (farm)
15,1531,1301,DAY 16/11/2024 - moved 4 animals from property ID 1531 (farm) to property ID 1301 (saleyard)
15,1537,189,DAY 16/11/2024 - moved 6 animals from property ID 1537 (farm) to property ID 189 (saleyard)
15,1552,1824,DAY 16/11/2024 - moved 8 animals from property ID 1552 (farm) to property ID 1824 (farm)
15,1556,649,DAY 16/11/2024 - moved 10 animals from property ID 1556 (farm) to property ID 649 (farm)
15,1560,1301,DAY 16/11/2024 - moved 7 animals from property ID 1560 (farm) to property ID 1301 (saleyard)
15,1564,1898,DAY 16/11/2024 - moved 3 animals from property ID 1564 (farm) to property ID 1898 (saleyard)
15,1569,8,DAY 16/11/2024 - moved 11 animals from property ID 1569 (farm) to property ID 8 (farm)
15,1589,908,DAY 16/11/2024 - moved 12 animals from property ID 1589 (farm) to property ID 908 (saleyard)
15,1607,700,DAY 16/11/2024 - moved 2 animals from property ID 1607 (farm) to property ID 700 (trader)
15,1610,867,DAY 16/11/2024 - moved 5 animals from property ID 1610 (farm) to property ID 867 (feedlot)
15,1657,31,DAY 16/11/2024 - moved 1 animals from property ID 1657 (farm) to property ID 31 (farm)
15,1675,1597,DAY 16/11/2024 - moved 8 animals from property ID 1675 (farm) to property ID 1597 (farm)
15,1682,904,DAY 16/11/2024 - moved 3 animals from property ID 1682 (farm) to property ID 904 (trader)
15,1687,327,DAY 16/11/2024 - moved 7 animals from property ID 1687 (farm) to property ID 327 (farm)
15,1726,54,DAY 16/11/2024 - moved 51 animals from property ID 1726 (farm) to property ID 54 (farm)
15,1748,1379,DAY 16/11/2024 - moved 4 animals from property ID 1748 (farm) to property ID 1379 (feedlot)
15,1756,320,DAY 16/11/2024 - moved 4 animals from property ID 1756 (farm) to property ID 320 (farm)
15,1786,524,DAY 16/11/2024 - moved 2 animals from property ID 1786 (farm) to property ID 524 (feedlot)
15,1818,456,DAY 16/11/2024 - moved 21 animals from property ID 1818 (farm) to property ID 456 (farm)
15,1821,782,DAY 16/11/2024 - moved 20 animals from property ID 1821 (farm) to property ID 782 (trader)
15,1822,1538,DAY 16/11/2024 - moved 1 animals from property ID 1822 (farm) to property ID 1538 (farm)
15,1823,1301,DAY 16/11/2024 - moved 23 animals from property ID 1823 (trader) to property ID 1301 (saleyard)
15,1842,1766,DAY 16/11/2024 - moved 9 animals from property ID 1842 (farm) to property ID 1766 (farm)
15,1856,1740,DAY 16/11/2024 - moved 5 animals from property ID 1856 (farm) to property ID 1740 (farm)
15,1868,1421,DAY 16/11/2024 - moved 6 animals from property ID 1868 (farm) to property ID 1421 (farm)
15,1877,1521,DAY 16/11/2024 - moved 2 animals from property ID 1877 (farm) to property ID 1521 (farm)
15,1880,1301,DAY 16/11/2024 - moved 7 animals from property ID 1880 (farm) to property ID 1301 (saleyard)
15,1890,1487,DAY 16/11/2024 - moved 5 animals from property ID 1890 (farm) to property ID 1487 (feedlot)
15,1892,166,DAY 16/11/2024 - moved 2 animals from property ID 1892 (farm) to property ID 166 (farm)
15,1898,851,DAY 16/11/2024 - moved 41 animals from property ID 1898 (saleyard) to property ID 851 (farm)
15,1901,1789,DAY 16/11/2024 - moved 4 animals from property ID 1901 (farm) to property ID 1789 (farm)
15,1909,1670,DAY 16/11/2024 - moved 3 animals from property ID 1909 (farm) to property ID 1670 (farm)
15,1930,157,DAY 16/11/2024 - moved 29 animals from property ID 1930 (farm) to property ID 157 (farm)
15,1955,908,DAY 16/11/2024 - moved 2 animals from property ID 1955 (farm) to property ID 908 (saleyard)
15,1982,782,DAY 16/11/2024 - moved 14 animals from property ID 1982 (farm) to property ID 782 (trader)
15,1985,188,DAY 16/11/2024 - moved 4 animals from property ID 1985 (farm) to property ID 188 (feedlot)
15,1987,189,DAY 16/11/2024 - moved 3 animals from property ID 1987 (farm) to property ID 189 (saleyard)
15,1997,103,DAY 16/11/2024 - moved 14 animals from property ID 1997 (farm) to property ID 103 (farm)
16,18,1898,DAY 17/11/2024 - moved 5 animals from property ID 18 (farm) to property ID 1898 (saleyard)
16,20,1479,DAY 17/11/2024 - moved 4 animals from property ID 20 (farm) to property ID 1479 (trader)
16,21,789,DAY 17/11/2024 - moved 29 animals from property ID 21 (farm) to property ID 789 (farm)
16,23,1632,DAY 17/11/2024 - moved 4 animals from property ID 23 (farm) to property ID 1632 (farm)
16,30,1711,DAY 17/11/2024 - moved 1 animals from property ID 30 (farm) to property ID 1711 (farm)
16,33,189,DAY 17/11/2024 - moved 17 animals from property ID 33 (farm) to property ID 189 (saleyard)
16,41,776,DAY 17/11/2024 - moved 4 animals from property ID 41 (farm) to property ID 776 (trader)
16,57,1273,DAY 17/11/2024 - moved 1 animals from property ID 57 (farm) to property ID 1273 (trader)
16,69,1536,DAY 17/11/2024 - moved 20 animals from property ID 69 (farm) to property ID 1536 (feedlot)
16,85,425,DAY 17/11/2024 - moved 16 animals from property ID 85 (farm) to property ID 425 (feedlot)
16,90,1898,DAY 17/11/2024 - moved 6 animals from property ID 90 (farm) to property ID 1898 (saleyard)
16,92,1666,DAY 17/11/2024 - moved 20 animals from property ID 92 (trader) to property ID 1666 (feedlot)
16,92,866,DAY 17/11/2024 - moved 19 animals from property ID 92 (trader) to property ID 866 (feedlot)
16,92,208,DAY 17/11/2024 - moved 19 animals from property ID 92 (trader) to property ID 208 (farm)
16,98,1273,DAY 17/11/2024 - moved 5 animals from property ID 98 (farm) to property ID 1273 (trader)
16,102,1662,DAY 17/11/2024 - moved 17 animals from property ID 102 (farm) to property ID 1662 (feedlot)
16,123,1635,DAY 17/11/2024 - moved 13 animals from property ID 123 (farm) to property ID 1635 (feedlot)
16,163,1301,DAY 17/11/2024 - moved 9 animals from property ID 163 (farm) to property ID 1301 (saleyard)
16,184,993,DAY 17/11/2024 - moved 5 animals from property ID 184 (farm) to property ID 993 (farm)
16,189,1445,DAY 17/11/2024 - moved 19 animals from property ID 189 (saleyard) to property ID 1445 (farm)
16,189,879,DAY 17/11/2024 - moved 19 animals from property ID 189 (saleyard) to property ID 879 (farm)
16,189,1164,DAY 17/11/2024 - moved 19 animals from property ID 189 (saleyard) to property ID 1164 (farm)
16,189,711,DAY 17/11/2024 - moved 19 animals from property ID 189 (saleyard) to property ID 711 (farm)
16,189,1449,DAY 17/11/2024 - moved 19 animals from property ID 189 (saleyard) to property ID 1449 (farm)
16,196,1379,DAY 17/11/2024 - moved 4 animals from property ID 196 (farm) to property ID 1379 (feedlot)
16,197,867,DAY 17/11/2024 - moved 9 animals from property ID 197 (farm) to property ID 867 (feedlot)
16,231,1479,DAY 17/11/2024 - moved 11 animals from property ID 231 (farm) to property ID 1479 (trader)
16,240,1326,DAY 17/11/2024 - moved 4 animals from property ID 240 (farm) to property ID 1326 (farm)
16,262,758,DAY 17/11/2024 - moved 8 animals from property ID 262 (farm) to property ID 758 (feedlot)
16,267,867,DAY 17/11/2024 - moved 1 animals from property ID 267 (farm) to property ID 867 (feedlot)
16,294,188,DAY 17/11/2024 - moved 3 animals from property ID 294 (farm) to property ID 188 (feedlot)
16,295,6,DAY 17/11/2024 - moved 10 animals from property ID 295 (farm) to property ID 6 (stud farm)
16,298,304,DAY 17/11/2024 - moved 7 animals from property ID 298 (farm) to property ID 304 (farm)
16,300,92,DAY 17/11/2024 - moved 7 animals from property ID 300 (farm) to property ID 92 (trader)
16,307,570,DAY 17/11/2024 - moved 3 animals from property ID 307 (farm) to property ID 570 (farm)
16,335,1479,DAY 17/11/2024 - moved 5 animals from property ID 335 (farm) to property ID 1479 (trader)
16,341,1884,DAY 17/11/2024 - moved 15 animals from property ID 341 (farm) to property ID 1884 (farm)
16,346,1301,DAY 17/11/2024 - moved 5 animals from property ID 346 (farm) to property ID 1301 (saleyard)
16,352,1253,DAY 17/11/2024 - moved 3 animals from property ID 352 (farm) to property ID 1253 (feedlot)
16,371,429,DAY 17/11/2024 - moved 5 animals from property ID 371 (farm) to property ID 429 (feedlot)
16,373,866,DAY 17/11/2024 - moved 3 animals from property ID 373 (farm) to property ID 866 (feedlot)
16,377,1926,DAY 17/11/2024 - moved 17 animals from property ID 377 (farm) to property ID 1926 (farm)
16,389,498,DAY 17/11/2024 - moved 12 animals from property ID 389 (farm) to property ID 498 (farm)
16,415,823,DAY 17/11/2024 - moved 8 animals from property ID 415 (trader) to property ID 823 (farm)
16,415,947,DAY 17/11/2024 - moved 8 animals from property ID 415 (trader) to property ID 947 (farm)
16,420,518,DAY 17/11/2024 - moved 1 animals from property ID 420 (farm) to property ID 518 (farm)
16,421,700,DAY 17/11/2024 - moved 12 animals from property ID 421 (farm) to property ID 700 (trader)
16,432,776,DAY 17/11/2024 - moved 14 animals from property ID 432 (farm) to property ID 776 (trader)
16,438,92,DAY 17/11/2024 - moved 8 animals from property ID 438 (farm) to property ID 92 (trader)
16,486,1273,DAY 17/11/2024 - moved 1 animals from property ID 486 (farm) to property ID 1273 (trader)
16,507,92,DAY 17/11/2024 - moved 8 animals from property ID 507 (farm) to property ID 92 (trader)
16,514,92,DAY 17/11/2024 - moved 12 animals from property ID 514 (farm) to property ID 92 (trader)
16,545,1479,DAY 17/11/2024 - moved 12 animals from property ID 545 (farm) to property ID 1479 (trader)
16,555,1479,DAY 17/11/2024 - moved 4 animals from property ID 555 (farm) to property ID 1479 (trader)
16,556,1662,DAY 17/11/2024 - moved 7 animals from property ID 556 (farm) to property ID 1662 (feedlot)
16,578,262,DAY 17/11/2024 - moved 4 animals from property ID 578 (farm) to property ID 262 (farm)
16,581,189,DAY 17/11/2024 - moved 2 animals from property ID 581 (farm) to property ID 189 (saleyard)
16,587,6,DAY 17/11/2024 - moved 3 animals from property ID 587 (farm) to property ID 6 (stud farm)
16,601,1582,DAY 17/11/2024 - moved 4 animals from property ID 601 (farm) to property ID 1582 (farm)
16,608,776,DAY 17/11/2024 - moved 4 animals from property ID 608 (farm) to property ID 776 (trader)
16,619,38,DAY 17/11/2024 - moved 10 animals from property ID 619 (farm) to property ID 38 (farm)
16,630,1662,DAY 17/11/2024 - moved 16 animals from property ID 630 (farm) to property ID 1662 (feedlot)
16,639,393,DAY 17/11/2024 - moved 104 animals from property ID 639 (farm) to property ID 393 (farm)
16,681,189,DAY 17/11/2024 - moved 8 animals from property ID 681 (farm) to property ID 189 (saleyard)
16,682,1024,DAY 17/11/2024 - moved 21 animals from property ID 682 (farm) to property ID 1024 (farm)
16,683,1301,DAY 17/11/2024 - moved 1 animals from property ID 683 (farm) to property ID 1301 (saleyard)
16,703,125,DAY 17/11/2024 - moved 3 animals from property ID 703 (farm) to property ID 125 (farm)
16,712,1479,DAY 17/11/2024 - moved 6 animals from property ID 712 (farm) to property ID 1479 (trader)
16,720,1487,DAY 17/11/2024 - moved 20 animals from property ID 720 (farm) to property ID 1487 (feedlot)
16,740,1768,DAY 17/11/2024 - moved 3 animals from property ID 740 (farm) to property ID 1768 (feedlot)
16,760,1170,DAY 17/11/2024 - moved 9 animals from property ID 760 (farm) to property ID 1170 (farm)
16,776,908,DAY 17/11/2024 - moved 21 animals from property ID 776 (trader) to property ID 908 (saleyard)
16,776,1253,DAY 17/11/2024 - moved 20 animals from property ID 776 (trader) to property ID 1253 (feedlot)
16,779,866,DAY 17/11/2024 - moved 2 animals from property ID 779 (farm) to property ID 866 (feedlot)
16,793,1219,DAY 17/11/2024 - moved 1 animals from property ID 793 (farm) to property ID 1219 (farm)
16,810,307,DAY 17/11/2024 - moved 9 animals from property ID 810 (farm) to property ID 307 (farm)
16,813,1134,DAY 17/11/2024 - moved 4 animals from property ID 813 (farm) to property ID 1134 (farm)
16,821,1338,DAY 17/11/2024 - moved 3 animals from property ID 821 (farm) to property ID 1338 (farm)
16,841,618,DAY 17/11/2024 - moved 2 animals from property ID 841 (farm) to property ID 618 (farm)
16,853,866,DAY 17/11/2024 - moved 1 animals from property ID 853 (farm) to property ID 866 (feedlot)
16,854,1459,DAY 17/11/2024 - moved 9 animals from property ID 854 (farm) to property ID 1459 (farm)
16,904,264,DAY 17/11/2024 - moved 3 animals from property ID 904 (trader) to property ID 264 (feedlot)
16,904,91,DAY 17/11/2024 - moved 3 animals from property ID 904 (trader) to property ID 91 (farm)
16,908,6,DAY 17/11/2024 - moved 54 animals from property ID 908 (saleyard) to property ID 6 (stud farm)
16,909,782,DAY 17/11/2024 - moved 4 animals from property ID 909 (farm) to property ID 782 (trader)
16,923,33,DAY 17/11/2024 - moved 12 animals from property ID 923 (farm) to property ID 33 (farm)
16,945,415,DAY 17/11/2024 - moved 1 animals from property ID 945 (farm) to property ID 415 (trader)
16,954,1662,DAY 17/11/2024 - moved 9 animals from property ID 954 (farm) to property ID 1662 (feedlot)
16,955,782,DAY 17/11/2024 - moved 11 animals from property ID 955 (farm) to property ID 782 (trader)
16,956,264,DAY 17/11/2024 - moved 7 animals from property ID 956 (farm) to property ID 264 (feedlot)
16,971,1756,DAY 17/11/2024 - moved 4 animals from property ID 971 (farm) to property ID 1756 (farm)
16,972,908,DAY 17/11/2024 - moved 1 animals from property ID 972 (farm) to property ID 908 (saleyard)
16,976,524,DAY 17/11/2024 - moved 5 animals from property ID 976 (farm) to property ID 524 (feedlot)
16,982,1536,DAY 17/11/2024 - moved 11 animals from property ID 982 (farm) to property ID 1536 (feedlot)
16,1001,92,DAY 17/11/2024 - moved 13 animals from property ID 1001 (farm) to property ID 92 (trader)
16,1003,995,DAY 17/11/2024 - moved 1 animals from property ID 1003 (farm) to property ID 995 (farm)
16,1024,1821,DAY 17/11/2024 - moved 8 animals from property ID 1024 (farm) to property ID 1821 (farm)
16,1026,776,DAY 17/11/2024 - moved 1 animals from property ID 1026 (farm) to property ID 776 (trader)
16,1034,1768,DAY 17/11/2024 - moved 5 animals from property ID 1034 (farm) to property ID 1768 (feedlot)
16,1036,908,DAY 17/11/2024 - moved 2 animals from property ID 1036 (farm) to property ID 908 (saleyard)
16,1046,668,DAY 17/11/2024 - moved 21 animals from property ID 1046 (farm) to property ID 668 (farm)
16,1056,1635,DAY 17/11/2024 - moved 4 animals from property ID 1056 (farm) to property ID 1635 (feedlot)
16,1081,1823,DAY 17/11/2024 - moved 1 animals from property ID 1081 (farm) to property ID 1823 (trader)
16,1095,415,DAY 17/11/2024 - moved 2 animals from property ID 1095 (farm) to property ID 415 (trader)
16,1103,1273,DAY 17/11/2024 - moved 2 animals from property ID 1103 (farm) to property ID 1273 (trader)
16,1119,415,DAY 17/11/2024 - moved 4 animals from property ID 1119 (trader) to property ID 415 (trader)
16,1119,867,DAY 17/11/2024 - moved 3 animals from property ID 1119 (trader) to property ID 867 (feedlot)
16,1119,867,DAY 17/11/2024 - moved 3 animals from property ID 1119 (trader) to property ID 867 (feedlot)
16,1169,1165,DAY 17/11/2024 - moved 5 animals from property ID 1169 (farm) to property ID 1165 (farm)
16,1176,867,DAY 17/11/2024 - moved 4 animals from property ID 1176 (farm) to property ID 867 (feedlot)
16,1200,1234,DAY 17/11/2024 - moved 27 animals from property ID 1200 (farm) to property ID 1234 (farm)
16,1203,237,DAY 17/11/2024 - moved 15 animals from property ID 1203 (farm) to property ID 237 (farm)
16,1278,1823,DAY 17/11/2024 - moved 6 animals from property ID 1278 (farm) to property ID 1823 (trader)
16,1281,1551,DAY 17/11/2024 - moved 4 animals from property ID 1281 (farm) to property ID 1551 (farm)
16,1298,1536,DAY 17/11/2024 - moved 8 animals from property ID 1298 (farm) to property ID 1536 (feedlot)
16,1301,1426,DAY 17/11/2024 - moved 16 animals from property ID 1301 (saleyard) to property ID 1426 (farm)
16,1301,1703,DAY 17/11/2024 - moved 17 animals from property ID 1301 (saleyard) to property ID 1703 (farm)
16,1301,1767,DAY 17/11/2024 - moved 17 animals from property ID 1301 (saleyard) to property ID 1767 (farm)
16,1314,189,DAY 17/11/2024 - moved 4 animals from property ID 1314 (farm) to property ID 189 (saleyard)
16,1318,302,DAY 17/11/2024 - moved 3 animals from property ID 1318 (farm) to property ID 302 (farm)
16,1329,1379,DAY 17/11/2024 - moved 17 animals from property ID 1329 (farm) to property ID 1379 (feedlot)
16,1330,1907,DAY 17/11/2024 - moved 6 animals from property ID 1330 (farm) to property ID 1907 (feedlot)
16,1344,1285,DAY 17/11/2024 - moved 1 animals from property ID 1344 (farm) to property ID 1285 (farm)
16,1359,1768,DAY 17/11/2024 - moved 1 animals from property ID 1359 (farm) to property ID 1768 (feedlot)
16,1366,1768,DAY 17/11/2024 - moved 4 animals from property ID 1366 (farm) to property ID 1768 (feedlot)
16,1374,704,DAY 17/11/2024 - moved 4 animals from property ID 1374 (farm) to property ID 704 (farm)
16,1383,189,DAY 17/11/2024 - moved 13 animals from property ID 1383 (farm) to property ID 189 (saleyard)
16,1398,1485,DAY 17/11/2024 - moved 6 animals from property ID 1398 (farm) to property ID 1485 (farm)
16,1406,1301,DAY 17/11/2024 - moved 9 animals from property ID 1406 (farm) to property ID 1301 (saleyard)
16,1412,188,DAY 17/11/2024 - moved 14 animals from property ID 1412 (farm) to property ID 188 (feedlot)
16,1415,925,DAY 17/11/2024 - moved 1 animals from property ID 1415 (farm) to property ID 925 (farm)
16,1416,1970,DAY 17/11/2024 - moved 5 animals from property ID 1416 (farm) to property ID 1970 (farm)
16,1422,1841,DAY 17/11/2024 - moved 8 animals from property ID 1422 (farm) to property ID 1841 (farm)
16,1441,1203,DAY 17/11/2024 - moved 17 animals from property ID 1441 (farm) to property ID 1203 (farm)
16,1443,1823,DAY 17/11/2024 - moved 2 animals from property ID 1443 (farm) to property ID 1823 (trader)
16,1467,425,DAY 17/11/2024 - moved 5 animals from property ID 1467 (farm) to property ID 425 (feedlot)
16,1489,908,DAY 17/11/2024 - moved 7 animals from property ID 1489 (farm) to property ID 908 (saleyard)
16,1498,896,DAY 17/11/2024 - moved 3 animals from property ID 1498 (farm) to property ID 896 (farm)
16,1502,738,DAY 17/11/2024 - moved 2 animals from property ID 1502 (farm) to property ID 738 (farm)
16,1522,1476,DAY 17/11/2024 - moved 5 animals from property ID 1522 (farm) to property ID 1476 (farm)
16,1533,1364,DAY 17/11/2024 - moved 3 animals from property ID 1533 (farm) to property ID 1364 (farm)
16,1543,380,DAY 17/11/2024 - moved 9 animals from property ID 1543 (farm) to property ID 380 (farm)
16,1550,908,DAY 17/11/2024 - moved 3 animals from property ID 1550 (farm) to property ID 908 (saleyard)
16,1555,776,DAY 17/11/2024 - moved 8 animals from property ID 1555 (farm) to property ID 776 (trader)
16,1571,782,DAY 17/11/2024 - moved 10 animals from property ID 1571 (farm) to property ID 782 (trader)
16,1615,1759,DAY 17/11/2024 - moved 6 animals from property ID 1615 (farm) to property ID 1759 (farm)
16,1620,1119,DAY 17/11/2024 - moved 2 animals from property ID 1620 (farm) to property ID 1119 (trader)
16,1622,1666,DAY 17/11/2024 - moved 7 animals from property ID 1622 (farm) to property ID 1666 (feedlot)
16,1634,1977,DAY 17/11/2024 - moved 8 animals from property ID 1634 (farm) to property ID 1977 (farm)
16,1641,1536,DAY 17/11/2024 - moved 4 animals from property ID 1641 (farm) to property ID 1536 (feedlot)
16,1643,115,DAY 17/11/2024 - moved 3 animals from property ID 1643 (farm) to property ID 115 (farm)
16,1646,867,DAY 17/11/2024 - moved 8 animals from property ID 1646 (farm) to property ID 867 (feedlot)
16,1651,1784,DAY 17/11/2024 - moved 5 animals from property ID 1651 (farm) to property ID 1784 (farm)
16,1652,455,DAY 17/11/2024 - moved 6 animals from property ID 1652 (farm) to property ID 455 (farm)
16,1671,1907,DAY 17/11/2024 - moved 13 animals from property ID 1671 (farm) to property ID 1907 (feedlot)
16,1685,458,DAY 17/11/2024 - moved 13 animals from property ID 1685 (farm) to property ID 458 (abbattoir)
16,1697,908,DAY 17/11/2024 - moved 2 animals from property ID 1697 (farm) to property ID 908 (saleyard)
16,1701,374,DAY 17/11/2024 - moved 3 animals from property ID 1701 (farm) to property ID 374 (farm)
16,1708,1617,DAY 17/11/2024 - moved 4 animals from property ID 1708 (farm) to property ID 1617 (farm)
16,1714,189,DAY 17/11/2024 - moved 1 animals from property ID 1714 (farm) to property ID 189 (saleyard)
16,1717,169,DAY 17/11/2024 - moved 8 animals from property ID 1717 (farm) to property ID 169 (farm)
16,1719,1917,DAY 17/11/2024 - moved 5 animals from property ID 1719 (farm) to property ID 1917 (farm)
16,1742,1907,DAY 17/11/2024 - moved 2 animals from property ID 1742 (farm) to property ID 1907 (feedlot)
16,1745,873,DAY 17/11/2024 - moved 5 animals from property ID 1745 (farm) to property ID 873 (farm)
16,1749,495,DAY 17/11/2024 - moved 7 animals from property ID 1749 (farm) to property ID 495 (farm)
16,1758,1768,DAY 17/11/2024 - moved 12 animals from property ID 1758 (farm) to property ID 1768 (feedlot)
16,1767,867,DAY 17/11/2024 - moved 2 animals from property ID 1767 (farm) to property ID 867 (feedlot)
16,1815,1857,DAY 17/11/2024 - moved 16 animals from property ID 1815 (farm) to property ID 1857 (farm)
16,1819,1110,DAY 17/11/2024 - moved 3 animals from property ID 1819 (farm) to property ID 1110 (feedlot)
16,1840,1823,DAY 17/11/2024 - moved 13 animals from property ID 1840 (farm) to property ID 1823 (trader)
16,1854,904,DAY 17/11/2024 - moved 5 animals from property ID 1854 (farm) to property ID 904 (trader)
16,1861,1158,DAY 17/11/2024 - moved 3 animals from property ID 1861 (farm) to property ID 1158 (farm)
16,1864,866,DAY 17/11/2024 - moved 1 animals from property ID 1864 (farm) to property ID 866 (feedlot)
16,1867,908,DAY 17/11/2024 - moved 5 animals from property ID 1867 (farm) to property ID 908 (saleyard)
16,1881,612,DAY 17/11/2024 - moved 6 animals from property ID 1881 (farm) to property ID 612 (farm)
16,1893,778,DAY 17/11/2024 - moved 4 animals from property ID 1893 (farm) to property ID 778 (farm)
16,1898,1067,DAY 17/11/2024 - moved 16 animals from property ID 1898 (saleyard) to property ID 1067 (farm)
16,1898,462,DAY 17/11/2024 - moved 15 animals from property ID 1898 (saleyard) to property ID 462 (farm)
16,1898,1635,DAY 17/11/2024 - moved 15 animals from property ID 1898 (saleyard) to property ID 1635 (feedlot)
16,1921,882,DAY 17/11/2024 - moved 1 animals from property ID 1921 (farm) to property ID 882 (farm)
16,1932,782,DAY 17/11/2024 - moved 7 animals from property ID 1932 (farm) to property ID 782 (trader)
16,1933,458,DAY 17/11/2024 - moved 22 animals from property ID 1933 (farm) to property ID 458 (abbattoir)
16,1934,776,DAY 17/11/2024 - moved 1 animals from property ID 1934 (farm) to property ID 776 (trader)
16,1936,1158,DAY 17/11/2024 - moved 2 animals from property ID 1936 (farm) to property ID 1158 (farm)
16,1942,904,DAY 17/11/2024 - moved 4 animals from property ID 1942 (farm) to property ID 904 (trader)
16,1945,682,DAY 17/11/2024 - moved 63 animals from property ID 1945 (farm) to property ID 682 (farm)
16,1948,346,DAY 17/11/2024 - moved 15 animals from property ID 1948 (farm) to property ID 346 (farm)
16,1953,524,DAY 17/11/2024 - moved 6 animals from property ID 1953 (farm) to property ID 524 (feedlot)
16,1954,776,DAY 17/11/2024 - moved 1 animals from property ID 1954 (farm) to property ID 776 (trader)
16,1973,92,DAY 17/11/2024 - moved 8 animals from property ID 1973 (farm) to property ID 92 (trader)
16,1980,838,DAY 17/11/2024 - moved 5 animals from property ID 1980 (farm) to property ID 838 (farm)
16,1990,1931,DAY 17/11/2024 - moved 4 animals from property ID 1990 (farm) to property ID 1931 (farm)
16,1998,964,DAY 17/11/2024 - moved 9 animals from property ID 1998 (farm) to property ID 964 (feedlot)
17,8,197,DAY 18/11/2024 - moved 9 animals from property ID 8 (farm) to property ID 197 (farm)
17,80,700,DAY 18/11/2024 - moved 1 animals from property ID 80 (farm) to property ID 700 (trader)
17,86,776,DAY 18/11/2024 - moved 8 animals from property ID 86 (farm) to property ID 776 (trader)
17,91,207,DAY 18/11/2024 - moved 5 animals from property ID 91 (farm) to property ID 207 (farm)
17,92,577,DAY 18/11/2024 - moved 29 animals from property ID 92 (trader) to property ID 577 (farm)
17,92,514,DAY 18/11/2024 - moved 29 animals from property ID 92 (trader) to property ID 514 (farm)
17,100,1028,DAY 18/11/2024 - moved 7 animals from property ID 100 (farm) to property ID 1028 (farm)
17,103,782,DAY 18/11/2024 - moved 4 animals from property ID 103 (farm) to property ID 782 (trader)
17,111,1273,DAY 18/11/2024 - moved 2 animals from property ID 111 (farm) to property ID 1273 (trader)
17,118,758,DAY 18/11/2024 - moved 7 animals from property ID 118 (farm) to property ID 758 (feedlot)
17,125,98,DAY 18/11/2024 - moved 8 animals from property ID 125 (farm) to property ID 98 (farm)
17,134,188,DAY 18/11/2024 - moved 7 animals from property ID 134 (farm) to property ID 188 (feedlot)
17,167,1739,DAY 18/11/2024 - moved 15 animals from property ID 167 (farm) to property ID 1739 (farm)
17,173,866,DAY 18/11/2024 - moved 4 animals from property ID 173 (farm) to property ID 866 (feedlot)
17,177,281,DAY 18/11/2024 - moved 4 animals from property ID 177 (farm) to property ID 281 (farm)
17,179,1635,DAY 18/11/2024 - moved 8 animals from property ID 179 (farm) to property ID 1635 (feedlot)
17,180,1301,DAY 18/11/2024 - moved 3 animals from property ID 180 (farm) to property ID 1301 (saleyard)
17,181,1768,DAY 18/11/2024 - moved 1 animals from property ID 181 (farm) to property ID 1768 (feedlot)
17,189,311,DAY 18/11/2024 - moved 15 animals from property ID 189 (saleyard) to property ID 311 (farm)
17,189,1853,DAY 18/11/2024 - moved 14 animals from property ID 189 (saleyard) to property ID 1853 (farm)
17,189,225,DAY 18/11/2024 - moved 14 animals from property ID 189 (saleyard) to property ID 225 (farm)
17,189,188,DAY 18/11/2024 - moved 14 animals from property ID 189 (saleyard) to property ID 188 (feedlot)
17,189,1228,DAY 18/11/2024 - moved 14 animals from property ID 189 (saleyard) to property ID 1228 (farm)
17,189,59,DAY 18/11/2024 - moved 14 animals from property ID 189 (saleyard) to property ID 59 (farm)
17,202,1348,DAY 18/11/2024 - moved 4 animals from property ID 202 (farm) to property ID 1348 (farm)
17,230,229,DAY 18/11/2024 - moved 3 animals from property ID 230 (farm) to property ID 229 (farm)
17,236,1261,DAY 18/11/2024 - moved 4 animals from property ID 236 (farm) to property ID 1261 (farm)
17,245,6,DAY 18/11/2024 - moved 8 animals from property ID 245 (farm) to property ID 6 (stud farm)
17,250,776,DAY 18/11/2024 - moved 4 animals from property ID 250 (farm) to property ID 776 (trader)
17,256,776,DAY 18/11/2024 - moved 3 animals from property ID 256 (farm) to property ID 776 (trader)
17,277,867,DAY 18/11/2024 - moved 5 animals from property ID 277 (farm) to property ID 867 (feedlot)
17,291,458,DAY 18/11/2024 - moved 8 animals from property ID 291 (farm) to property ID 458 (abbattoir)
17,302,1273,DAY 18/11/2024 - moved 3 animals from property ID 302 (farm) to property ID 1273 (trader)
17,318,1253,DAY 18/11/2024 - moved 3 animals from property ID 318 (farm) to property ID 1253 (feedlot)
17,321,1119,DAY 18/11/2024 - moved 2 animals from property ID 321 (farm) to property ID 1119 (trader)
17,337,1662,DAY 18/11/2024 - moved 9 animals from property ID 337 (farm) to property ID 1662 (feedlot)
17,347,1915,DAY 18/11/2024 - moved 3 animals from property ID 347 (farm) to property ID 1915 (farm)
17,357,1109,DAY 18/11/2024 - moved 1 animals from property ID 357 (farm) to property ID 1109 (feedlot)
17,365,782,DAY 18/11/2024 - moved 6 animals from property ID 365 (farm) to property ID 782 (trader)
17,370,1566,DAY 18/11/2024 - moved 10 animals from property ID 370 (farm) to property ID 1566 (farm)
17,379,782,DAY 18/11/2024 - moved 3 animals from property ID 379 (farm) to property ID 782 (trader)
17,392,691,DAY 18/11/2024 - moved 9 animals from property ID 392 (farm) to property ID 691 (farm)
17,399,458,DAY 18/11/2024 - moved 7 animals from property ID 399 (farm) to property ID 458 (abbattoir)
17,401,1669,DAY 18/11/2024 - moved 2 animals from property ID 401 (farm) to property ID 1669 (farm)
17,415,188,DAY 18/11/2024 - moved 14 animals from property ID 415 (trader) to property ID 188 (feedlot)
17,428,1273,DAY 18/11/2024 - moved 2 animals from property ID 428 (farm) to property ID 1273 (trader)
17,433,1016,DAY 18/11/2024 - moved 4 animals from property ID 433 (farm) to property ID 1016 (farm)
17,441,481,DAY 18/11/2024 - moved 4 animals from property ID 441 (farm) to property ID 481 (farm)
17,462,1536,DAY 18/11/2024 - moved 13 animals from property ID 462 (farm) to property ID 1536 (feedlot)
17,477,216,DAY 18/11/2024 - moved 8 animals from property ID 477 (farm) to property ID 216 (farm)
17,494,700,DAY 18/11/2024 - moved 3 animals from property ID 494 (farm) to property ID 700 (trader)
17,504,1442,DAY 18/11/2024 - moved 1 animals from property ID 504 (farm) to property ID 1442 (farm)
17,506,1745,DAY 18/11/2024 - moved 1 animals from property ID 506 (farm) to property ID 1745 (farm)
17,508,188,DAY 18/11/2024 - moved 9 animals from property ID 508 (farm) to property ID 188 (feedlot)
17,510,1273,DAY 18/11/2024 - moved 3 animals from property ID 510 (farm) to property ID 1273 (trader)
17,512,759,DAY 18/11/2024 - moved 6 animals from property ID 512 (farm) to property ID 759 (farm)
17,519,189,DAY 18/11/2024 - moved 1 animals from property ID 519 (farm) to property ID 189 (saleyard)
17,530,1110,DAY 18/11/2024 - moved 6 animals from property ID 530 (farm) to property ID 1110 (feedlot)
17,532,1301,DAY 18/11/2024 - moved 18 animals from property ID 532 (farm) to property ID 1301 (saleyard)
17,535,47,DAY 18/11/2024 - moved 48 animals from property ID 535 (farm) to property ID 47 (farm)
17,550,866,DAY 18/11/2024 - moved 4 animals from property ID 550 (farm) to property ID 866 (feedlot)
17,566,866,DAY 18/11/2024 - moved 1 animals from property ID 566 (farm) to property ID 866 (feedlot)
17,568,719,DAY 18/11/2024 - moved 7 animals from property ID 568 (farm) to property ID 719 (farm)
17,586,1301,DAY 18/11/2024 - moved 5 animals from property ID 586 (farm) to property ID 1301 (saleyard)
17,603,348,DAY 18/11/2024 - moved 4 animals from property ID 603 (farm) to property ID 348 (farm)
17,614,1273,DAY 18/11/2024 - moved 11 animals from property ID 614 (farm) to property ID 1273 (trader)
17,617,1487,DAY 18/11/2024 - moved 5 animals from property ID 617 (farm) to property ID 1487 (feedlot)
17,626,782,DAY 18/11/2024 - moved 14 animals from property ID 626 (farm) to property ID 782 (trader)
17,631,92,DAY 18/11/2024 - moved 9 animals from property ID 631 (farm) to property ID 92 (trader)
17,634,207,DAY 18/11/2024 - moved 1 animals from property ID 634 (farm) to property ID 207 (farm)
17,648,1823,DAY 18/11/2024 - moved 5 animals from property ID 648 (farm) to property ID 1823 (trader)
17,660,458,DAY 18/11/2024 - moved 12 animals from property ID 660 (farm) to property ID 458 (abbattoir)
17,699,866,DAY 18/11/2024 - moved 12 animals from property ID 699 (farm) to property ID 866 (feedlot)
17,700,494,DAY 18/11/2024 - moved 13 animals from property ID 700 (trader) to property ID 494 (farm)
17,716,1479,DAY 18/11/2024 - moved 8 animals from property ID 716 (farm) to property ID 1479 (trader)
17,730,792,DAY 18/11/2024 - moved 22 animals from property ID 730 (farm) to property ID 792 (farm)
17,735,776,DAY 18/11/2024 - moved 3 animals from property ID 735 (farm) to property ID 776 (trader)
17,748,188,DAY 18/11/2024 - moved 1 animals from property ID 748 (farm) to property ID 188 (feedlot)
17,751,1501,DAY 18/11/2024 - moved 7 animals from property ID 751 (farm) to property ID 1501 (farm)
17,765,1110,DAY 18/11/2024 - moved 7 animals from property ID 765 (farm) to property ID 1110 (feedlot)
17,772,211,DAY 18/11/2024 - moved 42 animals from property ID 772 (farm) to property ID 211 (farm)
17,776,429,DAY 18/11/2024 - moved 19 animals from property ID 776 (trader) to property ID 429 (feedlot)
17,776,1758,DAY 18/11/2024 - moved 20 animals from property ID 776 (trader) to property ID 1758 (farm)
17,782,740,DAY 18/11/2024 - moved 70 animals from property ID 782 (trader) to property ID 740 (farm)
17,790,891,DAY 18/11/2024 - moved 2 animals from property ID 790 (farm) to property ID 891 (farm)
17,799,1405,DAY 18/11/2024 - moved 30 animals from property ID 799 (farm) to property ID 1405 (farm)
17,808,753,DAY 18/11/2024 - moved 6 animals from property ID 808 (farm) to property ID 753 (farm)
17,822,1768,DAY 18/11/2024 - moved 49 animals from property ID 822 (farm) to property ID 1768 (feedlot)
17,834,1301,DAY 18/11/2024 - moved 4 animals from property ID 834 (farm) to property ID 1301 (saleyard)
17,842,92,DAY 18/11/2024 - moved 5 animals from property ID 842 (farm) to property ID 92 (trader)
17,873,904,DAY 18/11/2024 - moved 21 animals from property ID 873 (farm) to property ID 904 (trader)
17,886,1797,DAY 18/11/2024 - moved 8 animals from property ID 886 (farm) to property ID 1797 (farm)
17,891,1119,DAY 18/11/2024 - moved 12 animals from property ID 891 (farm) to property ID 1119 (trader)
17,904,1110,DAY 18/11/2024 - moved 7 animals from property ID 904 (trader) to property ID 1110 (feedlot)
17,908,1347,DAY 18/11/2024 - moved 17 animals from property ID 908 (saleyard) to property ID 1347 (farm)
17,908,1962,DAY 18/11/2024 - moved 17 animals from property ID 908 (saleyard) to property ID 1962 (farm)
17,908,1948,DAY 18/11/2024 - moved 17 animals from property ID 908 (saleyard) to property ID 1948 (farm)
17,912,1273,DAY 18/11/2024 - moved 25 animals from property ID 912 (farm) to property ID 1273 (trader)
17,924,758,DAY 18/11/2024 - moved 12 animals from property ID 924 (farm) to property ID 758 (feedlot)
17,933,904,DAY 18/11/2024 - moved 9 animals from property ID 933 (farm) to property ID 904 (trader)
17,948,1662,DAY 18/11/2024 - moved 4 animals from property ID 948 (farm) to property ID 1662 (feedlot)
17,951,866,DAY 18/11/2024 - moved 3 animals from property ID 951 (farm) to property ID 866 (feedlot)
17,960,867,DAY 18/11/2024 - moved 8 animals from property ID 960 (farm) to property ID 867 (feedlot)
17,978,1273,DAY 18/11/2024 - moved 2 animals from property ID 978 (farm) to property ID 1273 (trader)
17,983,1211,DAY 18/11/2024 - moved 3 animals from property ID 983 (farm) to property ID 1211 (farm)
17,996,1849,DAY 18/11/2024 - moved 5 animals from property ID 996 (farm) to property ID 1849 (farm)
17,997,964,DAY 18/11/2024 - moved 3 animals from property ID 997 (farm) to property ID 964 (feedlot)
17,1004,189,DAY 18/11/2024 - moved 3 animals from property ID 1004 (farm) to property ID 189 (saleyard)
17,1019,92,DAY 18/11/2024 - moved 7 animals from property ID 1019 (farm) to property ID 92 (trader)
17,1021,908,DAY 18/11/2024 - moved 1 animals from property ID 1021 (farm) to property ID 908 (saleyard)
17,1039,51,DAY 18/11/2024 - moved 4 animals from property ID 1039 (farm) to property ID 51 (farm)
17,1068,1273,DAY 18/11/2024 - moved 4 animals from property ID 1068 (farm) to property ID 1273 (trader)
17,1076,971,DAY 18/11/2024 - moved 2 animals from property ID 1076 (farm) to property ID 971 (farm)
17,1082,1946,DAY 18/11/2024 - moved 7 animals from property ID 1082 (farm) to property ID 1946 (farm)
17,1088,524,DAY 18/11/2024 - moved 4 animals from property ID 1088 (farm) to property ID 524 (feedlot)
17,1092,1307,DAY 18/11/2024 - moved 19 animals from property ID 1092 (farm) to property ID 1307 (farm)
17,1094,1823,DAY 18/11/2024 - moved 1 animals from property ID 1094 (farm) to property ID 1823 (trader)
17,1101,6,DAY 18/11/2024 - moved 5 animals from property ID 1101 (farm) to property ID 6 (stud farm)
17,1106,201,DAY 18/11/2024 - moved 1 animals from property ID 1106 (farm) to property ID 201 (farm)
17,1111,188,DAY 18/11/2024 - moved 26 animals from property ID 1111 (farm) to property ID 188 (feedlot)
17,1115,252,DAY 18/11/2024 - moved 4 animals from property ID 1115 (farm) to property ID 252 (farm)
17,1134,1678,DAY 18/11/2024 - moved 13 animals from property ID 1134 (farm) to property ID 1678 (farm)
17,1139,1832,DAY 18/11/2024 - moved 23 animals from property ID 1139 (farm) to property ID 1832 (farm)
17,1141,1403,DAY 18/11/2024 - moved 2 animals from property ID 1141 (farm) to property ID 1403 (farm)
17,1144,1907,DAY 18/11/2024 - moved 23 animals from property ID 1144 (farm) to property ID 1907 (feedlot)
17,1164,1202,DAY 18/11/2024 - moved 8 animals from property ID 1164 (farm) to property ID 1202 (farm)
17,1223,669,DAY 18/11/2024 - moved 6 animals from property ID 1223 (farm) to property ID 669 (farm)
17,1233,776,DAY 18/11/2024 - moved 3 animals from property ID 1233 (farm) to property ID 776 (trader)
17,1256,1119,DAY 18/11/2024 - moved 2 animals from property ID 1256 (farm) to property ID 1119 (trader)
17,1267,319,DAY 18/11/2024 - moved 1 animals from property ID 1267 (farm) to property ID 319 (farm)
17,1273,1364,DAY 18/11/2024 - moved 13 animals from property ID 1273 (trader) to property ID 1364 (farm)
17,1273,1713,DAY 18/11/2024 - moved 13 animals from property ID 1273 (trader) to property ID 1713 (farm)
17,1295,425,DAY 18/11/2024 - moved 2 animals from property ID 1295 (farm) to property ID 425 (feedlot)
17,1301,921,DAY 18/11/2024 - moved 9 animals from property ID 1301 (saleyard) to property ID 921 (farm)
17,1301,1119,DAY 18/11/2024 - moved 9 animals from property ID 1301 (saleyard) to property ID 1119 (trader)
17,1301,1715,DAY 18/11/2024 - moved 9 animals from property ID 1301 (saleyard) to property ID 1715 (farm)
17,1301,37,DAY 18/11/2024 - moved 9 animals from property ID 1301 (saleyard) to property ID 37 (farm)
17,1301,114,DAY 18/11/2024 - moved 9 animals from property ID 1301 (saleyard) to property ID 114 (farm)
17,1305,1294,DAY 18/11/2024 - moved 1 animals from property ID 1305 (farm) to property ID 1294 (farm)
17,1311,782,DAY 18/11/2024 - moved 36 animals from property ID 1311 (farm) to property ID 782 (trader)
17,1326,1980,DAY 18/11/2024 - moved 2 animals from property ID 1326 (farm) to property ID 1980 (farm)
17,1328,1635,DAY 18/11/2024 - moved 4 animals from property ID 1328 (farm) to property ID 1635 (feedlot)
17,1352,693,DAY 18/11/2024 - moved 41 animals from property ID 1352 (farm) to property ID 693 (farm)
17,1361,425,DAY 18/11/2024 - moved 12 animals from property ID 1361 (farm) to property ID 425 (feedlot)
17,1362,867,DAY 18/11/2024 - moved 6 animals from property ID 1362 (farm) to property ID 867 (feedlot)
17,1377,1380,DAY 18/11/2024 - moved 9 animals from property ID 1377 (farm) to property ID 1380 (farm)
17,1401,1482,DAY 18/11/2024 - moved 5 animals from property ID 1401 (farm) to property ID 1482 (farm)
17,1449,1950,DAY 18/11/2024 - moved 11 animals from property ID 1449 (farm) to property ID 1950 (farm)
17,1453,524,DAY 18/11/2024 - moved 38 animals from property ID 1453 (farm) to property ID 524 (feedlot)
17,1459,1671,DAY 18/11/2024 - moved 4 animals from property ID 1459 (farm) to property ID 1671 (farm)
17,1476,1823,DAY 18/11/2024 - moved 9 animals from property ID 1476 (farm) to property ID 1823 (trader)
17,1479,1145,DAY 18/11/2024 - moved 12 animals from property ID 1479 (trader) to property ID 1145 (farm)
17,1479,758,DAY 18/11/2024 - moved 13 animals from property ID 1479 (trader) to property ID 758 (feedlot)
17,1479,758,DAY 18/11/2024 - moved 13 animals from property ID 1479 (trader) to property ID 758 (feedlot)
17,1510,1823,DAY 18/11/2024 - moved 21 animals from property ID 1510 (farm) to property ID 1823 (trader)
17,1518,1393,DAY 18/11/2024 - moved 3 animals from property ID 1518 (farm) to property ID 1393 (farm)
17,1539,92,DAY 18/11/2024 - moved 12 animals from property ID 1539 (farm) to property ID 92 (trader)
17,1540,1898,DAY 18/11/2024 - moved 3 animals from property ID 1540 (farm) to property ID 1898 (saleyard)
17,1545,9,DAY 18/11/2024 - moved 5 animals from property ID 1545 (farm) to property ID 9 (farm)
17,1588,1512,DAY 18/11/2024 - moved 2 animals from property ID 1588 (farm) to property ID 1512 (farm)
17,1630,1301,DAY 18/11/2024 - moved 14 animals from property ID 1630 (farm) to property ID 1301 (saleyard)
17,1647,866,DAY 18/11/2024 - moved 32 animals from property ID 1647 (farm) to property ID 866 (feedlot)
17,1667,458,DAY 18/11/2024 - moved 8 animals from property ID 1667 (farm) to property ID 458 (abbattoir)
17,1705,505,DAY 18/11/2024 - moved 3 animals from property ID 1705 (farm) to property ID 505 (farm)
17,1707,675,DAY 18/11/2024 - moved 13 animals from property ID 1707 (farm) to property ID 675 (farm)
17,1709,189,DAY 18/11/2024 - moved 32 animals from property ID 1709 (farm) to property ID 189 (saleyard)
17,1733,813,DAY 18/11/2024 - moved 3 animals from property ID 1733 (farm) to property ID 813 (farm)
17,1735,6,DAY 18/11/2024 - moved 1 animals from property ID 1735 (farm) to property ID 6 (stud farm)
17,1741,1301,DAY 18/11/2024 - moved 4 animals from property ID 1741 (farm) to property ID 1301 (saleyard)
17,1746,1479,DAY 18/11/2024 - moved 3 animals from property ID 1746 (farm) to property ID 1479 (trader)
17,1747,1236,DAY 18/11/2024 - moved 6 animals from property ID 1747 (farm) to property ID 1236 (farm)
17,1752,919,DAY 18/11/2024 - moved 1 animals from property ID 1752 (farm) to property ID 919 (farm)
17,1776,3,DAY 18/11/2024 - moved 21 animals from property ID 1776 (farm) to property ID 3 (farm)
17,1778,885,DAY 18/11/2024 - moved 3 animals from property ID 1778 (farm) to property ID 885 (farm)
17,1780,1273,DAY 18/11/2024 - moved 1 animals from property ID 1780 (farm) to property ID 1273 (trader)
17,1781,1109,DAY 18/11/2024 - moved 10 animals from property ID 1781 (farm) to property ID 1109 (feedlot)
17,1789,1908,DAY 18/11/2024 - moved 8 animals from property ID 1789 (farm) to property ID 1908 (farm)
17,1790,1301,DAY 18/11/2024 - moved 3 animals from property ID 1790 (farm) to property ID 1301 (saleyard)
17,1793,1666,DAY 18/11/2024 - moved 10 animals from property ID 1793 (farm) to property ID 1666 (feedlot)
17,1807,782,DAY 18/11/2024 - moved 11 animals from property ID 1807 (farm) to property ID 782 (trader)
17,1820,403,DAY 18/11/2024 - moved 2 animals from property ID 1820 (farm) to property ID 403 (farm)
17,1823,1743,DAY 18/11/2024 - moved 32 animals from property ID 1823 (trader) to property ID 1743 (farm)
17,1832,191,DAY 18/11/2024 - moved 2 animals from property ID 1832 (farm) to property ID 191 (farm)
17,1835,1907,DAY 18/11/2024 - moved 11 animals from property ID 1835 (farm) to property ID 1907 (feedlot)
17,1846,908,DAY 18/11/2024 - moved 1 animals from property ID 1846 (farm) to property ID 908 (saleyard)
17,1862,1898,DAY 18/11/2024 - moved 2 animals from property ID 1862 (farm) to property ID 1898 (saleyard)
17,1863,1253,DAY 18/11/2024 - moved 2 animals from property ID 1863 (farm) to property ID 1253 (feedlot)
17,1875,198,DAY 18/11/2024 - moved 31 animals from property ID 1875 (farm) to property ID 198 (farm)
17,1879,1907,DAY 18/11/2024 - moved 10 animals from property ID 1879 (farm) to property ID 1907 (feedlot)
17,1887,776,DAY 18/11/2024 - moved 1 animals from property ID 1887 (farm) to property ID 776 (trader)
17,1889,1623,DAY 18/11/2024 - moved 2 animals from property ID 1889 (farm) to property ID 1623 (farm)
17,1897,699,DAY 18/11/2024 - moved 2 animals from property ID 1897 (farm) to property ID 699 (farm)
17,1898,1487,DAY 18/11/2024 - moved 9 animals from property ID 1898 (saleyard) to property ID 1487 (feedlot)
17,1898,1635,DAY 18/11/2024 - moved 10 animals from property ID 1898 (saleyard) to property ID 1635 (feedlot)
17,1898,425,DAY 18/11/2024 - moved 10 animals from property ID 1898 (saleyard) to property ID 425 (feedlot)
17,1898,908,DAY 18/11/2024 - moved 10 animals from property ID 1898 (saleyard) to property ID 908 (saleyard)
17,1903,1662,DAY 18/11/2024 - moved 9 animals from property ID 1903 (farm) to property ID 1662 (feedlot)
17,1910,273,DAY 18/11/2024 - moved 4 animals from property ID 1910 (farm) to property ID 273 (farm)
17,1916,782,DAY 18/11/2024 - moved 27 animals from property ID 1916 (farm) to property ID 782 (trader)
17,1931,1850,DAY 18/11/2024 - moved 7 animals from property ID 1931 (farm) to property ID 1850 (farm)
17,1940,1273,DAY 18/11/2024 - moved 4 animals from property ID 1940 (farm) to property ID 1273 (trader)
17,1943,1634,DAY 18/11/2024 - moved 7 animals from property ID 1943 (farm) to property ID 1634 (farm)
17,1952,1061,DAY 18/11/2024 - moved 1 animals from property ID 1952 (farm) to property ID 1061 (farm)
17,1963,1316,DAY 18/11/2024 - moved 2 animals from property ID 1963 (farm) to property ID 1316 (farm)
17,1986,1973,DAY 18/11/2024 - moved 11 animals from property ID 1986 (farm) to property ID 1973 (farm)
18,0,728,DAY 19/11/2024 - moved 38 animals from property ID 0 (farm) to property ID 728 (farm)
18,14,1823,DAY 19/11/2024 - moved 12 animals from property ID 14 (farm) to property ID 1823 (trader)
18,15,1276,DAY 19/11/2024 - moved 1 animals from property ID 15 (farm) to property ID 1276 (farm)
18,29,1168,DAY 19/11/2024 - moved 10 animals from property ID 29 (farm) to property ID 1168 (farm)
18,39,1815,DAY 19/11/2024 - moved 2 animals from property ID 39 (farm) to property ID 1815 (farm)
18,59,700,DAY 19/11/2024 - moved 12 animals from property ID 59 (farm) to property ID 700 (trader)
18,62,1577,DAY 19/11/2024 - moved 9 animals from property ID 62 (farm) to property ID 1577 (farm)
18,71,6,DAY 19/11/2024 - moved 1 animals from property ID 71 (farm) to property ID 6 (stud farm)
18,79,1859,DAY 19/11/2024 - moved 7 animals from property ID 79 (farm) to property ID 1859 (farm)
18,81,1666,DAY 19/11/2024 - moved 5 animals from property ID 81 (farm) to property ID 1666 (feedlot)
18,92,1799,DAY 19/11/2024 - moved 53 animals from property ID 92 (trader) to property ID 1799 (farm)
18,99,429,DAY 19/11/2024 - moved 1 animals from property ID 99 (farm) to property ID 429 (feedlot)
18,110,92,DAY 19/11/2024 - moved 5 animals from property ID 110 (farm) to property ID 92 (trader)
18,119,568,DAY 19/11/2024 - moved 5 animals from property ID 119 (farm) to property ID 568 (farm)
18,143,866,DAY 19/11/2024 - moved 1 animals from property ID 143 (farm) to property ID 866 (feedlot)
18,149,1273,DAY 19/11/2024 - moved 3 animals from property ID 149 (farm) to property ID 1273 (trader)
18,160,875,DAY 19/11/2024 - moved 12 animals from property ID 160 (farm) to property ID 875 (farm)
18,162,1109,DAY 19/11/2024 - moved 13 animals from property ID 162 (farm) to property ID 1109 (feedlot)
18,174,144,DAY 19/11/2024 - moved 3 animals from property ID 174 (farm) to property ID 144 (farm)
18,183,456,DAY 19/11/2024 - moved 2 animals from property ID 183 (farm) to property ID 456 (farm)
18,189,524,DAY 19/11/2024 - moved 25 animals from property ID 189 (saleyard) to property ID 524 (feedlot)
18,189,494,DAY 19/11/2024 - moved 25 animals from property ID 189 (saleyard) to property ID 494 (farm)
18,189,964,DAY 19/11/2024 - moved 25 animals from property ID 189 (saleyard) to property ID 964 (feedlot)
18,199,1110,DAY 19/11/2024 - moved 15 animals from property ID 199 (farm) to property ID 1110 (feedlot)
18,203,1243,DAY 19/11/2024 - moved 1 animals from property ID 203 (farm) to property ID 1243 (farm)
18,207,1368,DAY 19/11/2024 - moved 8 animals from property ID 207 (farm) to property ID 1368 (farm)
18,221,1555,DAY 19/11/2024 - moved 1 animals from property ID 221 (farm) to property ID 1555 (farm)
18,223,264,DAY 19/11/2024 - moved 2 animals from property ID 223 (farm) to property ID 264 (feedlot)
18,227,867,DAY 19/11/2024 - moved 2 animals from property ID 227 (farm) to property ID 867 (feedlot)
18,232,1662,DAY 19/11/2024 - moved 6 animals from property ID 232 (farm) to property ID 1662 (feedlot)
18,237,758,DAY 19/11/2024 - moved 5 animals from property ID 237 (farm) to property ID 758 (feedlot)
18,251,458,DAY 19/11/2024 - moved 5 animals from property ID 251 (farm) to property ID 458 (abbattoir)
18,252,1768,DAY 19/11/2024 - moved 1 animals from property ID 252 (farm) to property ID 1768 (feedlot)
18,274,867,DAY 19/11/2024 - moved 2 animals from property ID 274 (farm) to property ID 867 (feedlot)
18,281,1907,DAY 19/11/2024 - moved 1 animals from property ID 281 (farm) to property ID 1907 (feedlot)
18,288,904,DAY 19/11/2024 - moved 1 animals from property ID 288 (farm) to property ID 904 (trader)
18,306,1659,DAY 19/11/2024 - moved 3 animals from property ID 306 (farm) to property ID 1659 (farm)
18,315,970,DAY 19/11/2024 - moved 2 animals from property ID 315 (farm) to property ID 970 (farm)
18,345,782,DAY 19/11/2024 - moved 4 animals from property ID 345 (farm) to property ID 782 (trader)
18,362,776,DAY 19/11/2024 - moved 1 animals from property ID 362 (farm) to property ID 776 (trader)
18,402,653,DAY 19/11/2024 - moved 3 animals from property ID 402 (farm) to property ID 653 (farm)
18,403,986,DAY 19/11/2024 - moved 1 animals from property ID 403 (farm) to property ID 986 (farm)
18,410,866,DAY 19/11/2024 - moved 15 animals from property ID 410 (farm) to property ID 866 (feedlot)
18,449,638,DAY 19/11/2024 - moved 3 animals from property ID 449 (farm) to property ID 638 (farm)
18,483,189,DAY 19/11/2024 - moved 14 animals from property ID 483 (farm) to property ID 189 (saleyard)
18,485,6,DAY 19/11/2024 - moved 1 animals from property ID 485 (farm) to property ID 6 (stud farm)
18,505,415,DAY 19/11/2024 - moved 1 animals from property ID 505 (farm) to property ID 415 (trader)
18,547,264,DAY 19/11/2024 - moved 3 animals from property ID 547 (farm) to property ID 264 (feedlot)
18,577,92,DAY 19/11/2024 - moved 10 animals from property ID 577 (farm) to property ID 92 (trader)
18,588,1109,DAY 19/11/2024 - moved 22 animals from property ID 588 (farm) to property ID 1109 (feedlot)
18,591,758,DAY 19/11/2024 - moved 10 animals from property ID 591 (farm) to property ID 758 (feedlot)
18,597,189,DAY 19/11/2024 - moved 3 animals from property ID 597 (farm) to property ID 189 (saleyard)
18,612,338,DAY 19/11/2024 - moved 8 animals from property ID 612 (farm) to property ID 338 (farm)
18,620,1679,DAY 19/11/2024 - moved 3 animals from property ID 620 (farm) to property ID 1679 (farm)
18,645,1479,DAY 19/11/2024 - moved 28 animals from property ID 645 (farm) to property ID 1479 (trader)
18,658,1981,DAY 19/11/2024 - moved 24 animals from property ID 658 (farm) to property ID 1981 (farm)
18,665,1301,DAY 19/11/2024 - moved 2 animals from property ID 665 (farm) to property ID 1301 (saleyard)
18,673,1635,DAY 19/11/2024 - moved 7 animals from property ID 673 (farm) to property ID 1635 (feedlot)
18,677,1209,DAY 19/11/2024 - moved 4 animals from property ID 677 (farm) to property ID 1209 (farm)
18,691,776,DAY 19/11/2024 - moved 5 animals from property ID 691 (farm) to property ID 776 (trader)
18,700,524,DAY 19/11/2024 - moved 6 animals from property ID 700 (trader) to property ID 524 (feedlot)
18,700,1337,DAY 19/11/2024 - moved 6 animals from property ID 700 (trader) to property ID 1337 (farm)
18,711,415,DAY 19/11/2024 - moved 4 animals from property ID 711 (farm) to property ID 415 (trader)
18,736,1868,DAY 19/11/2024 - moved 8 animals from property ID 736 (farm) to property ID 1868 (farm)
18,749,1799,DAY 19/11/2024 - moved 9 animals from property ID 749 (farm) to property ID 1799 (farm)
18,771,1331,DAY 19/11/2024 - moved 1 animals from property ID 771 (farm) to property ID 1331 (farm)
18,796,1243,DAY 19/11/2024 - moved 6 animals from property ID 796 (farm) to property ID 1243 (farm)
18,801,1119,DAY 19/11/2024 - moved 16 animals from property ID 801 (farm) to property ID 1119 (trader)
18,809,758,DAY 19/11/2024 - moved 5 animals from property ID 809 (farm) to property ID 758 (feedlot)
18,816,524,DAY 19/11/2024 - moved 5 animals from property ID 816 (farm) to property ID 524 (feedlot)
18,819,908,DAY 19/11/2024 - moved 9 animals from property ID 819 (farm) to property ID 908 (saleyard)
18,826,1635,DAY 19/11/2024 - moved 2 animals from property ID 826 (farm) to property ID 1635 (feedlot)
18,836,189,DAY 19/11/2024 - moved 3 animals from property ID 836 (farm) to property ID 189 (saleyard)
18,840,1898,DAY 19/11/2024 - moved 10 animals from property ID 840 (farm) to property ID 1898 (saleyard)
18,845,908,DAY 19/11/2024 - moved 11 animals from property ID 845 (farm) to property ID 908 (saleyard)
18,846,1550,DAY 19/11/2024 - moved 3 animals from property ID 846 (farm) to property ID 1550 (farm)
18,847,264,DAY 19/11/2024 - moved 13 animals from property ID 847 (farm) to property ID 264 (feedlot)
18,849,1635,DAY 19/11/2024 - moved 5 animals from property ID 849 (farm) to property ID 1635 (feedlot)
18,862,867,DAY 19/11/2024 - moved 3 animals from property ID 862 (farm) to property ID 867 (feedlot)
18,863,458,DAY 19/11/2024 - moved 3 animals from property ID 863 (farm) to property ID 458 (abbattoir)
18,872,776,DAY 19/11/2024 - moved 19 animals from property ID 872 (farm) to property ID 776 (trader)
18,877,189,DAY 19/11/2024 - moved 19 animals from property ID 877 (farm) to property ID 189 (saleyard)
18,901,866,DAY 19/11/2024 - moved 8 animals from property ID 901 (farm) to property ID 866 (feedlot)
18,904,700,DAY 19/11/2024 - moved 12 animals from property ID 904 (trader) to property ID 700 (trader)
18,911,189,DAY 19/11/2024 - moved 8 animals from property ID 911 (farm) to property ID 189 (saleyard)
18,926,1645,DAY 19/11/2024 - moved 3 animals from property ID 926 (farm) to property ID 1645 (farm)
18,930,867,DAY 19/11/2024 - moved 2 animals from property ID 930 (farm) to property ID 867 (feedlot)
18,934,776,DAY 19/11/2024 - moved 4 animals from property ID 934 (farm) to property ID 776 (trader)
18,939,1301,DAY 19/11/2024 - moved 7 animals from property ID 939 (farm) to property ID 1301 (saleyard)
18,946,1109,DAY 19/11/2024 - moved 3 animals from property ID 946 (farm) to property ID 1109 (feedlot)
18,975,458,DAY 19/11/2024 - moved 3 animals from property ID 975 (farm) to property ID 458 (abbattoir)
18,990,1715,DAY 19/11/2024 - moved 5 animals from property ID 990 (farm) to property ID 1715 (farm)
18,1000,1918,DAY 19/11/2024 - moved 2 animals from property ID 1000 (farm) to property ID 1918 (farm)
18,1002,415,DAY 19/11/2024 - moved 2 animals from property ID 1002 (farm) to property ID 415 (trader)
18,1037,1487,DAY 19/11/2024 - moved 7 animals from property ID 1037 (farm) to property ID 1487 (feedlot)
18,1049,1301,DAY 19/11/2024 - moved 4 animals from property ID 1049 (farm) to property ID 1301 (saleyard)
18,1055,782,DAY 19/11/2024 - moved 33 animals from property ID 1055 (farm) to property ID 782 (trader)
18,1067,1898,DAY 19/11/2024 - moved 5 animals from property ID 1067 (farm) to property ID 1898 (saleyard)
18,1071,429,DAY 19/11/2024 - moved 2 animals from property ID 1071 (farm) to property ID 429 (feedlot)
18,1107,1898,DAY 19/11/2024 - moved 2 animals from property ID 1107 (farm) to property ID 1898 (saleyard)
18,1117,1815,DAY 19/11/2024 - moved 9 animals from property ID 1117 (farm) to property ID 1815 (farm)
18,1119,490,DAY 19/11/2024 - moved 14 animals from property ID 1119 (trader) to property ID 490 (farm)
18,1143,866,DAY 19/11/2024 - moved 2 animals from property ID 1143 (farm) to property ID 866 (feedlot)
18,1152,188,DAY 19/11/2024 - moved 1 animals from property ID 1152 (farm) to property ID 188 (feedlot)
18,1155,1314,DAY 19/11/2024 - moved 12 animals from property ID 1155 (farm) to property ID 1314 (farm)
18,1163,1817,DAY 19/11/2024 - moved 2 animals from property ID 1163 (farm) to property ID 1817 (farm)
18,1171,1849,DAY 19/11/2024 - moved 18 animals from property ID 1171 (farm) to property ID 1849 (farm)
18,1175,867,DAY 19/11/2024 - moved 5 animals from property ID 1175 (farm) to property ID 867 (feedlot)
18,1183,189,DAY 19/11/2024 - moved 8 animals from property ID 1183 (farm) to property ID 189 (saleyard)
18,1227,429,DAY 19/11/2024 - moved 2 animals from property ID 1227 (farm) to property ID 429 (feedlot)
18,1229,908,DAY 19/11/2024 - moved 6 animals from property ID 1229 (farm) to property ID 908 (saleyard)
18,1240,1168,DAY 19/11/2024 - moved 2 animals from property ID 1240 (farm) to property ID 1168 (farm)
18,1243,458,DAY 19/11/2024 - moved 13 animals from property ID 1243 (farm) to property ID 458 (abbattoir)
18,1249,458,DAY 19/11/2024 - moved 6 animals from property ID 1249 (farm) to property ID 458 (abbattoir)
18,1264,1818,DAY 19/11/2024 - moved 3 animals from property ID 1264 (farm) to property ID 1818 (farm)
18,1269,776,DAY 19/11/2024 - moved 7 animals from property ID 1269 (farm) to property ID 776 (trader)
18,1272,458,DAY 19/11/2024 - moved 7 animals from property ID 1272 (farm) to property ID 458 (abbattoir)
18,1273,234,DAY 19/11/2024 - moved 10 animals from property ID 1273 (trader) to property ID 234 (farm)
18,1273,612,DAY 19/11/2024 - moved 11 animals from property ID 1273 (trader) to property ID 612 (farm)
18,1273,111,DAY 19/11/2024 - moved 11 animals from property ID 1273 (trader) to property ID 111 (farm)
18,1289,1301,DAY 19/11/2024 - moved 9 animals from property ID 1289 (farm) to property ID 1301 (saleyard)
18,1301,856,DAY 19/11/2024 - moved 10 animals from property ID 1301 (saleyard) to property ID 856 (farm)
18,1301,1119,DAY 19/11/2024 - moved 9 animals from property ID 1301 (saleyard) to property ID 1119 (trader)
18,1301,867,DAY 19/11/2024 - moved 9 animals from property ID 1301 (saleyard) to property ID 867 (feedlot)
18,1301,1305,DAY 19/11/2024 - moved 9 animals from property ID 1301 (saleyard) to property ID 1305 (farm)
18,1301,867,DAY 19/11/2024 - moved 9 animals from property ID 1301 (saleyard) to property ID 867 (feedlot)
18,1309,1301,DAY 19/11/2024 - moved 2 animals from property ID 1309 (farm) to property ID 1301 (saleyard)
18,1321,1966,DAY 19/11/2024 - moved 3 animals from property ID 1321 (farm) to property ID 1966 (farm)
18,1332,1898,DAY 19/11/2024 - moved 23 animals from property ID 1332 (farm) to property ID 1898 (saleyard)
18,1346,1685,DAY 19/11/2024 - moved 4 animals from property ID 1346 (farm) to property ID 1685 (farm)
18,1364,307,DAY 19/11/2024 - moved 6 animals from property ID 1364 (farm) to property ID 307 (farm)
18,1371,1301,DAY 19/11/2024 - moved 2 animals from property ID 1371 (farm) to property ID 1301 (saleyard)
18,1384,1109,DAY 19/11/2024 - moved 10 animals from property ID 1384 (farm) to property ID 1109 (feedlot)
18,1387,92,DAY 19/11/2024 - moved 8 animals from property ID 1387 (farm) to property ID 92 (trader)
18,1402,867,DAY 19/11/2024 - moved 8 animals from property ID 1402 (farm) to property ID 867 (feedlot)
18,1403,756,DAY 19/11/2024 - moved 12 animals from property ID 1403 (farm) to property ID 756 (farm)
18,1408,6,DAY 19/11/2024 - moved 3 animals from property ID 1408 (farm) to property ID 6 (stud farm)
18,1428,186,DAY 19/11/2024 - moved 26 animals from property ID 1428 (farm) to property ID 186 (farm)
18,1472,1119,DAY 19/11/2024 - moved 6 animals from property ID 1472 (farm) to property ID 1119 (trader)
18,1477,1379,DAY 19/11/2024 - moved 3 animals from property ID 1477 (farm) to property ID 1379 (feedlot)
18,1479,451,DAY 19/11/2024 - moved 17 animals from property ID 1479 (trader) to property ID 451 (farm)
18,1479,758,DAY 19/11/2024 - moved 16 animals from property ID 1479 (trader) to property ID 758 (feedlot)
18,1481,189,DAY 19/11/2024 - moved 3 animals from property ID 1481 (farm) to property ID 189 (saleyard)
18,1483,189,DAY 19/11/2024 - moved 14 animals from property ID 1483 (farm) to property ID 189 (saleyard)
18,1491,1273,DAY 19/11/2024 - moved 9 animals from property ID 1491 (farm) to property ID 1273 (trader)
18,1500,776,DAY 19/11/2024 - moved 7 animals from property ID 1500 (farm) to property ID 776 (trader)
18,1504,1379,DAY 19/11/2024 - moved 7 animals from property ID 1504 (farm) to property ID 1379 (feedlot)
18,1506,425,DAY 19/11/2024 - moved 6 animals from property ID 1506 (farm) to property ID 425 (feedlot)
18,1511,867,DAY 19/11/2024 - moved 3 animals from property ID 1511 (farm) to property ID 867 (feedlot)
18,1526,782,DAY 19/11/2024 - moved 5 animals from property ID 1526 (farm) to property ID 782 (trader)
18,1534,1666,DAY 19/11/2024 - moved 6 animals from property ID 1534 (farm) to property ID 1666 (feedlot)
18,1542,1119,DAY 19/11/2024 - moved 3 animals from property ID 1542 (farm) to property ID 1119 (trader)
18,1549,908,DAY 19/11/2024 - moved 6 animals from property ID 1549 (farm) to property ID 908 (saleyard)
18,1563,1666,DAY 19/11/2024 - moved 6 animals from property ID 1563 (farm) to property ID 1666 (feedlot)
18,1575,972,DAY 19/11/2024 - moved 18 animals from property ID 1575 (farm) to property ID 972 (farm)
18,1587,1761,DAY 19/11/2024 - moved 3 animals from property ID 1587 (farm) to property ID 1761 (farm)
18,1592,782,DAY 19/11/2024 - moved 11 animals from property ID 1592 (farm) to property ID 782 (trader)
18,1596,1662,DAY 19/11/2024 - moved 9 animals from property ID 1596 (farm) to property ID 1662 (feedlot)
18,1601,6,DAY 19/11/2024 - moved 7 animals from property ID 1601 (farm) to property ID 6 (stud farm)
18,1617,1844,DAY 19/11/2024 - moved 5 animals from property ID 1617 (farm) to property ID 1844 (farm)
18,1625,866,DAY 19/11/2024 - moved 5 animals from property ID 1625 (farm) to property ID 866 (feedlot)
18,1627,776,DAY 19/11/2024 - moved 1 animals from property ID 1627 (farm) to property ID 776 (trader)
18,1644,736,DAY 19/11/2024 - moved 1 animals from property ID 1644 (farm) to property ID 736 (farm)
18,1674,1439,DAY 19/11/2024 - moved 3 animals from property ID 1674 (farm) to property ID 1439 (farm)
18,1678,1823,DAY 19/11/2024 - moved 13 animals from property ID 1678 (farm) to property ID 1823 (trader)
18,1698,782,DAY 19/11/2024 - moved 40 animals from property ID 1698 (farm) to property ID 782 (trader)
18,1764,776,DAY 19/11/2024 - moved 3 animals from property ID 1764 (farm) to property ID 776 (trader)
18,1765,356,DAY 19/11/2024 - moved 5 animals from property ID 1765 (farm) to property ID 356 (farm)
18,1769,1253,DAY 19/11/2024 - moved 4 animals from property ID 1769 (farm) to property ID 1253 (feedlot)
18,1784,524,DAY 19/11/2024 - moved 1 animals from property ID 1784 (farm) to property ID 524 (feedlot)
18,1795,714,DAY 19/11/2024 - moved 1 animals from property ID 1795 (farm) to property ID 714 (farm)
18,1811,1898,DAY 19/11/2024 - moved 1 animals from property ID 1811 (farm) to property ID 1898 (saleyard)
18,1823,867,DAY 19/11/2024 - moved 11 animals from property ID 1823 (trader) to property ID 867 (feedlot)
18,1823,1421,DAY 19/11/2024 - moved 11 animals from property ID 1823 (trader) to property ID 1421 (farm)
18,1823,1301,DAY 19/11/2024 - moved 11 animals from property ID 1823 (trader) to property ID 1301 (saleyard)
18,1831,908,DAY 19/11/2024 - moved 1 animals from property ID 1831 (farm) to property ID 908 (saleyard)
18,1836,1387,DAY 19/11/2024 - moved 18 animals from property ID 1836 (farm) to property ID 1387 (farm)
18,1837,331,DAY 19/11/2024 - moved 3 animals from property ID 1837 (farm) to property ID 331 (farm)
18,1855,127,DAY 19/11/2024 - moved 7 animals from property ID 1855 (farm) to property ID 127 (farm)
18,1858,1284,DAY 19/11/2024 - moved 5 animals from property ID 1858 (farm) to property ID 1284 (farm)
18,1860,1479,DAY 19/11/2024 - moved 9 animals from property ID 1860 (farm) to property ID 1479 (trader)
18,1894,700,DAY 19/11/2024 - moved 8 animals from property ID 1894 (farm) to property ID 700 (trader)
18,1908,904,DAY 19/11/2024 - moved 4 animals from property ID 1908 (farm) to property ID 904 (trader)
18,1925,415,DAY 19/11/2024 - moved 1 animals from property ID 1925 (farm) to property ID 415 (trader)
18,1926,964,DAY 19/11/2024 - moved 3 animals from property ID 1926 (farm) to property ID 964 (feedlot)
18,1928,342,DAY 19/11/2024 - moved 2 animals from property ID 1928 (farm) to property ID 342 (farm)
18,1937,1635,DAY 19/11/2024 - moved 4 animals from property ID 1937 (farm) to property ID 1635 (feedlot)
18,1958,866,DAY 19/11/2024 - moved 2 animals from property ID 1958 (farm) to property ID 866 (feedlot)
18,1964,904,DAY 19/11/2024 - moved 5 animals from property ID 1964 (farm) to property ID 904 (trader)
18,1978,964,DAY 19/11/2024 - moved 2 animals from property ID 1978 (farm) to property ID 964 (feedlot)
18,1995,1119,DAY 19/11/2024 - moved 2 animals from property ID 1995 (farm) to property ID 1119 (trader)
18,1999,1666,DAY 19/11/2024 - moved 46 animals from property ID 1999 (farm) to property ID 1666 (feedlot)
19,2,1134,DAY 20/11/2024 - moved 2 animals from property ID 2 (farm) to property ID 1134 (farm)
19,26,1237,DAY 20/11/2024 - moved 8 animals from property ID 26 (farm) to property ID 1237 (farm)
19,42,1454,DAY 20/11/2024 - moved 45 animals from property ID 42 (farm) to property ID 1454 (farm)
19,61,964,DAY 20/11/2024 - moved 7 animals from property ID 61 (farm) to property ID 964 (feedlot)
19,64,1898,DAY 20/11/2024 - moved 4 animals from property ID 64 (farm) to property ID 1898 (saleyard)
19,72,899,DAY 20/11/2024 - moved 11 animals from property ID 72 (farm) to property ID 899 (farm)
19,84,1109,DAY 20/11/2024 - moved 4 animals from property ID 84 (farm) to property ID 1109 (feedlot)
19,89,664,DAY 20/11/2024 - moved 7 animals from property ID 89 (farm) to property ID 664 (farm)
19,92,136,DAY 20/11/2024 - moved 23 animals from property ID 92 (trader) to property ID 136 (farm)
19,92,918,DAY 20/11/2024 - moved 24 animals from property ID 92 (trader) to property ID 918 (farm)
19,131,867,DAY 20/11/2024 - moved 1 animals from property ID 131 (farm) to property ID 867 (feedlot)
19,133,1362,DAY 20/11/2024 - moved 12 animals from property ID 133 (farm) to property ID 1362 (farm)
19,135,1898,DAY 20/11/2024 - moved 15 animals from property ID 135 (farm) to property ID 1898 (saleyard)
19,146,1301,DAY 20/11/2024 - moved 5 animals from property ID 146 (farm) to property ID 1301 (saleyard)
19,159,92,DAY 20/11/2024 - moved 10 animals from property ID 159 (farm) to property ID 92 (trader)
19,164,1109,DAY 20/11/2024 - moved 2 animals from property ID 164 (farm) to property ID 1109 (feedlot)
19,191,1969,DAY 20/11/2024 - moved 8 animals from property ID 191 (farm) to property ID 1969 (farm)
19,210,1823,DAY 20/11/2024 - moved 20 animals from property ID 210 (farm) to property ID 1823 (trader)
19,213,92,DAY 20/11/2024 - moved 13 animals from property ID 213 (farm) to property ID 92 (trader)
19,283,842,DAY 20/11/2024 - moved 12 animals from property ID 283 (farm) to property ID 842 (farm)
19,284,1150,DAY 20/11/2024 - moved 2 animals from property ID 284 (farm) to property ID 1150 (farm)
19,287,1393,DAY 20/11/2024 - moved 2 animals from property ID 287 (farm) to property ID 1393 (farm)
19,303,1635,DAY 20/11/2024 - moved 12 animals from property ID 303 (farm) to property ID 1635 (feedlot)
19,340,1693,DAY 20/11/2024 - moved 101 animals from property ID 340 (farm) to property ID 1693 (farm)
19,349,569,DAY 20/11/2024 - moved 6 animals from property ID 349 (farm) to property ID 569 (farm)
19,353,188,DAY 20/11/2024 - moved 1 animals from property ID 353 (farm) to property ID 188 (feedlot)
19,361,908,DAY 20/11/2024 - moved 9 animals from property ID 361 (farm) to property ID 908 (saleyard)
19,374,375,DAY 20/11/2024 - moved 21 animals from property ID 374 (farm) to property ID 375 (farm)
19,380,1768,DAY 20/11/2024 - moved 23 animals from property ID 380 (farm) to property ID 1768 (feedlot)
19,381,1487,DAY 20/11/2024 - moved 7 animals from property ID 381 (farm) to property ID 1487 (feedlot)
19,409,1093,DAY 20/11/2024 - moved 44 animals from property ID 409 (farm) to property ID 1093 (farm)
19,411,189,DAY 20/11/2024 - moved 12 animals from property ID 411 (farm) to property ID 189 (saleyard)
19,415,164,DAY 20/11/2024 - moved 5 animals from property ID 415 (trader) to property ID 164 (farm)
19,415,1109,DAY 20/11/2024 - moved 4 animals from property ID 415 (trader) to property ID 1109 (feedlot)
19,415,188,DAY 20/11/2024 - moved 4 animals from property ID 415 (trader) to property ID 188 (feedlot)
19,418,1273,DAY 20/11/2024 - moved 7 animals from property ID 418 (farm) to property ID 1273 (trader)
19,419,1110,DAY 20/11/2024 - moved 3 animals from property ID 419 (farm) to property ID 1110 (feedlot)
19,440,92,DAY 20/11/2024 - moved 10 animals from property ID 440 (farm) to property ID 92 (trader)
19,450,1327,DAY 20/11/2024 - moved 3 animals from property ID 450 (farm) to property ID 1327 (farm)
19,474,1961,DAY 20/11/2024 - moved 3 animals from property ID 474 (farm) to property ID 1961 (farm)
19,479,1479,DAY 20/11/2024 - moved 33 animals from property ID 479 (farm) to property ID 1479 (trader)
19,487,409,DAY 20/11/2024 - moved 13 animals from property ID 487 (farm) to property ID 409 (farm)
19,489,1662,DAY 20/11/2024 - moved 9 animals from property ID 489 (farm) to property ID 1662 (feedlot)
19,516,415,DAY 20/11/2024 - moved 5 animals from property ID 516 (farm) to property ID 415 (trader)
19,526,1554,DAY 20/11/2024 - moved 5 animals from property ID 526 (farm) to property ID 1554 (farm)
19,529,1823,DAY 20/11/2024 - moved 14 animals from property ID 529 (farm) to property ID 1823 (trader)
19,541,524,DAY 20/11/2024 - moved 1 animals from property ID 541 (farm) to property ID 524 (feedlot)
19,559,782,DAY 20/11/2024 - moved 7 animals from property ID 559 (farm) to property ID 782 (trader)
19,585,908,DAY 20/11/2024 - moved 6 animals from property ID 585 (farm) to property ID 908 (saleyard)
19,600,1273,DAY 20/11/2024 - moved 1 animals from property ID 600 (farm) to property ID 1273 (trader)
19,609,1273,DAY 20/11/2024 - moved 4 animals from property ID 609 (farm) to property ID 1273 (trader)
19,618,1273,DAY 20/11/2024 - moved 7 animals from property ID 618 (farm) to property ID 1273 (trader)
19,635,415,DAY 20/11/2024 - moved 3 animals from property ID 635 (farm) to property ID 415 (trader)
19,636,877,DAY 20/11/2024 - moved 12 animals from property ID 636 (farm) to property ID 877 (farm)
19,640,1301,DAY 20/11/2024 - moved 1 animals from property ID 640 (farm) to property ID 1301 (saleyard)
19,656,415,DAY 20/11/2024 - moved 11 animals from property ID 656 (farm) to property ID 415 (trader)
19,664,1824,DAY 20/11/2024 - moved 22 animals from property ID 664 (farm) to property ID 1824 (farm)
19,675,1479,DAY 20/11/2024 - moved 14 animals from property ID 675 (farm) to property ID 1479 (trader)
19,685,188,DAY 20/11/2024 - moved 6 animals from property ID 685 (farm) to property ID 188 (feedlot)
19,710,1109,DAY 20/11/2024 - moved 5 animals from property ID 710 (farm) to property ID 1109 (feedlot)
19,737,1666,DAY 20/11/2024 - moved 5 animals from property ID 737 (farm) to property ID 1666 (feedlot)
19,746,1308,DAY 20/11/2024 - moved 3 animals from property ID 746 (farm) to property ID 1308 (farm)
19,768,908,DAY 20/11/2024 - moved 4 animals from property ID 768 (farm) to property ID 908 (saleyard)
19,769,524,DAY 20/11/2024 - moved 7 animals from property ID 769 (farm) to property ID 524 (feedlot)
19,770,1301,DAY 20/11/2024 - moved 2 animals from property ID 770 (farm) to property ID 1301 (saleyard)
19,776,1617,DAY 20/11/2024 - moved 45 animals from property ID 776 (trader) to property ID 1617 (farm)
19,780,1110,DAY 20/11/2024 - moved 5 animals from property ID 780 (farm) to property ID 1110 (feedlot)
19,782,1885,DAY 20/11/2024 - moved 47 animals from property ID 782 (trader) to property ID 1885 (farm)
19,782,380,DAY 20/11/2024 - moved 47 animals from property ID 782 (trader) to property ID 380 (farm)
19,786,1927,DAY 20/11/2024 - moved 9 animals from property ID 786 (farm) to property ID 1927 (farm)
19,787,700,DAY 20/11/2024 - moved 5 animals from property ID 787 (farm) to property ID 700 (trader)
19,797,867,DAY 20/11/2024 - moved 6 animals from property ID 797 (farm) to property ID 867 (feedlot)
19,825,1823,DAY 20/11/2024 - moved 4 animals from property ID 825 (farm) to property ID 1823 (trader)
19,828,1301,DAY 20/11/2024 - moved 11 animals from property ID 828 (farm) to property ID 1301 (saleyard)
19,829,776,DAY 20/11/2024 - moved 6 animals from property ID 829 (farm) to property ID 776 (trader)
19,855,1301,DAY 20/11/2024 - moved 3 animals from property ID 855 (farm) to property ID 1301 (saleyard)
19,856,415,DAY 20/11/2024 - moved 3 animals from property ID 856 (farm) to property ID 415 (trader)
19,859,1870,DAY 20/11/2024 - moved 4 animals from property ID 859 (farm) to property ID 1870 (farm)
19,868,429,DAY 20/11/2024 - moved 11 animals from property ID 868 (farm) to property ID 429 (feedlot)
19,881,1487,DAY 20/11/2024 - moved 1 animals from property ID 881 (farm) to property ID 1487 (feedlot)
19,887,866,DAY 20/11/2024 - moved 13 animals from property ID 887 (farm) to property ID 866 (feedlot)
19,906,563,DAY 20/11/2024 - moved 3 animals from property ID 906 (farm) to property ID 563 (farm)
19,908,1253,DAY 20/11/2024 - moved 10 animals from property ID 908 (saleyard) to property ID 1253 (feedlot)
19,908,1755,DAY 20/11/2024 - moved 10 animals from property ID 908 (saleyard) to property ID 1755 (farm)
19,908,6,DAY 20/11/2024 - moved 10 animals from property ID 908 (saleyard) to property ID 6 (stud farm)
19,908,776,DAY 20/11/2024 - moved 10 animals from property ID 908 (saleyard) to property ID 776 (trader)
19,908,776,DAY 20/11/2024 - moved 10 animals from property ID 908 (saleyard) to property ID 776 (trader)
19,918,92,DAY 20/11/2024 - moved 1 animals from property ID 918 (farm) to property ID 92 (trader)
19,927,189,DAY 20/11/2024 - moved 4 animals from property ID 927 (farm) to property ID 189 (saleyard)
19,929,700,DAY 20/11/2024 - moved 15 animals from property ID 929 (farm) to property ID 700 (trader)
19,936,611,DAY 20/11/2024 - moved 1 animals from property ID 936 (farm) to property ID 611 (farm)
19,963,1479,DAY 20/11/2024 - moved 9 animals from property ID 963 (farm) to property ID 1479 (trader)
19,994,1379,DAY 20/11/2024 - moved 2 animals from property ID 994 (farm) to property ID 1379 (feedlot)
19,1017,867,DAY 20/11/2024 - moved 2 animals from property ID 1017 (farm) to property ID 867 (feedlot)
19,1045,776,DAY 20/11/2024 - moved 1 animals from property ID 1045 (farm) to property ID 776 (trader)
19,1080,782,DAY 20/11/2024 - moved 10 animals from property ID 1080 (farm) to property ID 782 (trader)
19,1098,782,DAY 20/11/2024 - moved 9 animals from property ID 1098 (farm) to property ID 782 (trader)
19,1108,867,DAY 20/11/2024 - moved 2 animals from property ID 1108 (farm) to property ID 867 (feedlot)
19,1113,400,DAY 20/11/2024 - moved 4 animals from property ID 1113 (farm) to property ID 400 (farm)
19,1119,867,DAY 20/11/2024 - moved 6 animals from property ID 1119 (trader) to property ID 867 (feedlot)
19,1119,1109,DAY 20/11/2024 - moved 6 animals from property ID 1119 (trader) to property ID 1109 (feedlot)
19,1119,225,DAY 20/11/2024 - moved 6 animals from property ID 1119 (trader) to property ID 225 (farm)
19,1132,908,DAY 20/11/2024 - moved 3 animals from property ID 1132 (farm) to property ID 908 (saleyard)
19,1146,964,DAY 20/11/2024 - moved 2 animals from property ID 1146 (farm) to property ID 964 (feedlot)
19,1153,1119,DAY 20/11/2024 - moved 4 animals from property ID 1153 (farm) to property ID 1119 (trader)
19,1156,6,DAY 20/11/2024 - moved 5 animals from property ID 1156 (farm) to property ID 6 (stud farm)
19,1188,1707,DAY 20/11/2024 - moved 13 animals from property ID 1188 (farm) to property ID 1707 (farm)
19,1196,776,DAY 20/11/2024 - moved 2 animals from property ID 1196 (farm) to property ID 776 (trader)
19,1221,782,DAY 20/11/2024 - moved 12 animals from property ID 1221 (farm) to property ID 782 (trader)
19,1260,867,DAY 20/11/2024 - moved 12 animals from property ID 1260 (farm) to property ID 867 (feedlot)
19,1273,1843,DAY 20/11/2024 - moved 14 animals from property ID 1273 (trader) to property ID 1843 (farm)
19,1273,1881,DAY 20/11/2024 - moved 14 animals from property ID 1273 (trader) to property ID 1881 (farm)
19,1283,1479,DAY 20/11/2024 - moved 13 animals from property ID 1283 (farm) to property ID 1479 (trader)
19,1291,1662,DAY 20/11/2024 - moved 4 animals from property ID 1291 (farm) to property ID 1662 (feedlot)
19,1301,880,DAY 20/11/2024 - moved 22 animals from property ID 1301 (saleyard) to property ID 880 (farm)
19,1301,862,DAY 20/11/2024 - moved 22 animals from property ID 1301 (saleyard) to property ID 862 (farm)
19,1302,1253,DAY 20/11/2024 - moved 1 animals from property ID 1302 (farm) to property ID 1253 (feedlot)
19,1317,866,DAY 20/11/2024 - moved 70 animals from property ID 1317 (farm) to property ID 866 (feedlot)
19,1325,700,DAY 20/11/2024 - moved 6 animals from property ID 1325 (farm) to property ID 700 (trader)
19,1345,1536,DAY 20/11/2024 - moved 4 animals from property ID 1345 (farm) to property ID 1536 (feedlot)
19,1354,191,DAY 20/11/2024 - moved 2 animals from property ID 1354 (farm) to property ID 191 (farm)
19,1372,1850,DAY 20/11/2024 - moved 16 animals from property ID 1372 (farm) to property ID 1850 (farm)
19,1376,39,DAY 20/11/2024 - moved 2 animals from property ID 1376 (farm) to property ID 39 (farm)
19,1378,1119,DAY 20/11/2024 - moved 3 animals from property ID 1378 (farm) to property ID 1119 (trader)
19,1392,1301,DAY 20/11/2024 - moved 18 animals from property ID 1392 (farm) to property ID 1301 (saleyard)
19,1411,709,DAY 20/11/2024 - moved 2 animals from property ID 1411 (farm) to property ID 709 (farm)
19,1417,1662,DAY 20/11/2024 - moved 23 animals from property ID 1417 (farm) to property ID 1662 (feedlot)
19,1418,1273,DAY 20/11/2024 - moved 4 animals from property ID 1418 (farm) to property ID 1273 (trader)
19,1431,188,DAY 20/11/2024 - moved 4 animals from property ID 1431 (farm) to property ID 188 (feedlot)
19,1432,1823,DAY 20/11/2024 - moved 5 animals from property ID 1432 (farm) to property ID 1823 (trader)
19,1433,1768,DAY 20/11/2024 - moved 7 animals from property ID 1433 (farm) to property ID 1768 (feedlot)
19,1442,1379,DAY 20/11/2024 - moved 4 animals from property ID 1442 (farm) to property ID 1379 (feedlot)
19,1448,1612,DAY 20/11/2024 - moved 2 animals from property ID 1448 (farm) to property ID 1612 (farm)
19,1464,1273,DAY 20/11/2024 - moved 5 animals from property ID 1464 (farm) to property ID 1273 (trader)
19,1466,433,DAY 20/11/2024 - moved 8 animals from property ID 1466 (farm) to property ID 433 (farm)
19,1469,790,DAY 20/11/2024 - moved 2 animals from property ID 1469 (farm) to property ID 790 (farm)
19,1470,1218,DAY 20/11/2024 - moved 5 animals from property ID 1470 (farm) to property ID 1218 (farm)
19,1479,758,DAY 20/11/2024 - moved 11 animals from property ID 1479 (trader) to property ID 758 (feedlot)
19,1479,758,DAY 20/11/2024 - moved 11 animals from property ID 1479 (trader) to property ID 758 (feedlot)
19,1479,758,DAY 20/11/2024 - moved 11 animals from property ID 1479 (trader) to property ID 758 (feedlot)
19,1501,101,DAY 20/11/2024 - moved 3 animals from property ID 1501 (farm) to property ID 101 (farm)
19,1505,990,DAY 20/11/2024 - moved 2 animals from property ID 1505 (farm) to property ID 990 (farm)
19,1514,1898,DAY 20/11/2024 - moved 19 animals from property ID 1514 (farm) to property ID 1898 (saleyard)
19,1525,1907,DAY 20/11/2024 - moved 33 animals from property ID 1525 (farm) to property ID 1907 (feedlot)
19,1530,189,DAY 20/11/2024 - moved 2 animals from property ID 1530 (farm) to property ID 189 (saleyard)
19,1602,866,DAY 20/11/2024 - moved 6 animals from property ID 1602 (farm) to property ID 866 (feedlot)
19,1604,189,DAY 20/11/2024 - moved 4 animals from property ID 1604 (farm) to property ID 189 (saleyard)
19,1631,6,DAY 20/11/2024 - moved 1 animals from property ID 1631 (farm) to property ID 6 (stud farm)
19,1632,277,DAY 20/11/2024 - moved 8 animals from property ID 1632 (farm) to property ID 277 (farm)
19,1637,1746,DAY 20/11/2024 - moved 24 animals from property ID 1637 (farm) to property ID 1746 (farm)
19,1640,782,DAY 20/11/2024 - moved 1 animals from property ID 1640 (farm) to property ID 782 (trader)
19,1670,1273,DAY 20/11/2024 - moved 2 animals from property ID 1670 (farm) to property ID 1273 (trader)
19,1673,867,DAY 20/11/2024 - moved 2 animals from property ID 1673 (farm) to property ID 867 (feedlot)
19,1679,302,DAY 20/11/2024 - moved 2 animals from property ID 1679 (farm) to property ID 302 (farm)
19,1692,866,DAY 20/11/2024 - moved 4 animals from property ID 1692 (farm) to property ID 866 (feedlot)
19,1710,159,DAY 20/11/2024 - moved 8 animals from property ID 1710 (farm) to property ID 159 (farm)
19,1722,758,DAY 20/11/2024 - moved 32 animals from property ID 1722 (farm) to property ID 758 (feedlot)
19,1723,1823,DAY 20/11/2024 - moved 8 animals from property ID 1723 (farm) to property ID 1823 (trader)
19,1732,908,DAY 20/11/2024 - moved 3 animals from property ID 1732 (farm) to property ID 908 (saleyard)
19,1775,1379,DAY 20/11/2024 - moved 3 animals from property ID 1775 (farm) to property ID 1379 (feedlot)
19,1783,1301,DAY 20/11/2024 - moved 4 animals from property ID 1783 (farm) to property ID 1301 (saleyard)
19,1792,437,DAY 20/11/2024 - moved 3 animals from property ID 1792 (farm) to property ID 437 (farm)
19,1799,987,DAY 20/11/2024 - moved 15 animals from property ID 1799 (farm) to property ID 987 (farm)
19,1801,776,DAY 20/11/2024 - moved 10 animals from property ID 1801 (farm) to property ID 776 (trader)
19,1809,964,DAY 20/11/2024 - moved 4 animals from property ID 1809 (farm) to property ID 964 (feedlot)
19,1812,189,DAY 20/11/2024 - moved 6 animals from property ID 1812 (farm) to property ID 189 (saleyard)
19,1814,189,DAY 20/11/2024 - moved 6 animals from property ID 1814 (farm) to property ID 189 (saleyard)
19,1823,333,DAY 20/11/2024 - moved 11 animals from property ID 1823 (trader) to property ID 333 (farm)
19,1823,1301,DAY 20/11/2024 - moved 10 animals from property ID 1823 (trader) to property ID 1301 (saleyard)
19,1823,1407,DAY 20/11/2024 - moved 10 animals from property ID 1823 (trader) to property ID 1407 (farm)
19,1828,1848,DAY 20/11/2024 - moved 12 animals from property ID 1828 (farm) to property ID 1848 (farm)
19,1841,1476,DAY 20/11/2024 - moved 7 animals from property ID 1841 (farm) to property ID 1476 (farm)
19,1883,322,DAY 20/11/2024 - moved 2 animals from property ID 1883 (farm) to property ID 322 (farm)
19,1885,329,DAY 20/11/2024 - moved 15 animals from property ID 1885 (farm) to property ID 329 (farm)
19,1902,189,DAY 20/11/2024 - moved 1 animals from property ID 1902 (farm) to property ID 189 (saleyard)
19,1905,1518,DAY 20/11/2024 - moved 4 animals from property ID 1905 (farm) to property ID 1518 (farm)
19,1912,1216,DAY 20/11/2024 - moved 6 animals from property ID 1912 (farm) to property ID 1216 (farm)
19,1950,964,DAY 20/11/2024 - moved 4 animals from property ID 1950 (farm) to property ID 964 (feedlot)
19,1959,1768,DAY 20/11/2024 - moved 12 animals from property ID 1959 (farm) to property ID 1768 (feedlot)
19,1966,264,DAY 20/11/2024 - moved 7 animals from property ID 1966 (farm) to property ID 264 (feedlot)
19,1981,782,DAY 20/11/2024 - moved 39 animals from property ID 1981 (farm) to property ID 782 (trader)
19,1984,776,DAY 20/11/2024 - moved 2 animals from property ID 1984 (farm) to property ID 776 (trader)
19,1993,276,DAY 20/11/2024 - moved 5 animals from property ID 1993 (farm) to property ID 276 (farm)
19,1996,1312,DAY 20/11/2024 - moved 3 animals from property ID 1996 (farm) to property ID 1312 (farm)
20,5,897,DAY 21/11/2024 - moved 9 animals from property ID 5 (farm) to property ID 897 (farm)
20,54,989,DAY 21/11/2024 - moved 8 animals from property ID 54 (farm) to property ID 989 (farm)
20,56,867,DAY 21/11/2024 - moved 4 animals from property ID 56 (farm) to property ID 867 (feedlot)
20,60,979,DAY 21/11/2024 - moved 6 animals from property ID 60 (farm) to property ID 979 (farm)
20,92,1842,DAY 21/11/2024 - moved 22 animals from property ID 92 (trader) to property ID 1842 (farm)
20,92,866,DAY 21/11/2024 - moved 22 animals from property ID 92 (trader) to property ID 866 (feedlot)
20,112,1301,DAY 21/11/2024 - moved 4 animals from property ID 112 (farm) to property ID 1301 (saleyard)
20,117,782,DAY 21/11/2024 - moved 11 animals from property ID 117 (farm) to property ID 782 (trader)
20,128,1479,DAY 21/11/2024 - moved 4 animals from property ID 128 (farm) to property ID 1479 (trader)
20,137,1946,DAY 21/11/2024 - moved 6 animals from property ID 137 (farm) to property ID 1946 (farm)
20,142,782,DAY 21/11/2024 - moved 9 animals from property ID 142 (farm) to property ID 782 (trader)
20,165,1496,DAY 21/11/2024 - moved 15 animals from property ID 165 (farm) to property ID 1496 (farm)
20,170,1078,DAY 21/11/2024 - moved 6 animals from property ID 170 (farm) to property ID 1078 (farm)
20,189,162,DAY 21/11/2024 - moved 17 animals from property ID 189 (saleyard) to property ID 162 (farm)
20,189,134,DAY 21/11/2024 - moved 17 animals from property ID 189 (saleyard) to property ID 134 (farm)
20,189,748,DAY 21/11/2024 - moved 16 animals from property ID 189 (saleyard) to property ID 748 (farm)
20,189,1109,DAY 21/11/2024 - moved 16 animals from property ID 189 (saleyard) to property ID 1109 (feedlot)
20,189,1109,DAY 21/11/2024 - moved 16 animals from property ID 189 (saleyard) to property ID 1109 (feedlot)
20,209,1554,DAY 21/11/2024 - moved 13 animals from property ID 209 (farm) to property ID 1554 (farm)
20,228,189,DAY 21/11/2024 - moved 2 animals from property ID 228 (farm) to property ID 189 (saleyard)
20,242,1110,DAY 21/11/2024 - moved 5 animals from property ID 242 (farm) to property ID 1110 (feedlot)
20,243,264,DAY 21/11/2024 - moved 15 animals from property ID 243 (farm) to property ID 264 (feedlot)
20,246,908,DAY 21/11/2024 - moved 5 animals from property ID 246 (farm) to property ID 908 (saleyard)
20,255,921,DAY 21/11/2024 - moved 9 animals from property ID 255 (farm) to property ID 921 (farm)
20,261,1987,DAY 21/11/2024 - moved 3 animals from property ID 261 (farm) to property ID 1987 (farm)
20,275,1948,DAY 21/11/2024 - moved 9 animals from property ID 275 (farm) to property ID 1948 (farm)
20,282,866,DAY 21/11/2024 - moved 6 animals from property ID 282 (farm) to property ID 866 (feedlot)
20,289,6,DAY 21/11/2024 - moved 9 animals from property ID 289 (farm) to property ID 6 (stud farm)
20,308,964,DAY 21/11/2024 - moved 3 animals from property ID 308 (farm) to property ID 964 (feedlot)
20,317,1238,DAY 21/11/2024 - moved 83 animals from property ID 317 (farm) to property ID 1238 (farm)
20,325,1693,DAY 21/11/2024 - moved 13 animals from property ID 325 (farm) to property ID 1693 (farm)
20,331,1301,DAY 21/11/2024 - moved 3 animals from property ID 331 (farm) to property ID 1301 (saleyard)
20,343,1479,DAY 21/11/2024 - moved 11 animals from property ID 343 (farm) to property ID 1479 (trader)
20,354,415,DAY 21/11/2024 - moved 7 animals from property ID 354 (farm) to property ID 415 (trader)
20,360,908,DAY 21/11/2024 - moved 5 animals from property ID 360 (farm) to property ID 908 (saleyard)
20,366,1768,DAY 21/11/2024 - moved 4 animals from property ID 366 (farm) to property ID 1768 (feedlot)
20,372,1119,DAY 21/11/2024 - moved 2 animals from property ID 372 (farm) to property ID 1119 (trader)
20,376,776,DAY 21/11/2024 - moved 4 animals from property ID 376 (farm) to property ID 776 (trader)
20,391,1799,DAY 21/11/2024 - moved 11 animals from property ID 391 (farm) to property ID 1799 (farm)
20,405,1880,DAY 21/11/2024 - moved 17 animals from property ID 405 (farm) to property ID 1880 (farm)
20,415,146,DAY 21/11/2024 - moved 5 animals from property ID 415 (trader) to property ID 146 (farm)
20,415,1109,DAY 21/11/2024 - moved 5 animals from property ID 415 (trader) to property ID 1109 (feedlot)
20,415,188,DAY 21/11/2024 - moved 5 animals from property ID 415 (trader) to property ID 188 (feedlot)
20,481,108,DAY 21/11/2024 - moved 1 animals from property ID 481 (farm) to property ID 108 (farm)
20,499,1781,DAY 21/11/2024 - moved 3 animals from property ID 499 (farm) to property ID 1781 (farm)
20,503,861,DAY 21/11/2024 - moved 5 animals from property ID 503 (farm) to property ID 861 (farm)
20,509,1301,DAY 21/11/2024 - moved 3 animals from property ID 509 (farm) to property ID 1301 (saleyard)
20,525,375,DAY 21/11/2024 - moved 3 animals from property ID 525 (farm) to property ID 375 (farm)
20,528,1259,DAY 21/11/2024 - moved 3 animals from property ID 528 (farm) to property ID 1259 (farm)
20,557,1856,DAY 21/11/2024 - moved 3 animals from property ID 557 (farm) to property ID 1856 (farm)
20,560,700,DAY 21/11/2024 - moved 5 animals from property ID 560 (farm) to property ID 700 (trader)
20,569,1806,DAY 21/11/2024 - moved 16 animals from property ID 569 (farm) to property ID 1806 (farm)
20,610,1487,DAY 21/11/2024 - moved 15 animals from property ID 610 (farm) to property ID 1487 (feedlot)
20,637,1119,DAY 21/11/2024 - moved 5 animals from property ID 637 (farm) to property ID 1119 (trader)
20,647,189,DAY 21/11/2024 - moved 4 animals from property ID 647 (farm) to property ID 189 (saleyard)
20,661,964,DAY 21/11/2024 - moved 5 animals from property ID 661 (farm) to property ID 964 (feedlot)
20,668,1823,DAY 21/11/2024 - moved 11 animals from property ID 668 (farm) to property ID 1823 (trader)
20,692,1301,DAY 21/11/2024 - moved 1 animals from property ID 692 (farm) to property ID 1301 (saleyard)
20,694,325,DAY 21/11/2024 - moved 6 animals from property ID 694 (farm) to property ID 325 (farm)
20,697,1666,DAY 21/11/2024 - moved 2 animals from property ID 697 (farm) to property ID 1666 (feedlot)
20,724,813,DAY 21/11/2024 - moved 2 animals from property ID 724 (farm) to property ID 813 (farm)
20,726,1629,DAY 21/11/2024 - moved 2 animals from property ID 726 (farm) to property ID 1629 (farm)
20,734,1635,DAY 21/11/2024 - moved 3 animals from property ID 734 (farm) to property ID 1635 (feedlot)
20,755,524,DAY 21/11/2024 - moved 6 animals from property ID 755 (farm) to property ID 524 (feedlot)
20,761,425,DAY 21/11/2024 - moved 3 animals from property ID 761 (farm) to property ID 425 (feedlot)
20,764,1666,DAY 21/11/2024 - moved 12 animals from property ID 764 (farm) to property ID 1666 (feedlot)
20,776,1253,DAY 21/11/2024 - moved 15 animals from property ID 776 (trader) to property ID 1253 (feedlot)
20,776,1373,DAY 21/11/2024 - moved 15 animals from property ID 776 (trader) to property ID 1373 (farm)
20,776,6,DAY 21/11/2024 - moved 15 animals from property ID 776 (trader) to property ID 6 (stud farm)
20,782,724,DAY 21/11/2024 - moved 45 animals from property ID 782 (trader) to property ID 724 (farm)
20,782,626,DAY 21/11/2024 - moved 46 animals from property ID 782 (trader) to property ID 626 (farm)
20,795,1479,DAY 21/11/2024 - moved 12 animals from property ID 795 (farm) to property ID 1479 (trader)
20,803,429,DAY 21/11/2024 - moved 2 animals from property ID 803 (farm) to property ID 429 (feedlot)
20,875,699,DAY 21/11/2024 - moved 3 animals from property ID 875 (farm) to property ID 699 (farm)
20,876,904,DAY 21/11/2024 - moved 5 animals from property ID 876 (farm) to property ID 904 (trader)
20,883,1119,DAY 21/11/2024 - moved 1 animals from property ID 883 (farm) to property ID 1119 (trader)
20,889,1823,DAY 21/11/2024 - moved 8 animals from property ID 889 (farm) to property ID 1823 (trader)
20,890,651,DAY 21/11/2024 - moved 1 animals from property ID 890 (farm) to property ID 651 (farm)
20,903,700,DAY 21/11/2024 - moved 6 animals from property ID 903 (farm) to property ID 700 (trader)
20,908,1281,DAY 21/11/2024 - moved 45 animals from property ID 908 (saleyard) to property ID 1281 (farm)
20,914,429,DAY 21/11/2024 - moved 18 animals from property ID 914 (farm) to property ID 429 (feedlot)
20,922,1898,DAY 21/11/2024 - moved 65 animals from property ID 922 (farm) to property ID 1898 (saleyard)
20,943,92,DAY 21/11/2024 - moved 7 animals from property ID 943 (farm) to property ID 92 (trader)
20,961,1722,DAY 21/11/2024 - moved 12 animals from property ID 961 (farm) to property ID 1722 (farm)
20,965,533,DAY 21/11/2024 - moved 8 animals from property ID 965 (farm) to property ID 533 (farm)
20,966,1898,DAY 21/11/2024 - moved 9 animals from property ID 966 (farm) to property ID 1898 (saleyard)
20,967,1619,DAY 21/11/2024 - moved 6 animals from property ID 967 (farm) to property ID 1619 (farm)
20,984,37,DAY 21/11/2024 - moved 10 animals from property ID 984 (farm) to property ID 37 (farm)
20,985,524,DAY 21/11/2024 - moved 6 animals from property ID 985 (farm) to property ID 524 (feedlot)
20,1016,349,DAY 21/11/2024 - moved 21 animals from property ID 1016 (farm) to property ID 349 (farm)
20,1020,1823,DAY 21/11/2024 - moved 22 animals from property ID 1020 (farm) to property ID 1823 (trader)
20,1053,1301,DAY 21/11/2024 - moved 2 animals from property ID 1053 (farm) to property ID 1301 (saleyard)
20,1060,1726,DAY 21/11/2024 - moved 5 animals from property ID 1060 (farm) to property ID 1726 (farm)
20,1063,1301,DAY 21/11/2024 - moved 7 animals from property ID 1063 (farm) to property ID 1301 (saleyard)
20,1064,1330,DAY 21/11/2024 - moved 1 animals from property ID 1064 (farm) to property ID 1330 (farm)
20,1073,1823,DAY 21/11/2024 - moved 28 animals from property ID 1073 (farm) to property ID 1823 (trader)
20,1083,867,DAY 21/11/2024 - moved 1 animals from property ID 1083 (farm) to property ID 867 (feedlot)
20,1084,1273,DAY 21/11/2024 - moved 1 animals from property ID 1084 (farm) to property ID 1273 (trader)
20,1089,597,DAY 21/11/2024 - moved 6 animals from property ID 1089 (farm) to property ID 597 (farm)
20,1090,524,DAY 21/11/2024 - moved 6 animals from property ID 1090 (farm) to property ID 524 (feedlot)
20,1100,458,DAY 21/11/2024 - moved 9 animals from property ID 1100 (farm) to property ID 458 (abbattoir)
20,1102,189,DAY 21/11/2024 - moved 4 animals from property ID 1102 (farm) to property ID 189 (saleyard)
20,1112,1823,DAY 21/11/2024 - moved 2 animals from property ID 1112 (farm) to property ID 1823 (trader)
20,1119,867,DAY 21/11/2024 - moved 16 animals from property ID 1119 (trader) to property ID 867 (feedlot)
20,1123,867,DAY 21/11/2024 - moved 3 animals from property ID 1123 (farm) to property ID 867 (feedlot)
20,1135,978,DAY 21/11/2024 - moved 1 animals from property ID 1135 (farm) to property ID 978 (farm)
20,1147,782,DAY 21/11/2024 - moved 25 animals from property ID 1147 (farm) to property ID 782 (trader)
20,1151,758,DAY 21/11/2024 - moved 2 animals from property ID 1151 (farm) to property ID 758 (feedlot)
20,1158,1662,DAY 21/11/2024 - moved 10 animals from property ID 1158 (farm) to property ID 1662 (feedlot)
20,1173,867,DAY 21/11/2024 - moved 13 animals from property ID 1173 (farm) to property ID 867 (feedlot)
20,1181,493,DAY 21/11/2024 - moved 18 animals from property ID 1181 (farm) to property ID 493 (farm)
20,1189,1109,DAY 21/11/2024 - moved 6 animals from property ID 1189 (farm) to property ID 1109 (feedlot)
20,1190,776,DAY 21/11/2024 - moved 2 animals from property ID 1190 (farm) to property ID 776 (trader)
20,1210,908,DAY 21/11/2024 - moved 2 animals from property ID 1210 (farm) to property ID 908 (saleyard)
20,1220,92,DAY 21/11/2024 - moved 6 animals from property ID 1220 (farm) to property ID 92 (trader)
20,1232,415,DAY 21/11/2024 - moved 3 animals from property ID 1232 (farm) to property ID 415 (trader)
20,1242,189,DAY 21/11/2024 - moved 4 animals from property ID 1242 (farm) to property ID 189 (saleyard)
20,1251,1479,DAY 21/11/2024 - moved 7 animals from property ID 1251 (farm) to property ID 1479 (trader)
20,1258,1532,DAY 21/11/2024 - moved 4 animals from property ID 1258 (farm) to property ID 1532 (farm)
20,1273,636,DAY 21/11/2024 - moved 14 animals from property ID 1273 (trader) to property ID 636 (farm)
20,1273,243,DAY 21/11/2024 - moved 14 animals from property ID 1273 (trader) to property ID 243 (farm)
20,1288,1480,DAY 21/11/2024 - moved 8 animals from property ID 1288 (farm) to property ID 1480 (farm)
20,1296,234,DAY 21/11/2024 - moved 6 animals from property ID 1296 (farm) to property ID 234 (farm)
20,1308,1273,DAY 21/11/2024 - moved 2 animals from property ID 1308 (farm) to property ID 1273 (trader)
20,1312,866,DAY 21/11/2024 - moved 18 animals from property ID 1312 (farm) to property ID 866 (feedlot)
20,1320,1190,DAY 21/11/2024 - moved 3 animals from property ID 1320 (farm) to property ID 1190 (farm)
20,1323,1024,DAY 21/11/2024 - moved 51 animals from property ID 1323 (farm) to property ID 1024 (farm)
20,1350,105,DAY 21/11/2024 - moved 5 animals from property ID 1350 (farm) to property ID 105 (farm)
20,1358,206,DAY 21/11/2024 - moved 3 animals from property ID 1358 (farm) to property ID 206 (farm)
20,1373,1768,DAY 21/11/2024 - moved 4 animals from property ID 1373 (farm) to property ID 1768 (feedlot)
20,1399,1536,DAY 21/11/2024 - moved 4 animals from property ID 1399 (farm) to property ID 1536 (feedlot)
20,1425,415,DAY 21/11/2024 - moved 2 animals from property ID 1425 (farm) to property ID 415 (trader)
20,1437,658,DAY 21/11/2024 - moved 1 animals from property ID 1437 (farm) to property ID 658 (farm)
20,1438,904,DAY 21/11/2024 - moved 3 animals from property ID 1438 (farm) to property ID 904 (trader)
20,1455,782,DAY 21/11/2024 - moved 27 animals from property ID 1455 (farm) to property ID 782 (trader)
20,1463,1379,DAY 21/11/2024 - moved 15 animals from property ID 1463 (farm) to property ID 1379 (feedlot)
20,1474,468,DAY 21/11/2024 - moved 4 animals from property ID 1474 (farm) to property ID 468 (farm)
20,1479,957,DAY 21/11/2024 - moved 13 animals from property ID 1479 (trader) to property ID 957 (farm)
20,1479,957,DAY 21/11/2024 - moved 14 animals from property ID 1479 (trader) to property ID 957 (farm)
20,1479,555,DAY 21/11/2024 - moved 14 animals from property ID 1479 (trader) to property ID 555 (farm)
20,1499,415,DAY 21/11/2024 - moved 8 animals from property ID 1499 (farm) to property ID 415 (trader)
20,1521,1852,DAY 21/11/2024 - moved 5 animals from property ID 1521 (farm) to property ID 1852 (farm)
20,1523,1386,DAY 21/11/2024 - moved 8 animals from property ID 1523 (farm) to property ID 1386 (farm)
20,1528,782,DAY 21/11/2024 - moved 9 animals from property ID 1528 (farm) to property ID 782 (trader)
20,1537,189,DAY 21/11/2024 - moved 6 animals from property ID 1537 (farm) to property ID 189 (saleyard)
20,1554,782,DAY 21/11/2024 - moved 13 animals from property ID 1554 (farm) to property ID 782 (trader)
20,1556,864,DAY 21/11/2024 - moved 9 animals from property ID 1556 (farm) to property ID 864 (farm)
20,1564,1898,DAY 21/11/2024 - moved 3 animals from property ID 1564 (farm) to property ID 1898 (saleyard)
20,1567,1640,DAY 21/11/2024 - moved 7 animals from property ID 1567 (farm) to property ID 1640 (farm)
20,1584,1707,DAY 21/11/2024 - moved 13 animals from property ID 1584 (farm) to property ID 1707 (farm)
20,1585,1635,DAY 21/11/2024 - moved 3 animals from property ID 1585 (farm) to property ID 1635 (feedlot)
20,1589,776,DAY 21/11/2024 - moved 10 animals from property ID 1589 (farm) to property ID 776 (trader)
20,1597,1301,DAY 21/11/2024 - moved 3 animals from property ID 1597 (farm) to property ID 1301 (saleyard)
20,1598,166,DAY 21/11/2024 - moved 4 animals from property ID 1598 (farm) to property ID 166 (farm)
20,1607,407,DAY 21/11/2024 - moved 2 animals from property ID 1607 (farm) to property ID 407 (farm)
20,1613,1360,DAY 21/11/2024 - moved 9 animals from property ID 1613 (farm) to property ID 1360 (farm)
20,1619,92,DAY 21/11/2024 - moved 4 animals from property ID 1619 (farm) to property ID 92 (trader)
20,1638,201,DAY 21/11/2024 - moved 1 animals from property ID 1638 (farm) to property ID 201 (farm)
20,1657,171,DAY 21/11/2024 - moved 1 animals from property ID 1657 (farm) to property ID 171 (farm)
20,1663,113,DAY 21/11/2024 - moved 17 animals from property ID 1663 (farm) to property ID 113 (farm)
20,1675,197,DAY 21/11/2024 - moved 7 animals from property ID 1675 (farm) to property ID 197 (farm)
20,1681,258,DAY 21/11/2024 - moved 3 animals from property ID 1681 (farm) to property ID 258 (farm)
20,1682,524,DAY 21/11/2024 - moved 2 animals from property ID 1682 (farm) to property ID 524 (feedlot)
20,1693,409,DAY 21/11/2024 - moved 22 animals from property ID 1693 (farm) to property ID 409 (farm)
20,1702,1712,DAY 21/11/2024 - moved 6 animals from property ID 1702 (farm) to property ID 1712 (farm)
20,1704,1479,DAY 21/11/2024 - moved 14 animals from property ID 1704 (farm) to property ID 1479 (trader)
20,1716,964,DAY 21/11/2024 - moved 3 animals from property ID 1716 (farm) to property ID 964 (feedlot)
20,1748,983,DAY 21/11/2024 - moved 3 animals from property ID 1748 (farm) to property ID 983 (farm)
20,1786,189,DAY 21/11/2024 - moved 2 animals from property ID 1786 (farm) to property ID 189 (saleyard)
20,1796,1925,DAY 21/11/2024 - moved 5 animals from property ID 1796 (farm) to property ID 1925 (farm)
20,1817,264,DAY 21/11/2024 - moved 4 animals from property ID 1817 (farm) to property ID 264 (feedlot)
20,1821,34,DAY 21/11/2024 - moved 18 animals from property ID 1821 (farm) to property ID 34 (farm)
20,1823,1301,DAY 21/11/2024 - moved 35 animals from property ID 1823 (trader) to property ID 1301 (saleyard)
20,1830,1334,DAY 21/11/2024 - moved 4 animals from property ID 1830 (farm) to property ID 1334 (farm)
20,1838,1487,DAY 21/11/2024 - moved 5 animals from property ID 1838 (farm) to property ID 1487 (feedlot)
20,1847,618,DAY 21/11/2024 - moved 4 animals from property ID 1847 (farm) to property ID 618 (farm)
20,1857,1664,DAY 21/11/2024 - moved 8 animals from property ID 1857 (farm) to property ID 1664 (farm)
20,1859,1613,DAY 21/11/2024 - moved 30 animals from property ID 1859 (farm) to property ID 1613 (farm)
20,1865,1662,DAY 21/11/2024 - moved 7 animals from property ID 1865 (farm) to property ID 1662 (feedlot)
20,1880,346,DAY 21/11/2024 - moved 7 animals from property ID 1880 (farm) to property ID 346 (farm)
20,1898,1400,DAY 21/11/2024 - moved 8 animals from property ID 1898 (saleyard) to property ID 1400 (farm)
20,1898,1838,DAY 21/11/2024 - moved 8 animals from property ID 1898 (saleyard) to property ID 1838 (farm)
20,1898,1811,DAY 21/11/2024 - moved 8 animals from property ID 1898 (saleyard) to property ID 1811 (farm)
20,1898,6,DAY 21/11/2024 - moved 8 animals from property ID 1898 (saleyard) to property ID 6 (stud farm)
20,1898,326,DAY 21/11/2024 - moved 8 animals from property ID 1898 (saleyard) to property ID 326 (farm)
20,1898,1653,DAY 21/11/2024 - moved 8 animals from property ID 1898 (saleyard) to property ID 1653 (farm)
20,1900,743,DAY 21/11/2024 - moved 4 animals from property ID 1900 (farm) to property ID 743 (farm)
20,1909,916,DAY 21/11/2024 - moved 3 animals from property ID 1909 (farm) to property ID 916 (farm)
20,1929,1823,DAY 21/11/2024 - moved 2 animals from property ID 1929 (farm) to property ID 1823 (trader)
20,1930,189,DAY 21/11/2024 - moved 26 animals from property ID 1930 (farm) to property ID 189 (saleyard)
20,1939,866,DAY 21/11/2024 - moved 3 animals from property ID 1939 (farm) to property ID 866 (feedlot)
20,1965,883,DAY 21/11/2024 - moved 1 animals from property ID 1965 (farm) to property ID 883 (farm)
20,1982,458,DAY 21/11/2024 - moved 13 animals from property ID 1982 (farm) to property ID 458 (abbattoir)
21,18,1898,DAY 22/11/2024 - moved 5 animals from property ID 18 (farm) to property ID 1898 (saleyard)
21,20,1487,DAY 22/11/2024 - moved 4 animals from property ID 20 (farm) to property ID 1487 (feedlot)
21,30,1666,DAY 22/11/2024 - moved 1 animals from property ID 30 (farm) to property ID 1666 (feedlot)
21,33,964,DAY 22/11/2024 - moved 17 animals from property ID 33 (farm) to property ID 964 (feedlot)
21,48,908,DAY 22/11/2024 - moved 6 animals from property ID 48 (farm) to property ID 908 (saleyard)
21,52,908,DAY 22/11/2024 - moved 5 animals from property ID 52 (farm) to property ID 908 (saleyard)
21,57,1530,DAY 22/11/2024 - moved 1 animals from property ID 57 (farm) to property ID 1530 (farm)
21,69,1487,DAY 22/11/2024 - moved 18 animals from property ID 69 (farm) to property ID 1487 (feedlot)
21,92,866,DAY 22/11/2024 - moved 19 animals from property ID 92 (trader) to property ID 866 (feedlot)
21,92,1666,DAY 22/11/2024 - moved 20 animals from property ID 92 (trader) to property ID 1666 (feedlot)
21,98,612,DAY 22/11/2024 - moved 5 animals from property ID 98 (farm) to property ID 612 (farm)
21,123,1900,DAY 22/11/2024 - moved 12 animals from property ID 123 (farm) to property ID 1900 (farm)
21,154,1898,DAY 22/11/2024 - moved 5 animals from property ID 154 (farm) to property ID 1898 (saleyard)
21,163,1635,DAY 22/11/2024 - moved 9 animals from property ID 163 (farm) to property ID 1635 (feedlot)
21,172,425,DAY 22/11/2024 - moved 8 animals from property ID 172 (farm) to property ID 425 (feedlot)
21,182,1288,DAY 22/11/2024 - moved 4 animals from property ID 182 (farm) to property ID 1288 (farm)
21,189,524,DAY 22/11/2024 - moved 75 animals from property ID 189 (saleyard) to property ID 524 (feedlot)
21,204,189,DAY 22/11/2024 - moved 16 animals from property ID 204 (farm) to property ID 189 (saleyard)
21,205,189,DAY 22/11/2024 - moved 4 animals from property ID 205 (farm) to property ID 189 (saleyard)
21,208,283,DAY 22/11/2024 - moved 12 animals from property ID 208 (farm) to property ID 283 (farm)
21,253,323,DAY 22/11/2024 - moved 63 animals from property ID 253 (farm) to property ID 323 (farm)
21,262,1456,DAY 22/11/2024 - moved 7 animals from property ID 262 (farm) to property ID 1456 (farm)
21,263,92,DAY 22/11/2024 - moved 2 animals from property ID 263 (farm) to property ID 92 (trader)
21,267,1301,DAY 22/11/2024 - moved 1 animals from property ID 267 (farm) to property ID 1301 (saleyard)
21,273,1073,DAY 22/11/2024 - moved 12 animals from property ID 273 (farm) to property ID 1073 (farm)
21,294,663,DAY 22/11/2024 - moved 3 animals from property ID 294 (farm) to property ID 663 (farm)
21,295,1898,DAY 22/11/2024 - moved 9 animals from property ID 295 (farm) to property ID 1898 (saleyard)
21,298,1823,DAY 22/11/2024 - moved 6 animals from property ID 298 (farm) to property ID 1823 (trader)
21,299,109,DAY 22/11/2024 - moved 4 animals from property ID 299 (farm) to property ID 109 (farm)
21,300,92,DAY 22/11/2024 - moved 7 animals from property ID 300 (farm) to property ID 92 (trader)
21,335,758,DAY 22/11/2024 - moved 4 animals from property ID 335 (farm) to property ID 758 (feedlot)
21,355,866,DAY 22/11/2024 - moved 7 animals from property ID 355 (farm) to property ID 866 (feedlot)
21,378,617,DAY 22/11/2024 - moved 24 animals from property ID 378 (farm) to property ID 617 (farm)
21,415,726,DAY 22/11/2024 - moved 6 animals from property ID 415 (trader) to property ID 726 (farm)
21,415,1830,DAY 22/11/2024 - moved 5 animals from property ID 415 (trader) to property ID 1830 (farm)
21,415,257,DAY 22/11/2024 - moved 5 animals from property ID 415 (trader) to property ID 257 (farm)
21,421,264,DAY 22/11/2024 - moved 11 animals from property ID 421 (farm) to property ID 264 (feedlot)
21,434,908,DAY 22/11/2024 - moved 2 animals from property ID 434 (farm) to property ID 908 (saleyard)
21,452,776,DAY 22/11/2024 - moved 9 animals from property ID 452 (farm) to property ID 776 (trader)
21,473,776,DAY 22/11/2024 - moved 6 animals from property ID 473 (farm) to property ID 776 (trader)
21,507,171,DAY 22/11/2024 - moved 7 animals from property ID 507 (farm) to property ID 171 (farm)
21,534,867,DAY 22/11/2024 - moved 11 animals from property ID 534 (farm) to property ID 867 (feedlot)
21,542,189,DAY 22/11/2024 - moved 2 animals from property ID 542 (farm) to property ID 189 (saleyard)
21,545,961,DAY 22/11/2024 - moved 11 animals from property ID 545 (farm) to property ID 961 (farm)
21,556,1662,DAY 22/11/2024 - moved 6 animals from property ID 556 (farm) to property ID 1662 (feedlot)
21,563,524,DAY 22/11/2024 - moved 4 animals from property ID 563 (farm) to property ID 524 (feedlot)
21,565,776,DAY 22/11/2024 - moved 5 animals from property ID 565 (farm) to property ID 776 (trader)
21,595,827,DAY 22/11/2024 - moved 9 animals from property ID 595 (farm) to property ID 827 (farm)
21,599,776,DAY 22/11/2024 - moved 5 animals from property ID 599 (farm) to property ID 776 (trader)
21,601,1619,DAY 22/11/2024 - moved 3 animals from property ID 601 (farm) to property ID 1619 (farm)
21,613,867,DAY 22/11/2024 - moved 1 animals from property ID 613 (farm) to property ID 867 (feedlot)
21,619,415,DAY 22/11/2024 - moved 9 animals from property ID 619 (farm) to property ID 415 (trader)
21,621,415,DAY 22/11/2024 - moved 5 animals from property ID 621 (farm) to property ID 415 (trader)
21,649,782,DAY 22/11/2024 - moved 3 animals from property ID 649 (farm) to property ID 782 (trader)
21,650,1907,DAY 22/11/2024 - moved 21 animals from property ID 650 (farm) to property ID 1907 (feedlot)
21,663,904,DAY 22/11/2024 - moved 5 animals from property ID 663 (farm) to property ID 904 (trader)
21,682,329,DAY 22/11/2024 - moved 25 animals from property ID 682 (farm) to property ID 329 (farm)
21,683,867,DAY 22/11/2024 - moved 1 animals from property ID 683 (farm) to property ID 867 (feedlot)
21,700,234,DAY 22/11/2024 - moved 23 animals from property ID 700 (trader) to property ID 234 (farm)
21,712,1479,DAY 22/11/2024 - moved 6 animals from property ID 712 (farm) to property ID 1479 (trader)
21,720,425,DAY 22/11/2024 - moved 18 animals from property ID 720 (farm) to property ID 425 (feedlot)
21,727,1479,DAY 22/11/2024 - moved 16 animals from property ID 727 (farm) to property ID 1479 (trader)
21,767,1662,DAY 22/11/2024 - moved 10 animals from property ID 767 (farm) to property ID 1662 (feedlot)
21,773,1448,DAY 22/11/2024 - moved 2 animals from property ID 773 (farm) to property ID 1448 (farm)
21,776,6,DAY 22/11/2024 - moved 19 animals from property ID 776 (trader) to property ID 6 (stud farm)
21,776,908,DAY 22/11/2024 - moved 20 animals from property ID 776 (trader) to property ID 908 (saleyard)
21,782,365,DAY 22/11/2024 - moved 46 animals from property ID 782 (trader) to property ID 365 (farm)
21,782,626,DAY 22/11/2024 - moved 46 animals from property ID 782 (trader) to property ID 626 (farm)
21,793,867,DAY 22/11/2024 - moved 1 animals from property ID 793 (farm) to property ID 867 (feedlot)
21,805,1634,DAY 22/11/2024 - moved 6 animals from property ID 805 (farm) to property ID 1634 (farm)
21,810,57,DAY 22/11/2024 - moved 8 animals from property ID 810 (farm) to property ID 57 (farm)
21,813,1868,DAY 22/11/2024 - moved 4 animals from property ID 813 (farm) to property ID 1868 (farm)
21,821,923,DAY 22/11/2024 - moved 3 animals from property ID 821 (farm) to property ID 923 (farm)
21,832,429,DAY 22/11/2024 - moved 9 animals from property ID 832 (farm) to property ID 429 (feedlot)
21,835,403,DAY 22/11/2024 - moved 18 animals from property ID 835 (farm) to property ID 403 (farm)
21,864,782,DAY 22/11/2024 - moved 10 animals from property ID 864 (farm) to property ID 782 (trader)
21,871,189,DAY 22/11/2024 - moved 1 animals from property ID 871 (farm) to property ID 189 (saleyard)
21,904,876,DAY 22/11/2024 - moved 5 animals from property ID 904 (trader) to property ID 876 (farm)
21,904,264,DAY 22/11/2024 - moved 4 animals from property ID 904 (trader) to property ID 264 (feedlot)
21,904,419,DAY 22/11/2024 - moved 4 animals from property ID 904 (trader) to property ID 419 (farm)
21,905,1479,DAY 22/11/2024 - moved 17 animals from property ID 905 (farm) to property ID 1479 (trader)
21,908,1768,DAY 22/11/2024 - moved 9 animals from property ID 908 (saleyard) to property ID 1768 (feedlot)
21,908,1882,DAY 22/11/2024 - moved 9 animals from property ID 908 (saleyard) to property ID 1882 (farm)
21,908,776,DAY 22/11/2024 - moved 10 animals from property ID 908 (saleyard) to property ID 776 (trader)
21,908,153,DAY 22/11/2024 - moved 10 animals from property ID 908 (saleyard) to property ID 153 (farm)
21,909,142,DAY 22/11/2024 - moved 3 animals from property ID 909 (farm) to property ID 142 (farm)
21,923,752,DAY 22/11/2024 - moved 11 animals from property ID 923 (farm) to property ID 752 (farm)
21,945,1239,DAY 22/11/2024 - moved 1 animals from property ID 945 (farm) to property ID 1239 (farm)
21,955,782,DAY 22/11/2024 - moved 10 animals from property ID 955 (farm) to property ID 782 (trader)
21,956,700,DAY 22/11/2024 - moved 6 animals from property ID 956 (farm) to property ID 700 (trader)
21,962,425,DAY 22/11/2024 - moved 2 animals from property ID 962 (farm) to property ID 425 (feedlot)
21,976,964,DAY 22/11/2024 - moved 5 animals from property ID 976 (farm) to property ID 964 (feedlot)
21,992,1273,DAY 22/11/2024 - moved 3 animals from property ID 992 (farm) to property ID 1273 (trader)
21,995,1313,DAY 22/11/2024 - moved 17 animals from property ID 995 (farm) to property ID 1313 (farm)
21,1003,835,DAY 22/11/2024 - moved 1 animals from property ID 1003 (farm) to property ID 835 (farm)
21,1012,758,DAY 22/11/2024 - moved 25 animals from property ID 1012 (farm) to property ID 758 (feedlot)
21,1024,487,DAY 22/11/2024 - moved 15 animals from property ID 1024 (farm) to property ID 487 (farm)
21,1046,1678,DAY 22/11/2024 - moved 19 animals from property ID 1046 (farm) to property ID 1678 (farm)
21,1081,867,DAY 22/11/2024 - moved 1 animals from property ID 1081 (farm) to property ID 867 (feedlot)
21,1105,867,DAY 22/11/2024 - moved 9 animals from property ID 1105 (farm) to property ID 867 (feedlot)
21,1119,1236,DAY 22/11/2024 - moved 4 animals from property ID 1119 (trader) to property ID 1236 (farm)
21,1119,960,DAY 22/11/2024 - moved 5 animals from property ID 1119 (trader) to property ID 960 (farm)
21,1119,1301,DAY 22/11/2024 - moved 5 animals from property ID 1119 (trader) to property ID 1301 (saleyard)
21,1136,866,DAY 22/11/2024 - moved 7 animals from property ID 1136 (farm) to property ID 866 (feedlot)
21,1137,1301,DAY 22/11/2024 - moved 8 animals from property ID 1137 (farm) to property ID 1301 (saleyard)
21,1213,776,DAY 22/11/2024 - moved 3 animals from property ID 1213 (farm) to property ID 776 (trader)
21,1216,1662,DAY 22/11/2024 - moved 6 animals from property ID 1216 (farm) to property ID 1662 (feedlot)
21,1219,1301,DAY 22/11/2024 - moved 17 animals from property ID 1219 (farm) to property ID 1301 (saleyard)
21,1222,782,DAY 22/11/2024 - moved 12 animals from property ID 1222 (farm) to property ID 782 (trader)
21,1225,429,DAY 22/11/2024 - moved 1 animals from property ID 1225 (farm) to property ID 429 (feedlot)
21,1228,188,DAY 22/11/2024 - moved 6 animals from property ID 1228 (farm) to property ID 188 (feedlot)
21,1230,719,DAY 22/11/2024 - moved 1 animals from property ID 1230 (farm) to property ID 719 (farm)
21,1254,1592,DAY 22/11/2024 - moved 5 animals from property ID 1254 (farm) to property ID 1592 (farm)
21,1273,600,DAY 22/11/2024 - moved 11 animals from property ID 1273 (trader) to property ID 600 (farm)
21,1273,1448,DAY 22/11/2024 - moved 12 animals from property ID 1273 (trader) to property ID 1448 (farm)
21,1277,742,DAY 22/11/2024 - moved 13 animals from property ID 1277 (farm) to property ID 742 (farm)
21,1278,1823,DAY 22/11/2024 - moved 5 animals from property ID 1278 (farm) to property ID 1823 (trader)
21,1284,866,DAY 22/11/2024 - moved 11 animals from property ID 1284 (farm) to property ID 866 (feedlot)
21,1290,97,DAY 22/11/2024 - moved 7 animals from property ID 1290 (farm) to property ID 97 (farm)
21,1298,1536,DAY 22/11/2024 - moved 7 animals from property ID 1298 (farm) to property ID 1536 (feedlot)
21,1301,867,DAY 22/11/2024 - moved 11 animals from property ID 1301 (saleyard) to property ID 867 (feedlot)
21,1301,696,DAY 22/11/2024 - moved 11 animals from property ID 1301 (saleyard) to property ID 696 (farm)
21,1301,693,DAY 22/11/2024 - moved 12 animals from property ID 1301 (saleyard) to property ID 693 (farm)
21,1301,75,DAY 22/11/2024 - moved 12 animals from property ID 1301 (saleyard) to property ID 75 (farm)
21,1301,1605,DAY 22/11/2024 - moved 12 animals from property ID 1301 (saleyard) to property ID 1605 (farm)
21,1304,92,DAY 22/11/2024 - moved 2 animals from property ID 1304 (farm) to property ID 92 (trader)
21,1313,1273,DAY 22/11/2024 - moved 16 animals from property ID 1313 (farm) to property ID 1273 (trader)
21,1314,368,DAY 22/11/2024 - moved 4 animals from property ID 1314 (farm) to property ID 368 (farm)
21,1316,259,DAY 22/11/2024 - moved 2 animals from property ID 1316 (farm) to property ID 259 (farm)
21,1318,967,DAY 22/11/2024 - moved 3 animals from property ID 1318 (farm) to property ID 967 (farm)
21,1342,1898,DAY 22/11/2024 - moved 29 animals from property ID 1342 (farm) to property ID 1898 (saleyard)
21,1344,920,DAY 22/11/2024 - moved 1 animals from property ID 1344 (farm) to property ID 920 (farm)
21,1369,1301,DAY 22/11/2024 - moved 16 animals from property ID 1369 (farm) to property ID 1301 (saleyard)
21,1374,756,DAY 22/11/2024 - moved 4 animals from property ID 1374 (farm) to property ID 756 (farm)
21,1388,507,DAY 22/11/2024 - moved 17 animals from property ID 1388 (farm) to property ID 507 (farm)
21,1412,189,DAY 22/11/2024 - moved 13 animals from property ID 1412 (farm) to property ID 189 (saleyard)
21,1416,1635,DAY 22/11/2024 - moved 4 animals from property ID 1416 (farm) to property ID 1635 (feedlot)
21,1420,1325,DAY 22/11/2024 - moved 3 animals from property ID 1420 (farm) to property ID 1325 (farm)
21,1421,1217,DAY 22/11/2024 - moved 7 animals from property ID 1421 (farm) to property ID 1217 (farm)
21,1475,1823,DAY 22/11/2024 - moved 5 animals from property ID 1475 (farm) to property ID 1823 (trader)
21,1495,1479,DAY 22/11/2024 - moved 12 animals from property ID 1495 (farm) to property ID 1479 (trader)
21,1498,593,DAY 22/11/2024 - moved 2 animals from property ID 1498 (farm) to property ID 593 (farm)
21,1519,1479,DAY 22/11/2024 - moved 1 animals from property ID 1519 (farm) to property ID 1479 (trader)
21,1544,1979,DAY 22/11/2024 - moved 3 animals from property ID 1544 (farm) to property ID 1979 (farm)
21,1550,1660,DAY 22/11/2024 - moved 3 animals from property ID 1550 (farm) to property ID 1660 (farm)
21,1551,1536,DAY 22/11/2024 - moved 3 animals from property ID 1551 (farm) to property ID 1536 (feedlot)
21,1555,348,DAY 22/11/2024 - moved 7 animals from property ID 1555 (farm) to property ID 348 (farm)
21,1565,1851,DAY 22/11/2024 - moved 2 animals from property ID 1565 (farm) to property ID 1851 (farm)
21,1568,925,DAY 22/11/2024 - moved 1 animals from property ID 1568 (farm) to property ID 925 (farm)
21,1571,782,DAY 22/11/2024 - moved 9 animals from property ID 1571 (farm) to property ID 782 (trader)
21,1573,1248,DAY 22/11/2024 - moved 17 animals from property ID 1573 (farm) to property ID 1248 (farm)
21,1574,1301,DAY 22/11/2024 - moved 10 animals from property ID 1574 (farm) to property ID 1301 (saleyard)
21,1590,1160,DAY 22/11/2024 - moved 5 animals from property ID 1590 (farm) to property ID 1160 (farm)
21,1612,1877,DAY 22/11/2024 - moved 5 animals from property ID 1612 (farm) to property ID 1877 (farm)
21,1615,106,DAY 22/11/2024 - moved 5 animals from property ID 1615 (farm) to property ID 106 (farm)
21,1622,866,DAY 22/11/2024 - moved 6 animals from property ID 1622 (farm) to property ID 866 (feedlot)
21,1624,1222,DAY 22/11/2024 - moved 57 animals from property ID 1624 (farm) to property ID 1222 (farm)
21,1634,337,DAY 22/11/2024 - moved 8 animals from property ID 1634 (farm) to property ID 337 (farm)
21,1639,1898,DAY 22/11/2024 - moved 18 animals from property ID 1639 (farm) to property ID 1898 (saleyard)
21,1641,1536,DAY 22/11/2024 - moved 4 animals from property ID 1641 (farm) to property ID 1536 (feedlot)
21,1646,867,DAY 22/11/2024 - moved 8 animals from property ID 1646 (farm) to property ID 867 (feedlot)
21,1648,425,DAY 22/11/2024 - moved 1 animals from property ID 1648 (farm) to property ID 425 (feedlot)
21,1652,1273,DAY 22/11/2024 - moved 6 animals from property ID 1652 (farm) to property ID 1273 (trader)
21,1660,908,DAY 22/11/2024 - moved 2 animals from property ID 1660 (farm) to property ID 908 (saleyard)
21,1664,624,DAY 22/11/2024 - moved 2 animals from property ID 1664 (farm) to property ID 624 (farm)
21,1671,1479,DAY 22/11/2024 - moved 12 animals from property ID 1671 (farm) to property ID 1479 (trader)
21,1685,782,DAY 22/11/2024 - moved 12 animals from property ID 1685 (farm) to property ID 782 (trader)
21,1690,758,DAY 22/11/2024 - moved 11 animals from property ID 1690 (farm) to property ID 758 (feedlot)
21,1695,1273,DAY 22/11/2024 - moved 2 animals from property ID 1695 (farm) to property ID 1273 (trader)
21,1697,429,DAY 22/11/2024 - moved 1 animals from property ID 1697 (farm) to property ID 429 (feedlot)
21,1700,1064,DAY 22/11/2024 - moved 4 animals from property ID 1700 (farm) to property ID 1064 (farm)
21,1719,724,DAY 22/11/2024 - moved 5 animals from property ID 1719 (farm) to property ID 724 (farm)
21,1720,92,DAY 22/11/2024 - moved 1 animals from property ID 1720 (farm) to property ID 92 (trader)
21,1721,758,DAY 22/11/2024 - moved 35 animals from property ID 1721 (farm) to property ID 758 (feedlot)
21,1749,776,DAY 22/11/2024 - moved 6 animals from property ID 1749 (farm) to property ID 776 (trader)
21,1758,425,DAY 22/11/2024 - moved 13 animals from property ID 1758 (farm) to property ID 425 (feedlot)
21,1767,867,DAY 22/11/2024 - moved 4 animals from property ID 1767 (farm) to property ID 867 (feedlot)
21,1779,511,DAY 22/11/2024 - moved 17 animals from property ID 1779 (farm) to property ID 511 (farm)
21,1806,1479,DAY 22/11/2024 - moved 8 animals from property ID 1806 (farm) to property ID 1479 (trader)
21,1810,866,DAY 22/11/2024 - moved 9 animals from property ID 1810 (farm) to property ID 866 (feedlot)
21,1819,700,DAY 22/11/2024 - moved 2 animals from property ID 1819 (farm) to property ID 700 (trader)
21,1823,1260,DAY 22/11/2024 - moved 43 animals from property ID 1823 (trader) to property ID 1260 (farm)
21,1826,264,DAY 22/11/2024 - moved 6 animals from property ID 1826 (farm) to property ID 264 (feedlot)
21,1840,1823,DAY 22/11/2024 - moved 11 animals from property ID 1840 (farm) to property ID 1823 (trader)
21,1854,1109,DAY 22/11/2024 - moved 5 animals from property ID 1854 (farm) to property ID 1109 (feedlot)
21,1864,866,DAY 22/11/2024 - moved 1 animals from property ID 1864 (farm) to property ID 866 (feedlot)
21,1870,1809,DAY 22/11/2024 - moved 4 animals from property ID 1870 (farm) to property ID 1809 (farm)
21,1898,1253,DAY 22/11/2024 - moved 10 animals from property ID 1898 (saleyard) to property ID 1253 (feedlot)
21,1898,429,DAY 22/11/2024 - moved 11 animals from property ID 1898 (saleyard) to property ID 429 (feedlot)
21,1898,66,DAY 22/11/2024 - moved 11 animals from property ID 1898 (saleyard) to property ID 66 (farm)
21,1898,260,DAY 22/11/2024 - moved 11 animals from property ID 1898 (saleyard) to property ID 260 (farm)
21,1898,1115,DAY 22/11/2024 - moved 11 animals from property ID 1898 (saleyard) to property ID 1115 (farm)
21,1921,1273,DAY 22/11/2024 - moved 1 animals from property ID 1921 (farm) to property ID 1273 (trader)
21,1922,1110,DAY 22/11/2024 - moved 4 animals from property ID 1922 (farm) to property ID 1110 (feedlot)
21,1924,1168,DAY 22/11/2024 - moved 1 animals from property ID 1924 (farm) to property ID 1168 (farm)
21,1927,92,DAY 22/11/2024 - moved 8 animals from property ID 1927 (farm) to property ID 92 (trader)
21,1932,864,DAY 22/11/2024 - moved 6 animals from property ID 1932 (farm) to property ID 864 (farm)
21,1945,79,DAY 22/11/2024 - moved 56 animals from property ID 1945 (farm) to property ID 79 (farm)
21,1948,776,DAY 22/11/2024 - moved 16 animals from property ID 1948 (farm) to property ID 776 (trader)
21,1949,782,DAY 22/11/2024 - moved 14 animals from property ID 1949 (farm) to property ID 782 (trader)
21,1972,1907,DAY 22/11/2024 - moved 30 animals from property ID 1972 (farm) to property ID 1907 (feedlot)
21,1980,92,DAY 22/11/2024 - moved 5 animals from property ID 1980 (farm) to property ID 92 (trader)
22,6,1373,DAY 23/11/2024 - moved 46 animals from property ID 6 (stud farm) to property ID 1373 (farm)
22,6,776,DAY 23/11/2024 - moved 46 animals from property ID 6 (stud farm) to property ID 776 (trader)
22,40,867,DAY 23/11/2024 - moved 4 animals from property ID 40 (farm) to property ID 867 (feedlot)
22,43,947,DAY 23/11/2024 - moved 3 animals from property ID 43 (farm) to property ID 947 (farm)
22,73,1634,DAY 23/11/2024 - moved 8 animals from property ID 73 (farm) to property ID 1634 (farm)
22,86,5,DAY 23/11/2024 - moved 7 animals from property ID 86 (farm) to property ID 5 (farm)
22,91,264,DAY 23/11/2024 - moved 4 animals from property ID 91 (farm) to property ID 264 (feedlot)
22,92,1666,DAY 23/11/2024 - moved 12 animals from property ID 92 (trader) to property ID 1666 (feedlot)
22,92,1931,DAY 23/11/2024 - moved 12 animals from property ID 92 (trader) to property ID 1931 (farm)
22,92,1666,DAY 23/11/2024 - moved 12 animals from property ID 92 (trader) to property ID 1666 (feedlot)
22,103,458,DAY 23/11/2024 - moved 4 animals from property ID 103 (farm) to property ID 458 (abbattoir)
22,104,822,DAY 23/11/2024 - moved 6 animals from property ID 104 (farm) to property ID 822 (farm)
22,105,1740,DAY 23/11/2024 - moved 14 animals from property ID 105 (farm) to property ID 1740 (farm)
22,115,458,DAY 23/11/2024 - moved 3 animals from property ID 115 (farm) to property ID 458 (abbattoir)
22,126,1479,DAY 23/11/2024 - moved 5 animals from property ID 126 (farm) to property ID 1479 (trader)
22,134,415,DAY 23/11/2024 - moved 8 animals from property ID 134 (farm) to property ID 415 (trader)
22,138,93,DAY 23/11/2024 - moved 5 animals from property ID 138 (farm) to property ID 93 (farm)
22,169,1379,DAY 23/11/2024 - moved 1 animals from property ID 169 (farm) to property ID 1379 (feedlot)
22,173,92,DAY 23/11/2024 - moved 3 animals from property ID 173 (farm) to property ID 92 (trader)
22,180,776,DAY 23/11/2024 - moved 3 animals from property ID 180 (farm) to property ID 776 (trader)
22,181,6,DAY 23/11/2024 - moved 1 animals from property ID 181 (farm) to property ID 6 (stud farm)
22,189,877,DAY 23/11/2024 - moved 14 animals from property ID 189 (saleyard) to property ID 877 (farm)
22,189,1090,DAY 23/11/2024 - moved 14 animals from property ID 189 (saleyard) to property ID 1090 (farm)
22,189,1623,DAY 23/11/2024 - moved 13 animals from property ID 189 (saleyard) to property ID 1623 (farm)
22,189,265,DAY 23/11/2024 - moved 13 animals from property ID 189 (saleyard) to property ID 265 (farm)
22,189,1844,DAY 23/11/2024 - moved 13 animals from property ID 189 (saleyard) to property ID 1844 (farm)
22,202,1599,DAY 23/11/2024 - moved 3 animals from property ID 202 (farm) to property ID 1599 (farm)
22,212,1301,DAY 23/11/2024 - moved 2 animals from property ID 212 (farm) to property ID 1301 (saleyard)
22,219,487,DAY 23/11/2024 - moved 18 animals from property ID 219 (farm) to property ID 487 (farm)
22,236,1984,DAY 23/11/2024 - moved 4 animals from property ID 236 (farm) to property ID 1984 (farm)
22,249,1626,DAY 23/11/2024 - moved 21 animals from property ID 249 (farm) to property ID 1626 (farm)
22,250,908,DAY 23/11/2024 - moved 4 animals from property ID 250 (farm) to property ID 908 (saleyard)
22,256,908,DAY 23/11/2024 - moved 3 animals from property ID 256 (farm) to property ID 908 (saleyard)
22,266,262,DAY 23/11/2024 - moved 3 animals from property ID 266 (farm) to property ID 262 (farm)
22,286,1861,DAY 23/11/2024 - moved 10 animals from property ID 286 (farm) to property ID 1861 (farm)
22,291,782,DAY 23/11/2024 - moved 7 animals from property ID 291 (farm) to property ID 782 (trader)
22,296,964,DAY 23/11/2024 - moved 21 animals from property ID 296 (farm) to property ID 964 (feedlot)
22,301,1823,DAY 23/11/2024 - moved 4 animals from property ID 301 (farm) to property ID 1823 (trader)
22,318,172,DAY 23/11/2024 - moved 2 animals from property ID 318 (farm) to property ID 172 (farm)
22,328,107,DAY 23/11/2024 - moved 5 animals from property ID 328 (farm) to property ID 107 (farm)
22,338,1273,DAY 23/11/2024 - moved 26 animals from property ID 338 (farm) to property ID 1273 (trader)
22,357,1301,DAY 23/11/2024 - moved 1 animals from property ID 357 (farm) to property ID 1301 (saleyard)
22,367,1253,DAY 23/11/2024 - moved 10 animals from property ID 367 (farm) to property ID 1253 (feedlot)
22,392,908,DAY 23/11/2024 - moved 8 animals from property ID 392 (farm) to property ID 908 (saleyard)
22,413,867,DAY 23/11/2024 - moved 3 animals from property ID 413 (farm) to property ID 867 (feedlot)
22,415,188,DAY 23/11/2024 - moved 6 animals from property ID 415 (trader) to property ID 188 (feedlot)
22,415,1109,DAY 23/11/2024 - moved 5 animals from property ID 415 (trader) to property ID 1109 (feedlot)
22,415,188,DAY 23/11/2024 - moved 5 animals from property ID 415 (trader) to property ID 188 (feedlot)
22,428,1273,DAY 23/11/2024 - moved 2 animals from property ID 428 (farm) to property ID 1273 (trader)
22,457,1823,DAY 23/11/2024 - moved 3 animals from property ID 457 (farm) to property ID 1823 (trader)
22,472,429,DAY 23/11/2024 - moved 4 animals from property ID 472 (farm) to property ID 429 (feedlot)
22,477,964,DAY 23/11/2024 - moved 7 animals from property ID 477 (farm) to property ID 964 (feedlot)
22,480,964,DAY 23/11/2024 - moved 24 animals from property ID 480 (farm) to property ID 964 (feedlot)
22,492,1907,DAY 23/11/2024 - moved 7 animals from property ID 492 (farm) to property ID 1907 (feedlot)
22,495,1119,DAY 23/11/2024 - moved 4 animals from property ID 495 (farm) to property ID 1119 (trader)
22,501,776,DAY 23/11/2024 - moved 2 animals from property ID 501 (farm) to property ID 776 (trader)
22,504,6,DAY 23/11/2024 - moved 1 animals from property ID 504 (farm) to property ID 6 (stud farm)
22,506,494,DAY 23/11/2024 - moved 1 animals from property ID 506 (farm) to property ID 494 (farm)
22,508,1228,DAY 23/11/2024 - moved 8 animals from property ID 508 (farm) to property ID 1228 (farm)
22,510,407,DAY 23/11/2024 - moved 3 animals from property ID 510 (farm) to property ID 407 (farm)
22,512,700,DAY 23/11/2024 - moved 6 animals from property ID 512 (farm) to property ID 700 (trader)
22,518,524,DAY 23/11/2024 - moved 4 animals from property ID 518 (farm) to property ID 524 (feedlot)
22,520,189,DAY 23/11/2024 - moved 7 animals from property ID 520 (farm) to property ID 189 (saleyard)
22,523,866,DAY 23/11/2024 - moved 15 animals from property ID 523 (farm) to property ID 866 (feedlot)
22,533,1823,DAY 23/11/2024 - moved 5 animals from property ID 533 (farm) to property ID 1823 (trader)
22,535,159,DAY 23/11/2024 - moved 44 animals from property ID 535 (farm) to property ID 159 (farm)
22,548,1479,DAY 23/11/2024 - moved 17 animals from property ID 548 (farm) to property ID 1479 (trader)
22,550,1666,DAY 23/11/2024 - moved 4 animals from property ID 550 (farm) to property ID 1666 (feedlot)
22,554,1273,DAY 23/11/2024 - moved 8 animals from property ID 554 (farm) to property ID 1273 (trader)
22,566,866,DAY 23/11/2024 - moved 1 animals from property ID 566 (farm) to property ID 866 (feedlot)
22,567,415,DAY 23/11/2024 - moved 4 animals from property ID 567 (farm) to property ID 415 (trader)
22,607,1253,DAY 23/11/2024 - moved 1 animals from property ID 607 (farm) to property ID 1253 (feedlot)
22,627,92,DAY 23/11/2024 - moved 9 animals from property ID 627 (farm) to property ID 92 (trader)
22,628,6,DAY 23/11/2024 - moved 9 animals from property ID 628 (farm) to property ID 6 (stud farm)
22,634,1922,DAY 23/11/2024 - moved 1 animals from property ID 634 (farm) to property ID 1922 (farm)
22,648,1823,DAY 23/11/2024 - moved 4 animals from property ID 648 (farm) to property ID 1823 (trader)
22,674,1248,DAY 23/11/2024 - moved 7 animals from property ID 674 (farm) to property ID 1248 (farm)
22,688,1898,DAY 23/11/2024 - moved 23 animals from property ID 688 (farm) to property ID 1898 (saleyard)
22,689,1253,DAY 23/11/2024 - moved 14 animals from property ID 689 (farm) to property ID 1253 (feedlot)
22,708,595,DAY 23/11/2024 - moved 22 animals from property ID 708 (farm) to property ID 595 (farm)
22,716,611,DAY 23/11/2024 - moved 7 animals from property ID 716 (farm) to property ID 611 (farm)
22,730,1907,DAY 23/11/2024 - moved 19 animals from property ID 730 (farm) to property ID 1907 (feedlot)
22,731,964,DAY 23/11/2024 - moved 11 animals from property ID 731 (farm) to property ID 964 (feedlot)
22,765,904,DAY 23/11/2024 - moved 7 animals from property ID 765 (farm) to property ID 904 (trader)
22,776,908,DAY 23/11/2024 - moved 43 animals from property ID 776 (trader) to property ID 908 (saleyard)
22,782,1181,DAY 23/11/2024 - moved 29 animals from property ID 782 (trader) to property ID 1181 (farm)
22,782,1932,DAY 23/11/2024 - moved 29 animals from property ID 782 (trader) to property ID 1932 (farm)
22,782,980,DAY 23/11/2024 - moved 29 animals from property ID 782 (trader) to property ID 980 (farm)
22,785,6,DAY 23/11/2024 - moved 2 animals from property ID 785 (farm) to property ID 6 (stud farm)
22,808,1362,DAY 23/11/2024 - moved 5 animals from property ID 808 (farm) to property ID 1362 (farm)
22,834,1119,DAY 23/11/2024 - moved 4 animals from property ID 834 (farm) to property ID 1119 (trader)
22,842,1861,DAY 23/11/2024 - moved 5 animals from property ID 842 (farm) to property ID 1861 (farm)
22,843,867,DAY 23/11/2024 - moved 3 animals from property ID 843 (farm) to property ID 867 (feedlot)
22,844,1301,DAY 23/11/2024 - moved 3 animals from property ID 844 (farm) to property ID 1301 (saleyard)
22,869,1666,DAY 23/11/2024 - moved 29 animals from property ID 869 (farm) to property ID 1666 (feedlot)
22,886,867,DAY 23/11/2024 - moved 7 animals from property ID 886 (farm) to property ID 867 (feedlot)
22,904,201,DAY 23/11/2024 - moved 3 animals from property ID 904 (trader) to property ID 201 (farm)
22,904,1110,DAY 23/11/2024 - moved 4 animals from property ID 904 (trader) to property ID 1110 (feedlot)
22,904,107,DAY 23/11/2024 - moved 4 animals from property ID 904 (trader) to property ID 107 (farm)
22,916,756,DAY 23/11/2024 - moved 4 animals from property ID 916 (farm) to property ID 756 (farm)
22,942,1301,DAY 23/11/2024 - moved 3 animals from property ID 942 (farm) to property ID 1301 (saleyard)
22,951,653,DAY 23/11/2024 - moved 3 animals from property ID 951 (farm) to property ID 653 (farm)
22,980,34,DAY 23/11/2024 - moved 9 animals from property ID 980 (farm) to property ID 34 (farm)
22,983,189,DAY 23/11/2024 - moved 3 animals from property ID 983 (farm) to property ID 189 (saleyard)
22,997,189,DAY 23/11/2024 - moved 3 animals from property ID 997 (farm) to property ID 189 (saleyard)
22,1006,1184,DAY 23/11/2024 - moved 9 animals from property ID 1006 (farm) to property ID 1184 (farm)
22,1019,92,DAY 23/11/2024 - moved 6 animals from property ID 1019 (farm) to property ID 92 (trader)
22,1030,1110,DAY 23/11/2024 - moved 1 animals from property ID 1030 (farm) to property ID 1110 (feedlot)
22,1031,92,DAY 23/11/2024 - moved 12 animals from property ID 1031 (farm) to property ID 92 (trader)
22,1039,6,DAY 23/11/2024 - moved 4 animals from property ID 1039 (farm) to property ID 6 (stud farm)
22,1076,189,DAY 23/11/2024 - moved 1 animals from property ID 1076 (farm) to property ID 189 (saleyard)
22,1082,1273,DAY 23/11/2024 - moved 6 animals from property ID 1082 (farm) to property ID 1273 (trader)
22,1088,1273,DAY 23/11/2024 - moved 3 animals from property ID 1088 (farm) to property ID 1273 (trader)
22,1119,1937,DAY 23/11/2024 - moved 4 animals from property ID 1119 (trader) to property ID 1937 (farm)
22,1119,1109,DAY 23/11/2024 - moved 4 animals from property ID 1119 (trader) to property ID 1109 (feedlot)
22,1119,415,DAY 23/11/2024 - moved 4 animals from property ID 1119 (trader) to property ID 415 (trader)
22,1134,1505,DAY 23/11/2024 - moved 12 animals from property ID 1134 (farm) to property ID 1505 (farm)
22,1144,1907,DAY 23/11/2024 - moved 21 animals from property ID 1144 (farm) to property ID 1907 (feedlot)
22,1164,189,DAY 23/11/2024 - moved 7 animals from property ID 1164 (farm) to property ID 189 (saleyard)
22,1165,1907,DAY 23/11/2024 - moved 19 animals from property ID 1165 (farm) to property ID 1907 (feedlot)
22,1185,92,DAY 23/11/2024 - moved 11 animals from property ID 1185 (farm) to property ID 92 (trader)
22,1214,1064,DAY 23/11/2024 - moved 11 animals from property ID 1214 (farm) to property ID 1064 (farm)
22,1223,489,DAY 23/11/2024 - moved 6 animals from property ID 1223 (farm) to property ID 489 (farm)
22,1224,1013,DAY 23/11/2024 - moved 15 animals from property ID 1224 (farm) to property ID 1013 (farm)
22,1233,908,DAY 23/11/2024 - moved 2 animals from property ID 1233 (farm) to property ID 908 (saleyard)
22,1241,524,DAY 23/11/2024 - moved 6 animals from property ID 1241 (farm) to property ID 524 (feedlot)
22,1246,433,DAY 23/11/2024 - moved 12 animals from property ID 1246 (farm) to property ID 433 (farm)
22,1257,1536,DAY 23/11/2024 - moved 19 animals from property ID 1257 (farm) to property ID 1536 (feedlot)
22,1273,624,DAY 23/11/2024 - moved 8 animals from property ID 1273 (trader) to property ID 624 (farm)
22,1273,1005,DAY 23/11/2024 - moved 8 animals from property ID 1273 (trader) to property ID 1005 (farm)
22,1273,1905,DAY 23/11/2024 - moved 8 animals from property ID 1273 (trader) to property ID 1905 (farm)
22,1282,1247,DAY 23/11/2024 - moved 7 animals from property ID 1282 (farm) to property ID 1247 (farm)
22,1301,919,DAY 23/11/2024 - moved 9 animals from property ID 1301 (saleyard) to property ID 919 (farm)
22,1301,696,DAY 23/11/2024 - moved 9 animals from property ID 1301 (saleyard) to property ID 696 (farm)
22,1301,449,DAY 23/11/2024 - moved 10 animals from property ID 1301 (saleyard) to property ID 449 (farm)
22,1301,1049,DAY 23/11/2024 - moved 10 animals from property ID 1301 (saleyard) to property ID 1049 (farm)
22,1301,867,DAY 23/11/2024 - moved 10 animals from property ID 1301 (saleyard) to property ID 867 (feedlot)
22,1301,867,DAY 23/11/2024 - moved 10 animals from property ID 1301 (saleyard) to property ID 867 (feedlot)
22,1311,782,DAY 23/11/2024 - moved 32 animals from property ID 1311 (farm) to property ID 782 (trader)
22,1327,867,DAY 23/11/2024 - moved 4 animals from property ID 1327 (farm) to property ID 867 (feedlot)
22,1328,964,DAY 23/11/2024 - moved 4 animals from property ID 1328 (farm) to property ID 964 (feedlot)
22,1335,541,DAY 23/11/2024 - moved 5 animals from property ID 1335 (farm) to property ID 541 (farm)
22,1336,264,DAY 23/11/2024 - moved 10 animals from property ID 1336 (farm) to property ID 264 (feedlot)
22,1337,904,DAY 23/11/2024 - moved 4 animals from property ID 1337 (farm) to property ID 904 (trader)
22,1341,1301,DAY 23/11/2024 - moved 4 animals from property ID 1341 (farm) to property ID 1301 (saleyard)
22,1363,776,DAY 23/11/2024 - moved 5 animals from property ID 1363 (farm) to property ID 776 (trader)
22,1375,245,DAY 23/11/2024 - moved 8 animals from property ID 1375 (farm) to property ID 245 (farm)
22,1401,12,DAY 23/11/2024 - moved 5 animals from property ID 1401 (farm) to property ID 12 (farm)
22,1413,189,DAY 23/11/2024 - moved 3 animals from property ID 1413 (farm) to property ID 189 (saleyard)
22,1436,1823,DAY 23/11/2024 - moved 3 animals from property ID 1436 (farm) to property ID 1823 (trader)
22,1439,1635,DAY 23/11/2024 - moved 2 animals from property ID 1439 (farm) to property ID 1635 (feedlot)
22,1453,1853,DAY 23/11/2024 - moved 34 animals from property ID 1453 (farm) to property ID 1853 (farm)
22,1471,524,DAY 23/11/2024 - moved 4 animals from property ID 1471 (farm) to property ID 524 (feedlot)
22,1479,758,DAY 23/11/2024 - moved 56 animals from property ID 1479 (trader) to property ID 758 (feedlot)
22,1490,639,DAY 23/11/2024 - moved 1 animals from property ID 1490 (farm) to property ID 639 (farm)
22,1496,1614,DAY 23/11/2024 - moved 4 animals from property ID 1496 (farm) to property ID 1614 (farm)
22,1529,189,DAY 23/11/2024 - moved 4 animals from property ID 1529 (farm) to property ID 189 (saleyard)
22,1539,440,DAY 23/11/2024 - moved 11 animals from property ID 1539 (farm) to property ID 440 (farm)
22,1559,92,DAY 23/11/2024 - moved 7 animals from property ID 1559 (farm) to property ID 92 (trader)
22,1570,1007,DAY 23/11/2024 - moved 4 animals from property ID 1570 (farm) to property ID 1007 (farm)
22,1599,1666,DAY 23/11/2024 - moved 8 animals from property ID 1599 (farm) to property ID 1666 (feedlot)
22,1606,1603,DAY 23/11/2024 - moved 2 animals from property ID 1606 (farm) to property ID 1603 (farm)
22,1614,1959,DAY 23/11/2024 - moved 16 animals from property ID 1614 (farm) to property ID 1959 (farm)
22,1628,1479,DAY 23/11/2024 - moved 3 animals from property ID 1628 (farm) to property ID 1479 (trader)
22,1630,1328,DAY 23/11/2024 - moved 13 animals from property ID 1630 (farm) to property ID 1328 (farm)
22,1647,866,DAY 23/11/2024 - moved 29 animals from property ID 1647 (farm) to property ID 866 (feedlot)
22,1653,758,DAY 23/11/2024 - moved 6 animals from property ID 1653 (farm) to property ID 758 (feedlot)
22,1658,429,DAY 23/11/2024 - moved 14 animals from property ID 1658 (farm) to property ID 429 (feedlot)
22,1667,776,DAY 23/11/2024 - moved 7 animals from property ID 1667 (farm) to property ID 776 (trader)
22,1683,429,DAY 23/11/2024 - moved 3 animals from property ID 1683 (farm) to property ID 429 (feedlot)
22,1699,1479,DAY 23/11/2024 - moved 8 animals from property ID 1699 (farm) to property ID 1479 (trader)
22,1705,1109,DAY 23/11/2024 - moved 3 animals from property ID 1705 (farm) to property ID 1109 (feedlot)
22,1707,1907,DAY 23/11/2024 - moved 15 animals from property ID 1707 (farm) to property ID 1907 (feedlot)
22,1712,1840,DAY 23/11/2024 - moved 4 animals from property ID 1712 (farm) to property ID 1840 (farm)
22,1724,1635,DAY 23/11/2024 - moved 3 animals from property ID 1724 (farm) to property ID 1635 (feedlot)
22,1738,1803,DAY 23/11/2024 - moved 9 animals from property ID 1738 (farm) to property ID 1803 (farm)
22,1739,761,DAY 23/11/2024 - moved 3 animals from property ID 1739 (farm) to property ID 761 (farm)
22,1741,1301,DAY 23/11/2024 - moved 4 animals from property ID 1741 (farm) to property ID 1301 (saleyard)
22,1747,908,DAY 23/11/2024 - moved 5 animals from property ID 1747 (farm) to property ID 908 (saleyard)
22,1752,776,DAY 23/11/2024 - moved 1 animals from property ID 1752 (farm) to property ID 776 (trader)
22,1757,1662,DAY 23/11/2024 - moved 13 animals from property ID 1757 (farm) to property ID 1662 (feedlot)
22,1763,1898,DAY 23/11/2024 - moved 9 animals from property ID 1763 (farm) to property ID 1898 (saleyard)
22,1776,1432,DAY 23/11/2024 - moved 18 animals from property ID 1776 (farm) to property ID 1432 (farm)
22,1778,188,DAY 23/11/2024 - moved 2 animals from property ID 1778 (farm) to property ID 188 (feedlot)
22,1781,700,DAY 23/11/2024 - moved 9 animals from property ID 1781 (farm) to property ID 700 (trader)
22,1788,908,DAY 23/11/2024 - moved 5 animals from property ID 1788 (farm) to property ID 908 (saleyard)
22,1789,1873,DAY 23/11/2024 - moved 7 animals from property ID 1789 (farm) to property ID 1873 (farm)
22,1790,1301,DAY 23/11/2024 - moved 2 animals from property ID 1790 (farm) to property ID 1301 (saleyard)
22,1791,776,DAY 23/11/2024 - moved 5 animals from property ID 1791 (farm) to property ID 776 (trader)
22,1793,1666,DAY 23/11/2024 - moved 9 animals from property ID 1793 (farm) to property ID 1666 (feedlot)
22,1807,782,DAY 23/11/2024 - moved 10 animals from property ID 1807 (farm) to property ID 782 (trader)
22,1823,867,DAY 23/11/2024 - moved 19 animals from property ID 1823 (trader) to property ID 867 (feedlot)
22,1823,1301,DAY 23/11/2024 - moved 20 animals from property ID 1823 (trader) to property ID 1301 (saleyard)
22,1835,1907,DAY 23/11/2024 - moved 10 animals from property ID 1835 (farm) to property ID 1907 (feedlot)
22,1851,1666,DAY 23/11/2024 - moved 5 animals from property ID 1851 (farm) to property ID 1666 (feedlot)
22,1871,758,DAY 23/11/2024 - moved 5 animals from property ID 1871 (farm) to property ID 758 (feedlot)
22,1898,868,DAY 23/11/2024 - moved 10 animals from property ID 1898 (saleyard) to property ID 868 (farm)
22,1898,463,DAY 23/11/2024 - moved 10 animals from property ID 1898 (saleyard) to property ID 463 (farm)
22,1898,611,DAY 23/11/2024 - moved 9 animals from property ID 1898 (saleyard) to property ID 611 (farm)
22,1898,1268,DAY 23/11/2024 - moved 9 animals from property ID 1898 (saleyard) to property ID 1268 (farm)
22,1898,1379,DAY 23/11/2024 - moved 9 animals from property ID 1898 (saleyard) to property ID 1379 (feedlot)
22,1898,485,DAY 23/11/2024 - moved 9 animals from property ID 1898 (saleyard) to property ID 485 (farm)
22,1906,1301,DAY 23/11/2024 - moved 2 animals from property ID 1906 (farm) to property ID 1301 (saleyard)
22,1910,174,DAY 23/11/2024 - moved 4 animals from property ID 1910 (farm) to property ID 174 (farm)
22,1913,1391,DAY 23/11/2024 - moved 3 animals from property ID 1913 (farm) to property ID 1391 (farm)
22,1915,867,DAY 23/11/2024 - moved 4 animals from property ID 1915 (farm) to property ID 867 (feedlot)
22,1916,782,DAY 23/11/2024 - moved 24 animals from property ID 1916 (farm) to property ID 782 (trader)
22,1931,92,DAY 23/11/2024 - moved 6 animals from property ID 1931 (farm) to property ID 92 (trader)
22,1943,650,DAY 23/11/2024 - moved 6 animals from property ID 1943 (farm) to property ID 650 (farm)
22,1946,1802,DAY 23/11/2024 - moved 6 animals from property ID 1946 (farm) to property ID 1802 (farm)
22,1957,188,DAY 23/11/2024 - moved 3 animals from property ID 1957 (farm) to property ID 188 (feedlot)
22,1963,171,DAY 23/11/2024 - moved 2 animals from property ID 1963 (farm) to property ID 171 (farm)
22,1986,1064,DAY 23/11/2024 - moved 10 animals from property ID 1986 (farm) to property ID 1064 (farm)
23,0,393,DAY 24/11/2024 - moved 34 animals from property ID 0 (farm) to property ID 393 (farm)
23,14,1014,DAY 24/11/2024 - moved 11 animals from property ID 14 (farm) to property ID 1014 (farm)
23,15,1635,DAY 24/11/2024 - moved 1 animals from property ID 15 (farm) to property ID 1635 (feedlot)
23,25,268,DAY 24/11/2024 - moved 18 animals from property ID 25 (farm) to property ID 268 (farm)
23,28,1273,DAY 24/11/2024 - moved 2 animals from property ID 28 (farm) to property ID 1273 (trader)
23,29,1273,DAY 24/11/2024 - moved 9 animals from property ID 29 (farm) to property ID 1273 (trader)
23,35,1491,DAY 24/11/2024 - moved 3 animals from property ID 35 (farm) to property ID 1491 (farm)
23,44,1104,DAY 24/11/2024 - moved 3 animals from property ID 44 (farm) to property ID 1104 (farm)
23,59,189,DAY 24/11/2024 - moved 11 animals from property ID 59 (farm) to property ID 189 (saleyard)
23,62,1301,DAY 24/11/2024 - moved 8 animals from property ID 62 (farm) to property ID 1301 (saleyard)
23,78,6,DAY 24/11/2024 - moved 6 animals from property ID 78 (farm) to property ID 6 (stud farm)
23,79,458,DAY 24/11/2024 - moved 12 animals from property ID 79 (farm) to property ID 458 (abbattoir)
23,81,1666,DAY 24/11/2024 - moved 4 animals from property ID 81 (farm) to property ID 1666 (feedlot)
23,92,1666,DAY 24/11/2024 - moved 20 animals from property ID 92 (trader) to property ID 1666 (feedlot)
23,92,866,DAY 24/11/2024 - moved 20 animals from property ID 92 (trader) to property ID 866 (feedlot)
23,116,1675,DAY 24/11/2024 - moved 5 animals from property ID 116 (farm) to property ID 1675 (farm)
23,121,1823,DAY 24/11/2024 - moved 2 animals from property ID 121 (farm) to property ID 1823 (trader)
23,152,1479,DAY 24/11/2024 - moved 7 animals from property ID 152 (farm) to property ID 1479 (trader)
23,160,1666,DAY 24/11/2024 - moved 11 animals from property ID 160 (farm) to property ID 1666 (feedlot)
23,183,413,DAY 24/11/2024 - moved 2 animals from property ID 183 (farm) to property ID 413 (farm)
23,189,964,DAY 24/11/2024 - moved 19 animals from property ID 189 (saleyard) to property ID 964 (feedlot)
23,189,964,DAY 24/11/2024 - moved 20 animals from property ID 189 (saleyard) to property ID 964 (feedlot)
23,189,1274,DAY 24/11/2024 - moved 20 animals from property ID 189 (saleyard) to property ID 1274 (farm)
23,221,776,DAY 24/11/2024 - moved 1 animals from property ID 221 (farm) to property ID 776 (trader)
23,227,1301,DAY 24/11/2024 - moved 2 animals from property ID 227 (farm) to property ID 1301 (saleyard)
23,232,1898,DAY 24/11/2024 - moved 5 animals from property ID 232 (farm) to property ID 1898 (saleyard)
23,238,758,DAY 24/11/2024 - moved 38 animals from property ID 238 (farm) to property ID 758 (feedlot)
23,248,700,DAY 24/11/2024 - moved 4 animals from property ID 248 (farm) to property ID 700 (trader)
23,251,1641,DAY 24/11/2024 - moved 5 animals from property ID 251 (farm) to property ID 1641 (farm)
23,252,776,DAY 24/11/2024 - moved 1 animals from property ID 252 (farm) to property ID 776 (trader)
23,254,1273,DAY 24/11/2024 - moved 2 animals from property ID 254 (farm) to property ID 1273 (trader)
23,272,776,DAY 24/11/2024 - moved 2 animals from property ID 272 (farm) to property ID 776 (trader)
23,280,425,DAY 24/11/2024 - moved 6 animals from property ID 280 (farm) to property ID 425 (feedlot)
23,281,177,DAY 24/11/2024 - moved 1 animals from property ID 281 (farm) to property ID 177 (farm)
23,288,1651,DAY 24/11/2024 - moved 1 animals from property ID 288 (farm) to property ID 1651 (farm)
23,293,866,DAY 24/11/2024 - moved 21 animals from property ID 293 (farm) to property ID 866 (feedlot)
23,297,1909,DAY 24/11/2024 - moved 3 animals from property ID 297 (farm) to property ID 1909 (farm)
23,305,1898,DAY 24/11/2024 - moved 9 animals from property ID 305 (farm) to property ID 1898 (saleyard)
23,306,1823,DAY 24/11/2024 - moved 3 animals from property ID 306 (farm) to property ID 1823 (trader)
23,309,610,DAY 24/11/2024 - moved 9 animals from property ID 309 (farm) to property ID 610 (farm)
23,315,1273,DAY 24/11/2024 - moved 1 animals from property ID 315 (farm) to property ID 1273 (trader)
23,322,109,DAY 24/11/2024 - moved 27 animals from property ID 322 (farm) to property ID 109 (farm)
23,339,776,DAY 24/11/2024 - moved 2 animals from property ID 339 (farm) to property ID 776 (trader)
23,345,458,DAY 24/11/2024 - moved 3 animals from property ID 345 (farm) to property ID 458 (abbattoir)
23,394,965,DAY 24/11/2024 - moved 3 animals from property ID 394 (farm) to property ID 965 (farm)
23,396,908,DAY 24/11/2024 - moved 7 animals from property ID 396 (farm) to property ID 908 (saleyard)
23,397,1871,DAY 24/11/2024 - moved 6 animals from property ID 397 (farm) to property ID 1871 (farm)
23,402,866,DAY 24/11/2024 - moved 3 animals from property ID 402 (farm) to property ID 866 (feedlot)
23,415,1208,DAY 24/11/2024 - moved 16 animals from property ID 415 (trader) to property ID 1208 (farm)
23,439,1105,DAY 24/11/2024 - moved 2 animals from property ID 439 (farm) to property ID 1105 (farm)
23,449,1301,DAY 24/11/2024 - moved 4 animals from property ID 449 (farm) to property ID 1301 (saleyard)
23,468,524,DAY 24/11/2024 - moved 8 animals from property ID 468 (farm) to property ID 524 (feedlot)
23,488,6,DAY 24/11/2024 - moved 1 animals from property ID 488 (farm) to property ID 6 (stud farm)
23,491,1898,DAY 24/11/2024 - moved 47 animals from property ID 491 (farm) to property ID 1898 (saleyard)
23,502,1479,DAY 24/11/2024 - moved 4 animals from property ID 502 (farm) to property ID 1479 (trader)
23,505,1705,DAY 24/11/2024 - moved 1 animals from property ID 505 (farm) to property ID 1705 (farm)
23,522,1536,DAY 24/11/2024 - moved 13 animals from property ID 522 (farm) to property ID 1536 (feedlot)
23,537,837,DAY 24/11/2024 - moved 7 animals from property ID 537 (farm) to property ID 837 (farm)
23,547,264,DAY 24/11/2024 - moved 2 animals from property ID 547 (farm) to property ID 264 (feedlot)
23,551,908,DAY 24/11/2024 - moved 3 animals from property ID 551 (farm) to property ID 908 (saleyard)
23,572,782,DAY 24/11/2024 - moved 30 animals from property ID 572 (farm) to property ID 782 (trader)
23,583,6,DAY 24/11/2024 - moved 5 animals from property ID 583 (farm) to property ID 6 (stud farm)
23,584,727,DAY 24/11/2024 - moved 53 animals from property ID 584 (farm) to property ID 727 (farm)
23,588,1109,DAY 24/11/2024 - moved 20 animals from property ID 588 (farm) to property ID 1109 (feedlot)
23,591,758,DAY 24/11/2024 - moved 9 animals from property ID 591 (farm) to property ID 758 (feedlot)
23,605,1823,DAY 24/11/2024 - moved 5 animals from property ID 605 (farm) to property ID 1823 (trader)
23,612,1273,DAY 24/11/2024 - moved 9 animals from property ID 612 (farm) to property ID 1273 (trader)
23,616,1536,DAY 24/11/2024 - moved 12 animals from property ID 616 (farm) to property ID 1536 (feedlot)
23,620,1417,DAY 24/11/2024 - moved 3 animals from property ID 620 (farm) to property ID 1417 (farm)
23,644,1286,DAY 24/11/2024 - moved 3 animals from property ID 644 (farm) to property ID 1286 (farm)
23,658,1601,DAY 24/11/2024 - moved 22 animals from property ID 658 (farm) to property ID 1601 (farm)
23,665,498,DAY 24/11/2024 - moved 2 animals from property ID 665 (farm) to property ID 498 (farm)
23,671,758,DAY 24/11/2024 - moved 4 animals from property ID 671 (farm) to property ID 758 (feedlot)
23,673,1119,DAY 24/11/2024 - moved 6 animals from property ID 673 (farm) to property ID 1119 (trader)
23,677,1253,DAY 24/11/2024 - moved 4 animals from property ID 677 (farm) to property ID 1253 (feedlot)
23,691,908,DAY 24/11/2024 - moved 4 animals from property ID 691 (farm) to property ID 908 (saleyard)
23,700,188,DAY 24/11/2024 - moved 7 animals from property ID 700 (trader) to property ID 188 (feedlot)
23,700,1430,DAY 24/11/2024 - moved 8 animals from property ID 700 (trader) to property ID 1430 (farm)
23,700,1334,DAY 24/11/2024 - moved 8 animals from property ID 700 (trader) to property ID 1334 (farm)
23,701,1273,DAY 24/11/2024 - moved 2 animals from property ID 701 (farm) to property ID 1273 (trader)
23,715,1662,DAY 24/11/2024 - moved 16 animals from property ID 715 (farm) to property ID 1662 (feedlot)
23,736,1217,DAY 24/11/2024 - moved 8 animals from property ID 736 (farm) to property ID 1217 (farm)
23,742,832,DAY 24/11/2024 - moved 13 animals from property ID 742 (farm) to property ID 832 (farm)
23,766,458,DAY 24/11/2024 - moved 5 animals from property ID 766 (farm) to property ID 458 (abbattoir)
23,776,1735,DAY 24/11/2024 - moved 24 animals from property ID 776 (trader) to property ID 1735 (farm)
23,776,908,DAY 24/11/2024 - moved 24 animals from property ID 776 (trader) to property ID 908 (saleyard)
23,782,19,DAY 24/11/2024 - moved 29 animals from property ID 782 (trader) to property ID 19 (farm)
23,782,1526,DAY 24/11/2024 - moved 28 animals from property ID 782 (trader) to property ID 1526 (farm)
23,782,1254,DAY 24/11/2024 - moved 28 animals from property ID 782 (trader) to property ID 1254 (farm)
23,796,782,DAY 24/11/2024 - moved 6 animals from property ID 796 (farm) to property ID 782 (trader)
23,801,665,DAY 24/11/2024 - moved 15 animals from property ID 801 (farm) to property ID 665 (farm)
23,816,189,DAY 24/11/2024 - moved 4 animals from property ID 816 (farm) to property ID 189 (saleyard)
23,826,1635,DAY 24/11/2024 - moved 2 animals from property ID 826 (farm) to property ID 1635 (feedlot)
23,840,1898,DAY 24/11/2024 - moved 9 animals from property ID 840 (farm) to property ID 1898 (saleyard)
23,845,1408,DAY 24/11/2024 - moved 10 animals from property ID 845 (farm) to property ID 1408 (farm)
23,846,800,DAY 24/11/2024 - moved 3 animals from property ID 846 (farm) to property ID 800 (farm)
23,849,1635,DAY 24/11/2024 - moved 4 animals from property ID 849 (farm) to property ID 1635 (feedlot)
23,863,458,DAY 24/11/2024 - moved 2 animals from property ID 863 (farm) to property ID 458 (abbattoir)
23,877,1381,DAY 24/11/2024 - moved 20 animals from property ID 877 (farm) to property ID 1381 (farm)
23,879,426,DAY 24/11/2024 - moved 11 animals from property ID 879 (farm) to property ID 426 (farm)
23,901,1047,DAY 24/11/2024 - moved 7 animals from property ID 901 (farm) to property ID 1047 (farm)
23,904,911,DAY 24/11/2024 - moved 3 animals from property ID 904 (trader) to property ID 911 (farm)
23,904,944,DAY 24/11/2024 - moved 4 animals from property ID 904 (trader) to property ID 944 (farm)
23,904,1163,DAY 24/11/2024 - moved 4 animals from property ID 904 (trader) to property ID 1163 (farm)
23,908,1399,DAY 24/11/2024 - moved 26 animals from property ID 908 (saleyard) to property ID 1399 (farm)
23,908,99,DAY 24/11/2024 - moved 26 animals from property ID 908 (saleyard) to property ID 99 (farm)
23,911,904,DAY 24/11/2024 - moved 7 animals from property ID 911 (farm) to property ID 904 (trader)
23,934,1635,DAY 24/11/2024 - moved 3 animals from property ID 934 (farm) to property ID 1635 (feedlot)
23,937,425,DAY 24/11/2024 - moved 3 animals from property ID 937 (farm) to property ID 425 (feedlot)
23,940,264,DAY 24/11/2024 - moved 3 animals from property ID 940 (farm) to property ID 264 (feedlot)
23,944,1507,DAY 24/11/2024 - moved 4 animals from property ID 944 (farm) to property ID 1507 (farm)
23,975,1768,DAY 24/11/2024 - moved 3 animals from property ID 975 (farm) to property ID 1768 (feedlot)
23,990,709,DAY 24/11/2024 - moved 4 animals from property ID 990 (farm) to property ID 709 (farm)
23,991,866,DAY 24/11/2024 - moved 2 animals from property ID 991 (farm) to property ID 866 (feedlot)
23,1002,1119,DAY 24/11/2024 - moved 2 animals from property ID 1002 (farm) to property ID 1119 (trader)
23,1013,1666,DAY 24/11/2024 - moved 4 animals from property ID 1013 (farm) to property ID 1666 (feedlot)
23,1033,210,DAY 24/11/2024 - moved 15 animals from property ID 1033 (farm) to property ID 210 (farm)
23,1075,867,DAY 24/11/2024 - moved 1 animals from property ID 1075 (farm) to property ID 867 (feedlot)
23,1099,448,DAY 24/11/2024 - moved 3 animals from property ID 1099 (farm) to property ID 448 (farm)
23,1117,1000,DAY 24/11/2024 - moved 8 animals from property ID 1117 (farm) to property ID 1000 (farm)
23,1118,1823,DAY 24/11/2024 - moved 2 animals from property ID 1118 (farm) to property ID 1823 (trader)
23,1119,867,DAY 24/11/2024 - moved 3 animals from property ID 1119 (trader) to property ID 867 (feedlot)
23,1119,939,DAY 24/11/2024 - moved 4 animals from property ID 1119 (trader) to property ID 939 (farm)
23,1119,1109,DAY 24/11/2024 - moved 4 animals from property ID 1119 (trader) to property ID 1109 (feedlot)
23,1124,908,DAY 24/11/2024 - moved 8 animals from property ID 1124 (farm) to property ID 908 (saleyard)
23,1126,3,DAY 24/11/2024 - moved 1 animals from property ID 1126 (farm) to property ID 3 (farm)
23,1128,1185,DAY 24/11/2024 - moved 7 animals from property ID 1128 (farm) to property ID 1185 (farm)
23,1150,1273,DAY 24/11/2024 - moved 2 animals from property ID 1150 (farm) to property ID 1273 (trader)
23,1152,189,DAY 24/11/2024 - moved 1 animals from property ID 1152 (farm) to property ID 189 (saleyard)
23,1178,1109,DAY 24/11/2024 - moved 6 animals from property ID 1178 (farm) to property ID 1109 (feedlot)
23,1192,1262,DAY 24/11/2024 - moved 2 animals from property ID 1192 (farm) to property ID 1262 (farm)
23,1209,1635,DAY 24/11/2024 - moved 1 animals from property ID 1209 (farm) to property ID 1635 (feedlot)
23,1240,264,DAY 24/11/2024 - moved 2 animals from property ID 1240 (farm) to property ID 264 (feedlot)
23,1249,782,DAY 24/11/2024 - moved 6 animals from property ID 1249 (farm) to property ID 782 (trader)
23,1250,1479,DAY 24/11/2024 - moved 7 animals from property ID 1250 (farm) to property ID 1479 (trader)
23,1264,1492,DAY 24/11/2024 - moved 3 animals from property ID 1264 (farm) to property ID 1492 (farm)
23,1265,1273,DAY 24/11/2024 - moved 3 animals from property ID 1265 (farm) to property ID 1273 (trader)
23,1276,415,DAY 24/11/2024 - moved 4 animals from property ID 1276 (farm) to property ID 415 (trader)
23,1289,1472,DAY 24/11/2024 - moved 9 animals from property ID 1289 (farm) to property ID 1472 (farm)
23,1301,52,DAY 24/11/2024 - moved 54 animals from property ID 1301 (saleyard) to property ID 52 (farm)
23,1340,1206,DAY 24/11/2024 - moved 1 animals from property ID 1340 (farm) to property ID 1206 (farm)
23,1357,772,DAY 24/11/2024 - moved 1 animals from property ID 1357 (farm) to property ID 772 (farm)
23,1385,119,DAY 24/11/2024 - moved 13 animals from property ID 1385 (farm) to property ID 119 (farm)
23,1387,92,DAY 24/11/2024 - moved 9 animals from property ID 1387 (farm) to property ID 92 (trader)
23,1396,109,DAY 24/11/2024 - moved 6 animals from property ID 1396 (farm) to property ID 109 (farm)
23,1402,867,DAY 24/11/2024 - moved 7 animals from property ID 1402 (farm) to property ID 867 (feedlot)
23,1429,1784,DAY 24/11/2024 - moved 7 animals from property ID 1429 (farm) to property ID 1784 (farm)
23,1447,6,DAY 24/11/2024 - moved 5 animals from property ID 1447 (farm) to property ID 6 (stud farm)
23,1483,9,DAY 24/11/2024 - moved 13 animals from property ID 1483 (farm) to property ID 9 (farm)
23,1492,1673,DAY 24/11/2024 - moved 2 animals from property ID 1492 (farm) to property ID 1673 (farm)
23,1504,1898,DAY 24/11/2024 - moved 7 animals from property ID 1504 (farm) to property ID 1898 (saleyard)
23,1506,1898,DAY 24/11/2024 - moved 5 animals from property ID 1506 (farm) to property ID 1898 (saleyard)
23,1507,1091,DAY 24/11/2024 - moved 7 animals from property ID 1507 (farm) to property ID 1091 (farm)
23,1508,1953,DAY 24/11/2024 - moved 10 animals from property ID 1508 (farm) to property ID 1953 (farm)
23,1526,782,DAY 24/11/2024 - moved 5 animals from property ID 1526 (farm) to property ID 782 (trader)
23,1527,620,DAY 24/11/2024 - moved 1 animals from property ID 1527 (farm) to property ID 620 (farm)
23,1542,189,DAY 24/11/2024 - moved 2 animals from property ID 1542 (farm) to property ID 189 (saleyard)
23,1549,776,DAY 24/11/2024 - moved 5 animals from property ID 1549 (farm) to property ID 776 (trader)
23,1575,776,DAY 24/11/2024 - moved 16 animals from property ID 1575 (farm) to property ID 776 (trader)
23,1577,633,DAY 24/11/2024 - moved 16 animals from property ID 1577 (farm) to property ID 633 (farm)
23,1603,983,DAY 24/11/2024 - moved 7 animals from property ID 1603 (farm) to property ID 983 (farm)
23,1617,425,DAY 24/11/2024 - moved 9 animals from property ID 1617 (farm) to property ID 425 (feedlot)
23,1627,1379,DAY 24/11/2024 - moved 1 animals from property ID 1627 (farm) to property ID 1379 (feedlot)
23,1656,1241,DAY 24/11/2024 - moved 8 animals from property ID 1656 (farm) to property ID 1241 (farm)
23,1659,1301,DAY 24/11/2024 - moved 3 animals from property ID 1659 (farm) to property ID 1301 (saleyard)
23,1665,189,DAY 24/11/2024 - moved 3 animals from property ID 1665 (farm) to property ID 189 (saleyard)
23,1689,1362,DAY 24/11/2024 - moved 3 animals from property ID 1689 (farm) to property ID 1362 (farm)
23,1698,1311,DAY 24/11/2024 - moved 36 animals from property ID 1698 (farm) to property ID 1311 (farm)
23,1728,1313,DAY 24/11/2024 - moved 1 animals from property ID 1728 (farm) to property ID 1313 (farm)
23,1762,776,DAY 24/11/2024 - moved 1 animals from property ID 1762 (farm) to property ID 776 (trader)
23,1769,684,DAY 24/11/2024 - moved 4 animals from property ID 1769 (farm) to property ID 684 (farm)
23,1813,92,DAY 24/11/2024 - moved 4 animals from property ID 1813 (farm) to property ID 92 (trader)
23,1823,867,DAY 24/11/2024 - moved 11 animals from property ID 1823 (trader) to property ID 867 (feedlot)
23,1823,1301,DAY 24/11/2024 - moved 12 animals from property ID 1823 (trader) to property ID 1301 (saleyard)
23,1823,867,DAY 24/11/2024 - moved 12 animals from property ID 1823 (trader) to property ID 867 (feedlot)
23,1848,177,DAY 24/11/2024 - moved 18 animals from property ID 1848 (farm) to property ID 177 (farm)
23,1852,1390,DAY 24/11/2024 - moved 3 animals from property ID 1852 (farm) to property ID 1390 (farm)
23,1855,1806,DAY 24/11/2024 - moved 7 animals from property ID 1855 (farm) to property ID 1806 (farm)
23,1858,1907,DAY 24/11/2024 - moved 5 animals from property ID 1858 (farm) to property ID 1907 (feedlot)
23,1860,1479,DAY 24/11/2024 - moved 8 animals from property ID 1860 (farm) to property ID 1479 (trader)
23,1894,700,DAY 24/11/2024 - moved 7 animals from property ID 1894 (farm) to property ID 700 (trader)
23,1898,643,DAY 24/11/2024 - moved 52 animals from property ID 1898 (saleyard) to property ID 643 (farm)
23,1908,1110,DAY 24/11/2024 - moved 4 animals from property ID 1908 (farm) to property ID 1110 (feedlot)
23,1911,1720,DAY 24/11/2024 - moved 9 animals from property ID 1911 (farm) to property ID 1720 (farm)
23,1914,908,DAY 24/11/2024 - moved 2 animals from property ID 1914 (farm) to property ID 908 (saleyard)
23,1925,867,DAY 24/11/2024 - moved 1 animals from property ID 1925 (farm) to property ID 867 (feedlot)
23,1926,964,DAY 24/11/2024 - moved 2 animals from property ID 1926 (farm) to property ID 964 (feedlot)
23,1937,1109,DAY 24/11/2024 - moved 4 animals from property ID 1937 (farm) to property ID 1109 (feedlot)
23,1951,908,DAY 24/11/2024 - moved 1 animals from property ID 1951 (farm) to property ID 908 (saleyard)
23,1960,606,DAY 24/11/2024 - moved 3 animals from property ID 1960 (farm) to property ID 606 (farm)
23,1977,1907,DAY 24/11/2024 - moved 17 animals from property ID 1977 (farm) to property ID 1907 (feedlot)
23,1983,1898,DAY 24/11/2024 - moved 4 animals from property ID 1983 (farm) to property ID 1898 (saleyard)
23,1995,1301,DAY 24/11/2024 - moved 2 animals from property ID 1995 (farm) to property ID 1301 (saleyard)
24,2,724,DAY 25/11/2024 - moved 2 animals from property ID 2 (farm) to property ID 724 (farm)
24,3,1009,DAY 25/11/2024 - moved 4 animals from property ID 3 (farm) to property ID 1009 (farm)
24,4,758,DAY 25/11/2024 - moved 17 animals from property ID 4 (farm) to property ID 758 (feedlot)
24,11,1323,DAY 25/11/2024 - moved 36 animals from property ID 11 (farm) to property ID 1323 (farm)
24,13,964,DAY 25/11/2024 - moved 15 animals from property ID 13 (farm) to property ID 964 (feedlot)
24,16,776,DAY 25/11/2024 - moved 1 animals from property ID 16 (farm) to property ID 776 (trader)
24,32,189,DAY 25/11/2024 - moved 1 animals from property ID 32 (farm) to property ID 189 (saleyard)
24,45,1907,DAY 25/11/2024 - moved 3 animals from property ID 45 (farm) to property ID 1907 (feedlot)
24,67,1124,DAY 25/11/2024 - moved 1 animals from property ID 67 (farm) to property ID 1124 (farm)
24,70,1852,DAY 25/11/2024 - moved 1 animals from property ID 70 (farm) to property ID 1852 (farm)
24,89,1478,DAY 25/11/2024 - moved 6 animals from property ID 89 (farm) to property ID 1478 (farm)
24,92,240,DAY 25/11/2024 - moved 12 animals from property ID 92 (trader) to property ID 240 (farm)
24,92,935,DAY 25/11/2024 - moved 11 animals from property ID 92 (trader) to property ID 935 (farm)
24,92,1348,DAY 25/11/2024 - moved 11 animals from property ID 92 (trader) to property ID 1348 (farm)
24,107,264,DAY 25/11/2024 - moved 12 animals from property ID 107 (farm) to property ID 264 (feedlot)
24,124,1907,DAY 25/11/2024 - moved 4 animals from property ID 124 (farm) to property ID 1907 (feedlot)
24,136,1666,DAY 25/11/2024 - moved 9 animals from property ID 136 (farm) to property ID 1666 (feedlot)
24,144,1182,DAY 25/11/2024 - moved 4 animals from property ID 144 (farm) to property ID 1182 (farm)
24,147,1568,DAY 25/11/2024 - moved 7 animals from property ID 147 (farm) to property ID 1568 (farm)
24,159,1666,DAY 25/11/2024 - moved 14 animals from property ID 159 (farm) to property ID 1666 (feedlot)
24,164,1796,DAY 25/11/2024 - moved 3 animals from property ID 164 (farm) to property ID 1796 (farm)
24,168,1273,DAY 25/11/2024 - moved 1 animals from property ID 168 (farm) to property ID 1273 (trader)
24,189,334,DAY 25/11/2024 - moved 52 animals from property ID 189 (saleyard) to property ID 334 (farm)
24,191,92,DAY 25/11/2024 - moved 7 animals from property ID 191 (farm) to property ID 92 (trader)
24,193,1898,DAY 25/11/2024 - moved 9 animals from property ID 193 (farm) to property ID 1898 (saleyard)
24,213,383,DAY 25/11/2024 - moved 12 animals from property ID 213 (farm) to property ID 383 (farm)
24,244,866,DAY 25/11/2024 - moved 6 animals from property ID 244 (farm) to property ID 866 (feedlot)
24,292,1898,DAY 25/11/2024 - moved 9 animals from property ID 292 (farm) to property ID 1898 (saleyard)
24,340,850,DAY 25/11/2024 - moved 91 animals from property ID 340 (farm) to property ID 850 (farm)
24,349,1898,DAY 25/11/2024 - moved 7 animals from property ID 349 (farm) to property ID 1898 (saleyard)
24,358,92,DAY 25/11/2024 - moved 11 animals from property ID 358 (farm) to property ID 92 (trader)
24,388,737,DAY 25/11/2024 - moved 4 animals from property ID 388 (farm) to property ID 737 (farm)
24,390,776,DAY 25/11/2024 - moved 14 animals from property ID 390 (farm) to property ID 776 (trader)
24,408,758,DAY 25/11/2024 - moved 27 animals from property ID 408 (farm) to property ID 758 (feedlot)
24,411,904,DAY 25/11/2024 - moved 11 animals from property ID 411 (farm) to property ID 904 (trader)
24,415,537,DAY 25/11/2024 - moved 7 animals from property ID 415 (trader) to property ID 537 (farm)
24,415,1109,DAY 25/11/2024 - moved 6 animals from property ID 415 (trader) to property ID 1109 (feedlot)
24,426,641,DAY 25/11/2024 - moved 3 animals from property ID 426 (farm) to property ID 641 (farm)
24,427,1727,DAY 25/11/2024 - moved 4 animals from property ID 427 (farm) to property ID 1727 (farm)
24,436,415,DAY 25/11/2024 - moved 1 animals from property ID 436 (farm) to property ID 415 (trader)
24,450,1823,DAY 25/11/2024 - moved 3 animals from property ID 450 (farm) to property ID 1823 (trader)
24,451,1943,DAY 25/11/2024 - moved 8 animals from property ID 451 (farm) to property ID 1943 (farm)
24,456,1054,DAY 25/11/2024 - moved 8 animals from property ID 456 (farm) to property ID 1054 (farm)
24,469,1666,DAY 25/11/2024 - moved 2 animals from property ID 469 (farm) to property ID 1666 (feedlot)
24,482,550,DAY 25/11/2024 - moved 16 animals from property ID 482 (farm) to property ID 550 (farm)
24,516,861,DAY 25/11/2024 - moved 4 animals from property ID 516 (farm) to property ID 861 (farm)
24,541,1273,DAY 25/11/2024 - moved 2 animals from property ID 541 (farm) to property ID 1273 (trader)
24,559,782,DAY 25/11/2024 - moved 6 animals from property ID 559 (farm) to property ID 782 (trader)
24,582,1253,DAY 25/11/2024 - moved 3 animals from property ID 582 (farm) to property ID 1253 (feedlot)
24,585,1099,DAY 25/11/2024 - moved 5 animals from property ID 585 (farm) to property ID 1099 (farm)
24,592,782,DAY 25/11/2024 - moved 15 animals from property ID 592 (farm) to property ID 782 (trader)
24,609,1273,DAY 25/11/2024 - moved 4 animals from property ID 609 (farm) to property ID 1273 (trader)
24,611,6,DAY 25/11/2024 - moved 4 animals from property ID 611 (farm) to property ID 6 (stud farm)
24,636,964,DAY 25/11/2024 - moved 12 animals from property ID 636 (farm) to property ID 964 (feedlot)
24,642,717,DAY 25/11/2024 - moved 14 animals from property ID 642 (farm) to property ID 717 (farm)
24,651,1301,DAY 25/11/2024 - moved 4 animals from property ID 651 (farm) to property ID 1301 (saleyard)
24,656,797,DAY 25/11/2024 - moved 10 animals from property ID 656 (farm) to property ID 797 (farm)
24,669,1487,DAY 25/11/2024 - moved 6 animals from property ID 669 (farm) to property ID 1487 (feedlot)
24,675,1871,DAY 25/11/2024 - moved 12 animals from property ID 675 (farm) to property ID 1871 (farm)
24,700,1507,DAY 25/11/2024 - moved 21 animals from property ID 700 (trader) to property ID 1507 (farm)
24,738,605,DAY 25/11/2024 - moved 3 animals from property ID 738 (farm) to property ID 605 (farm)
24,746,189,DAY 25/11/2024 - moved 3 animals from property ID 746 (farm) to property ID 189 (saleyard)
24,754,429,DAY 25/11/2024 - moved 23 animals from property ID 754 (farm) to property ID 429 (feedlot)
24,757,1898,DAY 25/11/2024 - moved 2 animals from property ID 757 (farm) to property ID 1898 (saleyard)
24,768,1635,DAY 25/11/2024 - moved 3 animals from property ID 768 (farm) to property ID 1635 (feedlot)
24,770,867,DAY 25/11/2024 - moved 2 animals from property ID 770 (farm) to property ID 867 (feedlot)
24,776,1768,DAY 25/11/2024 - moved 22 animals from property ID 776 (trader) to property ID 1768 (feedlot)
24,776,6,DAY 25/11/2024 - moved 22 animals from property ID 776 (trader) to property ID 6 (stud farm)
24,781,957,DAY 25/11/2024 - moved 14 animals from property ID 781 (farm) to property ID 957 (farm)
24,782,616,DAY 25/11/2024 - moved 77 animals from property ID 782 (trader) to property ID 616 (farm)
24,783,1907,DAY 25/11/2024 - moved 21 animals from property ID 783 (farm) to property ID 1907 (feedlot)
24,797,1294,DAY 25/11/2024 - moved 5 animals from property ID 797 (farm) to property ID 1294 (farm)
24,829,867,DAY 25/11/2024 - moved 5 animals from property ID 829 (farm) to property ID 867 (feedlot)
24,855,1301,DAY 25/11/2024 - moved 3 animals from property ID 855 (farm) to property ID 1301 (saleyard)
24,894,1635,DAY 25/11/2024 - moved 4 animals from property ID 894 (farm) to property ID 1635 (feedlot)
24,896,1692,DAY 25/11/2024 - moved 3 animals from property ID 896 (farm) to property ID 1692 (farm)
24,897,867,DAY 25/11/2024 - moved 9 animals from property ID 897 (farm) to property ID 867 (feedlot)
24,906,524,DAY 25/11/2024 - moved 3 animals from property ID 906 (farm) to property ID 524 (feedlot)
24,908,429,DAY 25/11/2024 - moved 12 animals from property ID 908 (saleyard) to property ID 429 (feedlot)
24,908,1379,DAY 25/11/2024 - moved 13 animals from property ID 908 (saleyard) to property ID 1379 (feedlot)
24,908,1983,DAY 25/11/2024 - moved 13 animals from property ID 908 (saleyard) to property ID 1983 (farm)
24,908,1643,DAY 25/11/2024 - moved 13 animals from property ID 908 (saleyard) to property ID 1643 (farm)
24,927,1623,DAY 25/11/2024 - moved 4 animals from property ID 927 (farm) to property ID 1623 (farm)
24,931,54,DAY 25/11/2024 - moved 28 animals from property ID 931 (farm) to property ID 54 (farm)
24,969,1903,DAY 25/11/2024 - moved 5 animals from property ID 969 (farm) to property ID 1903 (farm)
24,977,908,DAY 25/11/2024 - moved 6 animals from property ID 977 (farm) to property ID 908 (saleyard)
24,1042,92,DAY 25/11/2024 - moved 6 animals from property ID 1042 (farm) to property ID 92 (trader)
24,1043,425,DAY 25/11/2024 - moved 5 animals from property ID 1043 (farm) to property ID 425 (feedlot)
24,1048,867,DAY 25/11/2024 - moved 3 animals from property ID 1048 (farm) to property ID 867 (feedlot)
24,1070,866,DAY 25/11/2024 - moved 1 animals from property ID 1070 (farm) to property ID 866 (feedlot)
24,1080,782,DAY 25/11/2024 - moved 9 animals from property ID 1080 (farm) to property ID 782 (trader)
24,1127,415,DAY 25/11/2024 - moved 2 animals from property ID 1127 (farm) to property ID 415 (trader)
24,1132,1635,DAY 25/11/2024 - moved 2 animals from property ID 1132 (farm) to property ID 1635 (feedlot)
24,1138,618,DAY 25/11/2024 - moved 37 animals from property ID 1138 (farm) to property ID 618 (farm)
24,1156,425,DAY 25/11/2024 - moved 4 animals from property ID 1156 (farm) to property ID 425 (feedlot)
24,1188,1907,DAY 25/11/2024 - moved 11 animals from property ID 1188 (farm) to property ID 1907 (feedlot)
24,1194,654,DAY 25/11/2024 - moved 14 animals from property ID 1194 (farm) to property ID 654 (farm)
24,1195,92,DAY 25/11/2024 - moved 14 animals from property ID 1195 (farm) to property ID 92 (trader)
24,1196,776,DAY 25/11/2024 - moved 2 animals from property ID 1196 (farm) to property ID 776 (trader)
24,1199,782,DAY 25/11/2024 - moved 8 animals from property ID 1199 (farm) to property ID 782 (trader)
24,1212,1273,DAY 25/11/2024 - moved 2 animals from property ID 1212 (farm) to property ID 1273 (trader)
24,1217,999,DAY 25/11/2024 - moved 4 animals from property ID 1217 (farm) to property ID 999 (farm)
24,1218,1768,DAY 25/11/2024 - moved 11 animals from property ID 1218 (farm) to property ID 1768 (feedlot)
24,1226,1273,DAY 25/11/2024 - moved 1 animals from property ID 1226 (farm) to property ID 1273 (trader)
24,1260,197,DAY 25/11/2024 - moved 15 animals from property ID 1260 (farm) to property ID 197 (farm)
24,1273,98,DAY 25/11/2024 - moved 11 animals from property ID 1273 (trader) to property ID 98 (farm)
24,1273,528,DAY 25/11/2024 - moved 12 animals from property ID 1273 (trader) to property ID 528 (farm)
24,1273,1716,DAY 25/11/2024 - moved 12 animals from property ID 1273 (trader) to property ID 1716 (farm)
24,1286,1907,DAY 25/11/2024 - moved 27 animals from property ID 1286 (farm) to property ID 1907 (feedlot)
24,1292,264,DAY 25/11/2024 - moved 1 animals from property ID 1292 (farm) to property ID 264 (feedlot)
24,1301,867,DAY 25/11/2024 - moved 13 animals from property ID 1301 (saleyard) to property ID 867 (feedlot)
24,1301,1889,DAY 25/11/2024 - moved 13 animals from property ID 1301 (saleyard) to property ID 1889 (farm)
24,1301,1767,DAY 25/11/2024 - moved 12 animals from property ID 1301 (saleyard) to property ID 1767 (farm)
24,1301,267,DAY 25/11/2024 - moved 12 animals from property ID 1301 (saleyard) to property ID 267 (farm)
24,1302,1467,DAY 25/11/2024 - moved 1 animals from property ID 1302 (farm) to property ID 1467 (farm)
24,1339,601,DAY 25/11/2024 - moved 6 animals from property ID 1339 (farm) to property ID 601 (farm)
24,1376,701,DAY 25/11/2024 - moved 1 animals from property ID 1376 (farm) to property ID 701 (farm)
24,1378,1301,DAY 25/11/2024 - moved 3 animals from property ID 1378 (farm) to property ID 1301 (saleyard)
24,1392,227,DAY 25/11/2024 - moved 17 animals from property ID 1392 (farm) to property ID 227 (farm)
24,1400,6,DAY 25/11/2024 - moved 8 animals from property ID 1400 (farm) to property ID 6 (stud farm)
24,1411,1522,DAY 25/11/2024 - moved 1 animals from property ID 1411 (farm) to property ID 1522 (farm)
24,1417,53,DAY 25/11/2024 - moved 21 animals from property ID 1417 (farm) to property ID 53 (farm)
24,1418,1273,DAY 25/11/2024 - moved 3 animals from property ID 1418 (farm) to property ID 1273 (trader)
24,1432,1823,DAY 25/11/2024 - moved 7 animals from property ID 1432 (farm) to property ID 1823 (trader)
24,1433,908,DAY 25/11/2024 - moved 7 animals from property ID 1433 (farm) to property ID 908 (saleyard)
24,1451,1768,DAY 25/11/2024 - moved 19 animals from property ID 1451 (farm) to property ID 1768 (feedlot)
24,1452,425,DAY 25/11/2024 - moved 4 animals from property ID 1452 (farm) to property ID 425 (feedlot)
24,1460,103,DAY 25/11/2024 - moved 14 animals from property ID 1460 (farm) to property ID 103 (farm)
24,1464,1212,DAY 25/11/2024 - moved 4 animals from property ID 1464 (farm) to property ID 1212 (farm)
24,1469,867,DAY 25/11/2024 - moved 2 animals from property ID 1469 (farm) to property ID 867 (feedlot)
24,1488,964,DAY 25/11/2024 - moved 15 animals from property ID 1488 (farm) to property ID 964 (feedlot)
24,1494,1684,DAY 25/11/2024 - moved 6 animals from property ID 1494 (farm) to property ID 1684 (farm)
24,1509,1110,DAY 25/11/2024 - moved 4 animals from property ID 1509 (farm) to property ID 1110 (feedlot)
24,1515,558,DAY 25/11/2024 - moved 8 animals from property ID 1515 (farm) to property ID 558 (farm)
24,1516,1898,DAY 25/11/2024 - moved 7 animals from property ID 1516 (farm) to property ID 1898 (saleyard)
24,1538,735,DAY 25/11/2024 - moved 4 animals from property ID 1538 (farm) to property ID 735 (farm)
24,1548,1273,DAY 25/11/2024 - moved 6 animals from property ID 1548 (farm) to property ID 1273 (trader)
24,1572,1823,DAY 25/11/2024 - moved 1 animals from property ID 1572 (farm) to property ID 1823 (trader)
24,1595,45,DAY 25/11/2024 - moved 15 animals from property ID 1595 (farm) to property ID 45 (farm)
24,1602,866,DAY 25/11/2024 - moved 6 animals from property ID 1602 (farm) to property ID 866 (feedlot)
24,1632,1823,DAY 25/11/2024 - moved 7 animals from property ID 1632 (farm) to property ID 1823 (trader)
24,1645,1112,DAY 25/11/2024 - moved 4 animals from property ID 1645 (farm) to property ID 1112 (farm)
24,1670,1273,DAY 25/11/2024 - moved 2 animals from property ID 1670 (farm) to property ID 1273 (trader)
24,1676,92,DAY 25/11/2024 - moved 9 animals from property ID 1676 (farm) to property ID 92 (trader)
24,1677,1823,DAY 25/11/2024 - moved 2 animals from property ID 1677 (farm) to property ID 1823 (trader)
24,1680,1833,DAY 25/11/2024 - moved 2 animals from property ID 1680 (farm) to property ID 1833 (farm)
24,1692,1666,DAY 25/11/2024 - moved 4 animals from property ID 1692 (farm) to property ID 1666 (feedlot)
24,1715,1301,DAY 25/11/2024 - moved 6 animals from property ID 1715 (farm) to property ID 1301 (saleyard)
24,1722,1479,DAY 25/11/2024 - moved 30 animals from property ID 1722 (farm) to property ID 1479 (trader)
24,1732,1536,DAY 25/11/2024 - moved 3 animals from property ID 1732 (farm) to property ID 1536 (feedlot)
24,1743,867,DAY 25/11/2024 - moved 12 animals from property ID 1743 (farm) to property ID 867 (feedlot)
24,1744,1662,DAY 25/11/2024 - moved 15 animals from property ID 1744 (farm) to property ID 1662 (feedlot)
24,1783,1797,DAY 25/11/2024 - moved 4 animals from property ID 1783 (farm) to property ID 1797 (farm)
24,1792,278,DAY 25/11/2024 - moved 2 animals from property ID 1792 (farm) to property ID 278 (farm)
24,1808,866,DAY 25/11/2024 - moved 2 animals from property ID 1808 (farm) to property ID 866 (feedlot)
24,1812,986,DAY 25/11/2024 - moved 5 animals from property ID 1812 (farm) to property ID 986 (farm)
24,1814,189,DAY 25/11/2024 - moved 5 animals from property ID 1814 (farm) to property ID 189 (saleyard)
24,1823,867,DAY 25/11/2024 - moved 31 animals from property ID 1823 (trader) to property ID 867 (feedlot)
24,1873,976,DAY 25/11/2024 - moved 5 animals from property ID 1873 (farm) to property ID 976 (farm)
24,1883,1396,DAY 25/11/2024 - moved 2 animals from property ID 1883 (farm) to property ID 1396 (farm)
24,1885,19,DAY 25/11/2024 - moved 18 animals from property ID 1885 (farm) to property ID 19 (farm)
24,1895,1301,DAY 25/11/2024 - moved 1 animals from property ID 1895 (farm) to property ID 1301 (saleyard)
24,1898,908,DAY 25/11/2024 - moved 11 animals from property ID 1898 (saleyard) to property ID 908 (saleyard)
24,1898,1435,DAY 25/11/2024 - moved 11 animals from property ID 1898 (saleyard) to property ID 1435 (farm)
24,1898,868,DAY 25/11/2024 - moved 12 animals from property ID 1898 (saleyard) to property ID 868 (farm)
24,1898,217,DAY 25/11/2024 - moved 12 animals from property ID 1898 (saleyard) to property ID 217 (farm)
24,1898,1635,DAY 25/11/2024 - moved 12 animals from property ID 1898 (saleyard) to property ID 1635 (feedlot)
24,1899,733,DAY 25/11/2024 - moved 5 animals from property ID 1899 (farm) to property ID 733 (farm)
24,1904,524,DAY 25/11/2024 - moved 3 animals from property ID 1904 (farm) to property ID 524 (feedlot)
24,1912,546,DAY 25/11/2024 - moved 5 animals from property ID 1912 (farm) to property ID 546 (farm)
24,1935,1479,DAY 25/11/2024 - moved 11 animals from property ID 1935 (farm) to property ID 1479 (trader)
24,1938,1714,DAY 25/11/2024 - moved 5 animals from property ID 1938 (farm) to property ID 1714 (farm)
24,1956,1982,DAY 25/11/2024 - moved 13 animals from property ID 1956 (farm) to property ID 1982 (farm)
24,1959,1253,DAY 25/11/2024 - moved 13 animals from property ID 1959 (farm) to property ID 1253 (feedlot)
24,1966,1533,DAY 25/11/2024 - moved 6 animals from property ID 1966 (farm) to property ID 1533 (farm)
24,1969,866,DAY 25/11/2024 - moved 4 animals from property ID 1969 (farm) to property ID 866 (feedlot)
24,1981,1310,DAY 25/11/2024 - moved 35 animals from property ID 1981 (farm) to property ID 1310 (farm)
24,1984,908,DAY 25/11/2024 - moved 2 animals from property ID 1984 (farm) to property ID 908 (saleyard)
24,1992,1110,DAY 25/11/2024 - moved 8 animals from property ID 1992 (farm) to property ID 1110 (feedlot)
25,5,1366,DAY 26/11/2024 - moved 8 animals from property ID 5 (farm) to property ID 1366 (farm)
25,19,782,DAY 26/11/2024 - moved 16 animals from property ID 19 (farm) to property ID 782 (trader)
25,54,1479,DAY 26/11/2024 - moved 10 animals from property ID 54 (farm) to property ID 1479 (trader)
25,55,1045,DAY 26/11/2024 - moved 6 animals from property ID 55 (farm) to property ID 1045 (farm)
25,66,1536,DAY 26/11/2024 - moved 2 animals from property ID 66 (farm) to property ID 1536 (feedlot)
25,92,1666,DAY 26/11/2024 - moved 19 animals from property ID 92 (trader) to property ID 1666 (feedlot)
25,92,410,DAY 26/11/2024 - moved 18 animals from property ID 92 (trader) to property ID 410 (farm)
25,112,867,DAY 26/11/2024 - moved 4 animals from property ID 112 (farm) to property ID 867 (feedlot)
25,117,1807,DAY 26/11/2024 - moved 10 animals from property ID 117 (farm) to property ID 1807 (farm)
25,122,1110,DAY 26/11/2024 - moved 3 animals from property ID 122 (farm) to property ID 1110 (feedlot)
25,128,1536,DAY 26/11/2024 - moved 3 animals from property ID 128 (farm) to property ID 1536 (feedlot)
25,137,1877,DAY 26/11/2024 - moved 5 animals from property ID 137 (farm) to property ID 1877 (farm)
25,140,1781,DAY 26/11/2024 - moved 7 animals from property ID 140 (farm) to property ID 1781 (farm)
25,157,1110,DAY 26/11/2024 - moved 4 animals from property ID 157 (farm) to property ID 1110 (feedlot)
25,165,1100,DAY 26/11/2024 - moved 14 animals from property ID 165 (farm) to property ID 1100 (farm)
25,185,1487,DAY 26/11/2024 - moved 2 animals from property ID 185 (farm) to property ID 1487 (feedlot)
25,187,776,DAY 26/11/2024 - moved 1 animals from property ID 187 (farm) to property ID 776 (trader)
25,189,964,DAY 26/11/2024 - moved 43 animals from property ID 189 (saleyard) to property ID 964 (feedlot)
25,194,1479,DAY 26/11/2024 - moved 15 animals from property ID 194 (farm) to property ID 1479 (trader)
25,216,964,DAY 26/11/2024 - moved 2 animals from property ID 216 (farm) to property ID 964 (feedlot)
25,218,1110,DAY 26/11/2024 - moved 1 animals from property ID 218 (farm) to property ID 1110 (feedlot)
25,226,908,DAY 26/11/2024 - moved 21 animals from property ID 226 (farm) to property ID 908 (saleyard)
25,229,1273,DAY 26/11/2024 - moved 5 animals from property ID 229 (farm) to property ID 1273 (trader)
25,233,1088,DAY 26/11/2024 - moved 1 animals from property ID 233 (farm) to property ID 1088 (farm)
25,246,908,DAY 26/11/2024 - moved 5 animals from property ID 246 (farm) to property ID 908 (saleyard)
25,247,92,DAY 26/11/2024 - moved 11 animals from property ID 247 (farm) to property ID 92 (trader)
25,255,1075,DAY 26/11/2024 - moved 8 animals from property ID 255 (farm) to property ID 1075 (farm)
25,260,1287,DAY 26/11/2024 - moved 3 animals from property ID 260 (farm) to property ID 1287 (farm)
25,261,1765,DAY 26/11/2024 - moved 3 animals from property ID 261 (farm) to property ID 1765 (farm)
25,289,776,DAY 26/11/2024 - moved 8 animals from property ID 289 (farm) to property ID 776 (trader)
25,308,189,DAY 26/11/2024 - moved 3 animals from property ID 308 (farm) to property ID 189 (saleyard)
25,317,722,DAY 26/11/2024 - moved 74 animals from property ID 317 (farm) to property ID 722 (farm)
25,329,1824,DAY 26/11/2024 - moved 15 animals from property ID 329 (farm) to property ID 1824 (farm)
25,334,189,DAY 26/11/2024 - moved 9 animals from property ID 334 (farm) to property ID 189 (saleyard)
25,343,1898,DAY 26/11/2024 - moved 10 animals from property ID 343 (farm) to property ID 1898 (saleyard)
25,354,886,DAY 26/11/2024 - moved 6 animals from property ID 354 (farm) to property ID 886 (farm)
25,364,92,DAY 26/11/2024 - moved 4 animals from property ID 364 (farm) to property ID 92 (trader)
25,368,1894,DAY 26/11/2024 - moved 8 animals from property ID 368 (farm) to property ID 1894 (farm)
25,372,1119,DAY 26/11/2024 - moved 2 animals from property ID 372 (farm) to property ID 1119 (trader)
25,376,1287,DAY 26/11/2024 - moved 3 animals from property ID 376 (farm) to property ID 1287 (farm)
25,391,866,DAY 26/11/2024 - moved 10 animals from property ID 391 (farm) to property ID 866 (feedlot)
25,395,1956,DAY 26/11/2024 - moved 43 animals from property ID 395 (farm) to property ID 1956 (farm)
25,414,1253,DAY 26/11/2024 - moved 1 animals from property ID 414 (farm) to property ID 1253 (feedlot)
25,415,883,DAY 26/11/2024 - moved 11 animals from property ID 415 (trader) to property ID 883 (farm)
25,422,867,DAY 26/11/2024 - moved 7 animals from property ID 422 (farm) to property ID 867 (feedlot)
25,424,395,DAY 26/11/2024 - moved 6 animals from property ID 424 (farm) to property ID 395 (farm)
25,454,700,DAY 26/11/2024 - moved 3 animals from property ID 454 (farm) to property ID 700 (trader)
25,490,867,DAY 26/11/2024 - moved 6 animals from property ID 490 (farm) to property ID 867 (feedlot)
25,525,1373,DAY 26/11/2024 - moved 3 animals from property ID 525 (farm) to property ID 1373 (farm)
25,543,430,DAY 26/11/2024 - moved 2 animals from property ID 543 (farm) to property ID 430 (farm)
25,560,700,DAY 26/11/2024 - moved 5 animals from property ID 560 (farm) to property ID 700 (trader)
25,562,1479,DAY 26/11/2024 - moved 18 animals from property ID 562 (farm) to property ID 1479 (trader)
25,564,776,DAY 26/11/2024 - moved 7 animals from property ID 564 (farm) to property ID 776 (trader)
25,602,1898,DAY 26/11/2024 - moved 2 animals from property ID 602 (farm) to property ID 1898 (saleyard)
25,637,1301,DAY 26/11/2024 - moved 5 animals from property ID 637 (farm) to property ID 1301 (saleyard)
25,652,1907,DAY 26/11/2024 - moved 1 animals from property ID 652 (farm) to property ID 1907 (feedlot)
25,661,1273,DAY 26/11/2024 - moved 5 animals from property ID 661 (farm) to property ID 1273 (trader)
25,668,1823,DAY 26/11/2024 - moved 10 animals from property ID 668 (farm) to property ID 1823 (trader)
25,679,183,DAY 26/11/2024 - moved 1 animals from property ID 679 (farm) to property ID 183 (farm)
25,686,758,DAY 26/11/2024 - moved 8 animals from property ID 686 (farm) to property ID 758 (feedlot)
25,692,1469,DAY 26/11/2024 - moved 1 animals from property ID 692 (farm) to property ID 1469 (farm)
25,697,866,DAY 26/11/2024 - moved 2 animals from property ID 697 (farm) to property ID 866 (feedlot)
25,698,640,DAY 26/11/2024 - moved 3 animals from property ID 698 (farm) to property ID 640 (farm)
25,700,1988,DAY 26/11/2024 - moved 6 animals from property ID 700 (trader) to property ID 1988 (farm)
25,700,1178,DAY 26/11/2024 - moved 5 animals from property ID 700 (trader) to property ID 1178 (farm)
25,700,264,DAY 26/11/2024 - moved 5 animals from property ID 700 (trader) to property ID 264 (feedlot)
25,718,189,DAY 26/11/2024 - moved 5 animals from property ID 718 (farm) to property ID 189 (saleyard)
25,721,1078,DAY 26/11/2024 - moved 13 animals from property ID 721 (farm) to property ID 1078 (farm)
25,724,1644,DAY 26/11/2024 - moved 7 animals from property ID 724 (farm) to property ID 1644 (farm)
25,728,1907,DAY 26/11/2024 - moved 20 animals from property ID 728 (farm) to property ID 1907 (feedlot)
25,732,188,DAY 26/11/2024 - moved 4 animals from property ID 732 (farm) to property ID 188 (feedlot)
25,733,1109,DAY 26/11/2024 - moved 8 animals from property ID 733 (farm) to property ID 1109 (feedlot)
25,734,1768,DAY 26/11/2024 - moved 3 animals from property ID 734 (farm) to property ID 1768 (feedlot)
25,739,260,DAY 26/11/2024 - moved 1 animals from property ID 739 (farm) to property ID 260 (farm)
25,752,6,DAY 26/11/2024 - moved 3 animals from property ID 752 (farm) to property ID 6 (stud farm)
25,764,1312,DAY 26/11/2024 - moved 10 animals from property ID 764 (farm) to property ID 1312 (farm)
25,774,776,DAY 26/11/2024 - moved 1 animals from property ID 774 (farm) to property ID 776 (trader)
25,776,1253,DAY 26/11/2024 - moved 13 animals from property ID 776 (trader) to property ID 1253 (feedlot)
25,776,1752,DAY 26/11/2024 - moved 13 animals from property ID 776 (trader) to property ID 1752 (farm)
25,776,429,DAY 26/11/2024 - moved 13 animals from property ID 776 (trader) to property ID 429 (feedlot)
25,782,1800,DAY 26/11/2024 - moved 23 animals from property ID 782 (trader) to property ID 1800 (farm)
25,782,367,DAY 26/11/2024 - moved 23 animals from property ID 782 (trader) to property ID 367 (farm)
25,782,864,DAY 26/11/2024 - moved 23 animals from property ID 782 (trader) to property ID 864 (farm)
25,795,1479,DAY 26/11/2024 - moved 11 animals from property ID 795 (farm) to property ID 1479 (trader)
25,800,776,DAY 26/11/2024 - moved 5 animals from property ID 800 (farm) to property ID 776 (trader)
25,807,1301,DAY 26/11/2024 - moved 1 animals from property ID 807 (farm) to property ID 1301 (saleyard)
25,814,1250,DAY 26/11/2024 - moved 13 animals from property ID 814 (farm) to property ID 1250 (farm)
25,820,619,DAY 26/11/2024 - moved 4 animals from property ID 820 (farm) to property ID 619 (farm)
25,875,593,DAY 26/11/2024 - moved 3 animals from property ID 875 (farm) to property ID 593 (farm)
25,876,1682,DAY 26/11/2024 - moved 5 animals from property ID 876 (farm) to property ID 1682 (farm)
25,882,524,DAY 26/11/2024 - moved 19 animals from property ID 882 (farm) to property ID 524 (feedlot)
25,883,1119,DAY 26/11/2024 - moved 1 animals from property ID 883 (farm) to property ID 1119 (trader)
25,889,197,DAY 26/11/2024 - moved 7 animals from property ID 889 (farm) to property ID 197 (farm)
25,900,1479,DAY 26/11/2024 - moved 29 animals from property ID 900 (farm) to property ID 1479 (trader)
25,920,1479,DAY 26/11/2024 - moved 10 animals from property ID 920 (farm) to property ID 1479 (trader)
25,928,458,DAY 26/11/2024 - moved 3 animals from property ID 928 (farm) to property ID 458 (abbattoir)
25,943,1666,DAY 26/11/2024 - moved 6 animals from property ID 943 (farm) to property ID 1666 (feedlot)
25,947,867,DAY 26/11/2024 - moved 7 animals from property ID 947 (farm) to property ID 867 (feedlot)
25,953,908,DAY 26/11/2024 - moved 6 animals from property ID 953 (farm) to property ID 908 (saleyard)
25,958,1823,DAY 26/11/2024 - moved 17 animals from property ID 958 (farm) to property ID 1823 (trader)
25,966,1768,DAY 26/11/2024 - moved 9 animals from property ID 966 (farm) to property ID 1768 (feedlot)
25,967,1273,DAY 26/11/2024 - moved 6 animals from property ID 967 (farm) to property ID 1273 (trader)
25,1005,1780,DAY 26/11/2024 - moved 5 animals from property ID 1005 (farm) to property ID 1780 (farm)
25,1063,1176,DAY 26/11/2024 - moved 6 animals from property ID 1063 (farm) to property ID 1176 (farm)
25,1078,1479,DAY 26/11/2024 - moved 17 animals from property ID 1078 (farm) to property ID 1479 (trader)
25,1086,429,DAY 26/11/2024 - moved 7 animals from property ID 1086 (farm) to property ID 429 (feedlot)
25,1090,189,DAY 26/11/2024 - moved 6 animals from property ID 1090 (farm) to property ID 189 (saleyard)
25,1112,1009,DAY 26/11/2024 - moved 3 animals from property ID 1112 (farm) to property ID 1009 (farm)
25,1154,1583,DAY 26/11/2024 - moved 7 animals from property ID 1154 (farm) to property ID 1583 (farm)
25,1158,309,DAY 26/11/2024 - moved 9 animals from property ID 1158 (farm) to property ID 309 (farm)
25,1173,1421,DAY 26/11/2024 - moved 12 animals from property ID 1173 (farm) to property ID 1421 (farm)
25,1182,843,DAY 26/11/2024 - moved 11 animals from property ID 1182 (farm) to property ID 843 (farm)
25,1187,1898,DAY 26/11/2024 - moved 13 animals from property ID 1187 (farm) to property ID 1898 (saleyard)
25,1201,1305,DAY 26/11/2024 - moved 1 animals from property ID 1201 (farm) to property ID 1305 (farm)
25,1208,415,DAY 26/11/2024 - moved 1 animals from property ID 1208 (farm) to property ID 415 (trader)
25,1215,372,DAY 26/11/2024 - moved 4 animals from property ID 1215 (farm) to property ID 372 (farm)
25,1258,189,DAY 26/11/2024 - moved 4 animals from property ID 1258 (farm) to property ID 189 (saleyard)
25,1263,524,DAY 26/11/2024 - moved 1 animals from property ID 1263 (farm) to property ID 524 (feedlot)
25,1270,776,DAY 26/11/2024 - moved 3 animals from property ID 1270 (farm) to property ID 776 (trader)
25,1273,1908,DAY 26/11/2024 - moved 16 animals from property ID 1273 (trader) to property ID 1908 (farm)
25,1273,1557,DAY 26/11/2024 - moved 16 animals from property ID 1273 (trader) to property ID 1557 (farm)
25,1280,301,DAY 26/11/2024 - moved 9 animals from property ID 1280 (farm) to property ID 301 (farm)
25,1293,92,DAY 26/11/2024 - moved 7 animals from property ID 1293 (farm) to property ID 92 (trader)
25,1296,478,DAY 26/11/2024 - moved 5 animals from property ID 1296 (farm) to property ID 478 (farm)
25,1299,867,DAY 26/11/2024 - moved 5 animals from property ID 1299 (farm) to property ID 867 (feedlot)
25,1301,893,DAY 26/11/2024 - moved 8 animals from property ID 1301 (saleyard) to property ID 893 (farm)
25,1301,415,DAY 26/11/2024 - moved 8 animals from property ID 1301 (saleyard) to property ID 415 (trader)
25,1301,797,DAY 26/11/2024 - moved 9 animals from property ID 1301 (saleyard) to property ID 797 (farm)
25,1301,1823,DAY 26/11/2024 - moved 9 animals from property ID 1301 (saleyard) to property ID 1823 (trader)
25,1301,180,DAY 26/11/2024 - moved 9 animals from property ID 1301 (saleyard) to property ID 180 (farm)
25,1349,291,DAY 26/11/2024 - moved 3 animals from property ID 1349 (farm) to property ID 291 (farm)
25,1350,1828,DAY 26/11/2024 - moved 5 animals from property ID 1350 (farm) to property ID 1828 (farm)
25,1356,1804,DAY 26/11/2024 - moved 3 animals from property ID 1356 (farm) to property ID 1804 (farm)
25,1381,188,DAY 26/11/2024 - moved 15 animals from property ID 1381 (farm) to property ID 188 (feedlot)
25,1399,6,DAY 26/11/2024 - moved 6 animals from property ID 1399 (farm) to property ID 6 (stud farm)
25,1405,750,DAY 26/11/2024 - moved 30 animals from property ID 1405 (farm) to property ID 750 (farm)
25,1438,1781,DAY 26/11/2024 - moved 2 animals from property ID 1438 (farm) to property ID 1781 (farm)
25,1457,321,DAY 26/11/2024 - moved 1 animals from property ID 1457 (farm) to property ID 321 (farm)
25,1474,1273,DAY 26/11/2024 - moved 3 animals from property ID 1474 (farm) to property ID 1273 (trader)
25,1479,645,DAY 26/11/2024 - moved 33 animals from property ID 1479 (trader) to property ID 645 (farm)
25,1479,1285,DAY 26/11/2024 - moved 32 animals from property ID 1479 (trader) to property ID 1285 (farm)
25,1482,6,DAY 26/11/2024 - moved 4 animals from property ID 1482 (farm) to property ID 6 (stud farm)
25,1484,1907,DAY 26/11/2024 - moved 10 animals from property ID 1484 (farm) to property ID 1907 (feedlot)
25,1499,867,DAY 26/11/2024 - moved 7 animals from property ID 1499 (farm) to property ID 867 (feedlot)
25,1521,1235,DAY 26/11/2024 - moved 4 animals from property ID 1521 (farm) to property ID 1235 (farm)
25,1528,782,DAY 26/11/2024 - moved 8 animals from property ID 1528 (farm) to property ID 782 (trader)
25,1552,678,DAY 26/11/2024 - moved 7 animals from property ID 1552 (farm) to property ID 678 (farm)
25,1554,789,DAY 26/11/2024 - moved 13 animals from property ID 1554 (farm) to property ID 789 (farm)
25,1556,782,DAY 26/11/2024 - moved 8 animals from property ID 1556 (farm) to property ID 782 (trader)
25,1560,1301,DAY 26/11/2024 - moved 6 animals from property ID 1560 (farm) to property ID 1301 (saleyard)
25,1567,908,DAY 26/11/2024 - moved 6 animals from property ID 1567 (farm) to property ID 908 (saleyard)
25,1569,448,DAY 26/11/2024 - moved 10 animals from property ID 1569 (farm) to property ID 448 (farm)
25,1578,904,DAY 26/11/2024 - moved 12 animals from property ID 1578 (farm) to property ID 904 (trader)
25,1589,1487,DAY 26/11/2024 - moved 9 animals from property ID 1589 (farm) to property ID 1487 (feedlot)
25,1611,1933,DAY 26/11/2024 - moved 6 animals from property ID 1611 (farm) to property ID 1933 (farm)
25,1618,782,DAY 26/11/2024 - moved 32 animals from property ID 1618 (farm) to property ID 782 (trader)
25,1636,776,DAY 26/11/2024 - moved 7 animals from property ID 1636 (farm) to property ID 776 (trader)
25,1638,1163,DAY 26/11/2024 - moved 1 animals from property ID 1638 (farm) to property ID 1163 (farm)
25,1649,415,DAY 26/11/2024 - moved 5 animals from property ID 1649 (farm) to property ID 415 (trader)
25,1657,1946,DAY 26/11/2024 - moved 1 animals from property ID 1657 (farm) to property ID 1946 (farm)
25,1661,188,DAY 26/11/2024 - moved 24 animals from property ID 1661 (farm) to property ID 188 (feedlot)
25,1663,1388,DAY 26/11/2024 - moved 15 animals from property ID 1663 (farm) to property ID 1388 (farm)
25,1675,1301,DAY 26/11/2024 - moved 7 animals from property ID 1675 (farm) to property ID 1301 (saleyard)
25,1682,700,DAY 26/11/2024 - moved 2 animals from property ID 1682 (farm) to property ID 700 (trader)
25,1716,61,DAY 26/11/2024 - moved 4 animals from property ID 1716 (farm) to property ID 61 (farm)
25,1730,1768,DAY 26/11/2024 - moved 1 animals from property ID 1730 (farm) to property ID 1768 (feedlot)
25,1748,65,DAY 26/11/2024 - moved 3 animals from property ID 1748 (farm) to property ID 65 (farm)
25,1786,189,DAY 26/11/2024 - moved 2 animals from property ID 1786 (farm) to property ID 189 (saleyard)
25,1796,1174,DAY 26/11/2024 - moved 5 animals from property ID 1796 (farm) to property ID 1174 (farm)
25,1817,1110,DAY 26/11/2024 - moved 3 animals from property ID 1817 (farm) to property ID 1110 (feedlot)
25,1822,1758,DAY 26/11/2024 - moved 1 animals from property ID 1822 (farm) to property ID 1758 (farm)
25,1823,793,DAY 26/11/2024 - moved 15 animals from property ID 1823 (trader) to property ID 793 (farm)
25,1823,209,DAY 26/11/2024 - moved 14 animals from property ID 1823 (trader) to property ID 209 (farm)
25,1825,1301,DAY 26/11/2024 - moved 8 animals from property ID 1825 (farm) to property ID 1301 (saleyard)
25,1838,6,DAY 26/11/2024 - moved 5 animals from property ID 1838 (farm) to property ID 6 (stud farm)
25,1844,189,DAY 26/11/2024 - moved 14 animals from property ID 1844 (farm) to property ID 189 (saleyard)
25,1847,1273,DAY 26/11/2024 - moved 4 animals from property ID 1847 (farm) to property ID 1273 (trader)
25,1856,1766,DAY 26/11/2024 - moved 4 animals from property ID 1856 (farm) to property ID 1766 (farm)
25,1859,385,DAY 26/11/2024 - moved 27 animals from property ID 1859 (farm) to property ID 385 (farm)
25,1868,1485,DAY 26/11/2024 - moved 7 animals from property ID 1868 (farm) to property ID 1485 (farm)
25,1874,776,DAY 26/11/2024 - moved 1 animals from property ID 1874 (farm) to property ID 776 (trader)
25,1877,964,DAY 26/11/2024 - moved 3 animals from property ID 1877 (farm) to property ID 964 (feedlot)
25,1892,1823,DAY 26/11/2024 - moved 1 animals from property ID 1892 (farm) to property ID 1823 (trader)
25,1898,1253,DAY 26/11/2024 - moved 10 animals from property ID 1898 (saleyard) to property ID 1253 (feedlot)
25,1898,6,DAY 26/11/2024 - moved 11 animals from property ID 1898 (saleyard) to property ID 6 (stud farm)
25,1898,1050,DAY 26/11/2024 - moved 11 animals from property ID 1898 (saleyard) to property ID 1050 (farm)
25,1898,504,DAY 26/11/2024 - moved 11 animals from property ID 1898 (saleyard) to property ID 504 (farm)
25,1898,994,DAY 26/11/2024 - moved 11 animals from property ID 1898 (saleyard) to property ID 994 (farm)
25,1929,1289,DAY 26/11/2024 - moved 2 animals from property ID 1929 (farm) to property ID 1289 (farm)
25,1930,1109,DAY 26/11/2024 - moved 24 animals from property ID 1930 (farm) to property ID 1109 (feedlot)
25,1939,1185,DAY 26/11/2024 - moved 2 animals from property ID 1939 (farm) to property ID 1185 (farm)
25,1987,189,DAY 26/11/2024 - moved 3 animals from property ID 1987 (farm) to property ID 189 (saleyard)
25,1988,1638,DAY 26/11/2024 - moved 2 animals from property ID 1988 (farm) to property ID 1638 (farm)
25,1997,458,DAY 26/11/2024 - moved 12 animals from property ID 1997 (farm) to property ID 458 (abbattoir)
26,12,800,DAY 27/11/2024 - moved 3 animals from property ID 12 (farm) to property ID 800 (farm)
26,21,782,DAY 27/11/2024 - moved 26 animals from property ID 21 (farm) to property ID 782 (trader)
26,30,866,DAY 27/11/2024 - moved 1 animals from property ID 30 (farm) to property ID 866 (feedlot)
26,48,908,DAY 27/11/2024 - moved 5 animals from property ID 48 (farm) to property ID 908 (saleyard)
26,57,1273,DAY 27/11/2024 - moved 2 animals from property ID 57 (farm) to property ID 1273 (trader)
26,88,6,DAY 27/11/2024 - moved 6 animals from property ID 88 (farm) to property ID 6 (stud farm)
26,90,88,DAY 27/11/2024 - moved 6 animals from property ID 90 (farm) to property ID 88 (farm)
26,92,866,DAY 27/11/2024 - moved 34 animals from property ID 92 (trader) to property ID 866 (feedlot)
26,102,705,DAY 27/11/2024 - moved 15 animals from property ID 102 (farm) to property ID 705 (farm)
26,127,6,DAY 27/11/2024 - moved 24 animals from property ID 127 (farm) to property ID 6 (stud farm)
26,154,1487,DAY 27/11/2024 - moved 5 animals from property ID 154 (farm) to property ID 1487 (feedlot)
26,182,1940,DAY 27/11/2024 - moved 4 animals from property ID 182 (farm) to property ID 1940 (farm)
26,184,273,DAY 27/11/2024 - moved 5 animals from property ID 184 (farm) to property ID 273 (farm)
26,189,1926,DAY 27/11/2024 - moved 14 animals from property ID 189 (saleyard) to property ID 1926 (farm)
26,189,877,DAY 27/11/2024 - moved 15 animals from property ID 189 (saleyard) to property ID 877 (farm)
26,189,1109,DAY 27/11/2024 - moved 15 animals from property ID 189 (saleyard) to property ID 1109 (feedlot)
26,196,1550,DAY 27/11/2024 - moved 3 animals from property ID 196 (farm) to property ID 1550 (farm)
26,197,867,DAY 27/11/2024 - moved 12 animals from property ID 197 (farm) to property ID 867 (feedlot)
26,201,700,DAY 27/11/2024 - moved 5 animals from property ID 201 (farm) to property ID 700 (trader)
26,204,189,DAY 27/11/2024 - moved 14 animals from property ID 204 (farm) to property ID 189 (saleyard)
26,208,1666,DAY 27/11/2024 - moved 11 animals from property ID 208 (farm) to property ID 1666 (feedlot)
26,224,867,DAY 27/11/2024 - moved 2 animals from property ID 224 (farm) to property ID 867 (feedlot)
26,231,758,DAY 27/11/2024 - moved 10 animals from property ID 231 (farm) to property ID 758 (feedlot)
26,253,669,DAY 27/11/2024 - moved 56 animals from property ID 253 (farm) to property ID 669 (farm)
26,263,1666,DAY 27/11/2024 - moved 2 animals from property ID 263 (farm) to property ID 1666 (feedlot)
26,267,1305,DAY 27/11/2024 - moved 2 animals from property ID 267 (farm) to property ID 1305 (farm)
26,295,1379,DAY 27/11/2024 - moved 8 animals from property ID 295 (farm) to property ID 1379 (feedlot)
26,298,1782,DAY 27/11/2024 - moved 5 animals from property ID 298 (farm) to property ID 1782 (farm)
26,299,1920,DAY 27/11/2024 - moved 4 animals from property ID 299 (farm) to property ID 1920 (farm)
26,300,866,DAY 27/11/2024 - moved 6 animals from property ID 300 (farm) to property ID 866 (feedlot)
26,307,1273,DAY 27/11/2024 - moved 4 animals from property ID 307 (farm) to property ID 1273 (trader)
26,323,1923,DAY 27/11/2024 - moved 15 animals from property ID 323 (farm) to property ID 1923 (farm)
26,341,1422,DAY 27/11/2024 - moved 13 animals from property ID 341 (farm) to property ID 1422 (farm)
26,346,1301,DAY 27/11/2024 - moved 7 animals from property ID 346 (farm) to property ID 1301 (saleyard)
26,348,1635,DAY 27/11/2024 - moved 17 animals from property ID 348 (farm) to property ID 1635 (feedlot)
26,356,353,DAY 27/11/2024 - moved 2 animals from property ID 356 (farm) to property ID 353 (farm)
26,371,429,DAY 27/11/2024 - moved 5 animals from property ID 371 (farm) to property ID 429 (feedlot)
26,415,1995,DAY 27/11/2024 - moved 6 animals from property ID 415 (trader) to property ID 1995 (farm)
26,415,790,DAY 27/11/2024 - moved 6 animals from property ID 415 (trader) to property ID 790 (farm)
26,432,776,DAY 27/11/2024 - moved 12 animals from property ID 432 (farm) to property ID 776 (trader)
26,473,867,DAY 27/11/2024 - moved 6 animals from property ID 473 (farm) to property ID 867 (feedlot)
26,507,92,DAY 27/11/2024 - moved 8 animals from property ID 507 (farm) to property ID 92 (trader)
26,531,322,DAY 27/11/2024 - moved 6 animals from property ID 531 (farm) to property ID 322 (farm)
26,542,189,DAY 27/11/2024 - moved 2 animals from property ID 542 (farm) to property ID 189 (saleyard)
26,545,79,DAY 27/11/2024 - moved 10 animals from property ID 545 (farm) to property ID 79 (farm)
26,553,1012,DAY 27/11/2024 - moved 20 animals from property ID 553 (farm) to property ID 1012 (farm)
26,555,1768,DAY 27/11/2024 - moved 5 animals from property ID 555 (farm) to property ID 1768 (feedlot)
26,595,1058,DAY 27/11/2024 - moved 10 animals from property ID 595 (farm) to property ID 1058 (farm)
26,599,1253,DAY 27/11/2024 - moved 4 animals from property ID 599 (farm) to property ID 1253 (feedlot)
26,608,908,DAY 27/11/2024 - moved 3 animals from property ID 608 (farm) to property ID 908 (saleyard)
26,641,908,DAY 27/11/2024 - moved 1 animals from property ID 641 (farm) to property ID 908 (saleyard)
26,649,782,DAY 27/11/2024 - moved 3 animals from property ID 649 (farm) to property ID 782 (trader)
26,650,1188,DAY 27/11/2024 - moved 20 animals from property ID 650 (farm) to property ID 1188 (farm)
26,663,264,DAY 27/11/2024 - moved 5 animals from property ID 663 (farm) to property ID 264 (feedlot)
26,670,867,DAY 27/11/2024 - moved 1 animals from property ID 670 (farm) to property ID 867 (feedlot)
26,681,189,DAY 27/11/2024 - moved 7 animals from property ID 681 (farm) to property ID 189 (saleyard)
26,682,1859,DAY 27/11/2024 - moved 23 animals from property ID 682 (farm) to property ID 1859 (farm)
26,696,867,DAY 27/11/2024 - moved 15 animals from property ID 696 (farm) to property ID 867 (feedlot)
26,700,1109,DAY 27/11/2024 - moved 7 animals from property ID 700 (trader) to property ID 1109 (feedlot)
26,700,1449,DAY 27/11/2024 - moved 8 animals from property ID 700 (trader) to property ID 1449 (farm)
26,702,458,DAY 27/11/2024 - moved 18 animals from property ID 702 (farm) to property ID 458 (abbattoir)
26,712,1479,DAY 27/11/2024 - moved 5 animals from property ID 712 (farm) to property ID 1479 (trader)
26,713,1146,DAY 27/11/2024 - moved 19 animals from property ID 713 (farm) to property ID 1146 (farm)
26,720,1662,DAY 27/11/2024 - moved 16 animals from property ID 720 (farm) to property ID 1662 (feedlot)
26,725,904,DAY 27/11/2024 - moved 2 animals from property ID 725 (farm) to property ID 904 (trader)
26,773,646,DAY 27/11/2024 - moved 2 animals from property ID 773 (farm) to property ID 646 (farm)
26,776,370,DAY 27/11/2024 - moved 38 animals from property ID 776 (trader) to property ID 370 (farm)
26,782,1885,DAY 27/11/2024 - moved 34 animals from property ID 782 (trader) to property ID 1885 (farm)
26,782,115,DAY 27/11/2024 - moved 34 animals from property ID 782 (trader) to property ID 115 (farm)
26,788,188,DAY 27/11/2024 - moved 4 animals from property ID 788 (farm) to property ID 188 (feedlot)
26,792,1487,DAY 27/11/2024 - moved 49 animals from property ID 792 (farm) to property ID 1487 (feedlot)
26,810,1657,DAY 27/11/2024 - moved 7 animals from property ID 810 (farm) to property ID 1657 (farm)
26,812,833,DAY 27/11/2024 - moved 6 animals from property ID 812 (farm) to property ID 833 (farm)
26,813,738,DAY 27/11/2024 - moved 4 animals from property ID 813 (farm) to property ID 738 (farm)
26,835,428,DAY 27/11/2024 - moved 16 animals from property ID 835 (farm) to property ID 428 (farm)
26,841,81,DAY 27/11/2024 - moved 2 animals from property ID 841 (farm) to property ID 81 (farm)
26,848,680,DAY 27/11/2024 - moved 28 animals from property ID 848 (farm) to property ID 680 (farm)
26,853,737,DAY 27/11/2024 - moved 1 animals from property ID 853 (farm) to property ID 737 (farm)
26,864,782,DAY 27/11/2024 - moved 12 animals from property ID 864 (farm) to property ID 782 (trader)
26,870,1110,DAY 27/11/2024 - moved 6 animals from property ID 870 (farm) to property ID 1110 (feedlot)
26,871,189,DAY 27/11/2024 - moved 1 animals from property ID 871 (farm) to property ID 189 (saleyard)
26,902,964,DAY 27/11/2024 - moved 6 animals from property ID 902 (farm) to property ID 964 (feedlot)
26,904,201,DAY 27/11/2024 - moved 5 animals from property ID 904 (trader) to property ID 201 (farm)
26,904,264,DAY 27/11/2024 - moved 5 animals from property ID 904 (trader) to property ID 264 (feedlot)
26,904,264,DAY 27/11/2024 - moved 5 animals from property ID 904 (trader) to property ID 264 (feedlot)
26,908,1898,DAY 27/11/2024 - moved 54 animals from property ID 908 (saleyard) to property ID 1898 (saleyard)
26,923,1635,DAY 27/11/2024 - moved 10 animals from property ID 923 (farm) to property ID 1635 (feedlot)
26,945,1827,DAY 27/11/2024 - moved 1 animals from property ID 945 (farm) to property ID 1827 (farm)
26,952,758,DAY 27/11/2024 - moved 6 animals from property ID 952 (farm) to property ID 758 (feedlot)
26,954,1662,DAY 27/11/2024 - moved 9 animals from property ID 954 (farm) to property ID 1662 (feedlot)
26,955,782,DAY 27/11/2024 - moved 9 animals from property ID 955 (farm) to property ID 782 (trader)
26,956,524,DAY 27/11/2024 - moved 5 animals from property ID 956 (farm) to property ID 524 (feedlot)
26,982,1898,DAY 27/11/2024 - moved 10 animals from property ID 982 (farm) to property ID 1898 (saleyard)
26,992,1308,DAY 27/11/2024 - moved 2 animals from property ID 992 (farm) to property ID 1308 (farm)
26,1003,1019,DAY 27/11/2024 - moved 1 animals from property ID 1003 (farm) to property ID 1019 (farm)
26,1007,425,DAY 27/11/2024 - moved 9 animals from property ID 1007 (farm) to property ID 425 (feedlot)
26,1014,1033,DAY 27/11/2024 - moved 5 animals from property ID 1014 (farm) to property ID 1033 (farm)
26,1023,105,DAY 27/11/2024 - moved 7 animals from property ID 1023 (farm) to property ID 105 (farm)
26,1024,83,DAY 27/11/2024 - moved 13 animals from property ID 1024 (farm) to property ID 83 (farm)
26,1026,776,DAY 27/11/2024 - moved 1 animals from property ID 1026 (farm) to property ID 776 (trader)
26,1027,586,DAY 27/11/2024 - moved 1 animals from property ID 1027 (farm) to property ID 586 (farm)
26,1036,196,DAY 27/11/2024 - moved 1 animals from property ID 1036 (farm) to property ID 196 (farm)
26,1038,1662,DAY 27/11/2024 - moved 26 animals from property ID 1038 (farm) to property ID 1662 (feedlot)
26,1056,908,DAY 27/11/2024 - moved 4 animals from property ID 1056 (farm) to property ID 908 (saleyard)
26,1062,967,DAY 27/11/2024 - moved 2 animals from property ID 1062 (farm) to property ID 967 (farm)
26,1103,1170,DAY 27/11/2024 - moved 2 animals from property ID 1103 (farm) to property ID 1170 (farm)
26,1104,1253,DAY 27/11/2024 - moved 19 animals from property ID 1104 (farm) to property ID 1253 (feedlot)
26,1105,1823,DAY 27/11/2024 - moved 8 animals from property ID 1105 (farm) to property ID 1823 (trader)
26,1160,1823,DAY 27/11/2024 - moved 7 animals from property ID 1160 (farm) to property ID 1823 (trader)
26,1166,1635,DAY 27/11/2024 - moved 20 animals from property ID 1166 (farm) to property ID 1635 (feedlot)
26,1169,1907,DAY 27/11/2024 - moved 4 animals from property ID 1169 (farm) to property ID 1907 (feedlot)
26,1176,38,DAY 27/11/2024 - moved 4 animals from property ID 1176 (farm) to property ID 38 (farm)
26,1198,908,DAY 27/11/2024 - moved 4 animals from property ID 1198 (farm) to property ID 908 (saleyard)
26,1200,429,DAY 27/11/2024 - moved 24 animals from property ID 1200 (farm) to property ID 429 (feedlot)
26,1203,1145,DAY 27/11/2024 - moved 16 animals from property ID 1203 (farm) to property ID 1145 (farm)
26,1216,1010,DAY 27/11/2024 - moved 6 animals from property ID 1216 (farm) to property ID 1010 (farm)
26,1219,1301,DAY 27/11/2024 - moved 15 animals from property ID 1219 (farm) to property ID 1301 (saleyard)
26,1222,585,DAY 27/11/2024 - moved 16 animals from property ID 1222 (farm) to property ID 585 (farm)
26,1230,753,DAY 27/11/2024 - moved 1 animals from property ID 1230 (farm) to property ID 753 (farm)
26,1234,758,DAY 27/11/2024 - moved 24 animals from property ID 1234 (farm) to property ID 758 (feedlot)
26,1268,444,DAY 27/11/2024 - moved 6 animals from property ID 1268 (farm) to property ID 444 (farm)
26,1277,1898,DAY 27/11/2024 - moved 12 animals from property ID 1277 (farm) to property ID 1898 (saleyard)
26,1290,1823,DAY 27/11/2024 - moved 6 animals from property ID 1290 (farm) to property ID 1823 (trader)
26,1298,462,DAY 27/11/2024 - moved 6 animals from property ID 1298 (farm) to property ID 462 (farm)
26,1318,1273,DAY 27/11/2024 - moved 2 animals from property ID 1318 (farm) to property ID 1273 (trader)
26,1333,867,DAY 27/11/2024 - moved 4 animals from property ID 1333 (farm) to property ID 867 (feedlot)
26,1342,425,DAY 27/11/2024 - moved 26 animals from property ID 1342 (farm) to property ID 425 (feedlot)
26,1359,776,DAY 27/11/2024 - moved 1 animals from property ID 1359 (farm) to property ID 776 (trader)
26,1369,1301,DAY 27/11/2024 - moved 15 animals from property ID 1369 (farm) to property ID 1301 (saleyard)
26,1374,1223,DAY 27/11/2024 - moved 3 animals from property ID 1374 (farm) to property ID 1223 (farm)
26,1388,92,DAY 27/11/2024 - moved 16 animals from property ID 1388 (farm) to property ID 92 (trader)
26,1389,1892,DAY 27/11/2024 - moved 8 animals from property ID 1389 (farm) to property ID 1892 (farm)
26,1398,1025,DAY 27/11/2024 - moved 6 animals from property ID 1398 (farm) to property ID 1025 (farm)
26,1406,580,DAY 27/11/2024 - moved 8 animals from property ID 1406 (farm) to property ID 580 (farm)
26,1412,1537,DAY 27/11/2024 - moved 11 animals from property ID 1412 (farm) to property ID 1537 (farm)
26,1416,776,DAY 27/11/2024 - moved 4 animals from property ID 1416 (farm) to property ID 776 (trader)
26,1421,1823,DAY 27/11/2024 - moved 7 animals from property ID 1421 (farm) to property ID 1823 (trader)
26,1422,517,DAY 27/11/2024 - moved 7 animals from property ID 1422 (farm) to property ID 517 (farm)
26,1427,1109,DAY 27/11/2024 - moved 2 animals from property ID 1427 (farm) to property ID 1109 (feedlot)
26,1441,1479,DAY 27/11/2024 - moved 15 animals from property ID 1441 (farm) to property ID 1479 (trader)
26,1489,6,DAY 27/11/2024 - moved 7 animals from property ID 1489 (farm) to property ID 6 (stud farm)
26,1495,1343,DAY 27/11/2024 - moved 11 animals from property ID 1495 (farm) to property ID 1343 (farm)
26,1502,1823,DAY 27/11/2024 - moved 2 animals from property ID 1502 (farm) to property ID 1823 (trader)
26,1519,758,DAY 27/11/2024 - moved 1 animals from property ID 1519 (farm) to property ID 758 (feedlot)
26,1532,189,DAY 27/11/2024 - moved 2 animals from property ID 1532 (farm) to property ID 189 (saleyard)
26,1533,524,DAY 27/11/2024 - moved 3 animals from property ID 1533 (farm) to property ID 524 (feedlot)
26,1544,1426,DAY 27/11/2024 - moved 3 animals from property ID 1544 (farm) to property ID 1426 (farm)
26,1555,1147,DAY 27/11/2024 - moved 6 animals from property ID 1555 (farm) to property ID 1147 (farm)
26,1574,867,DAY 27/11/2024 - moved 9 animals from property ID 1574 (farm) to property ID 867 (feedlot)
26,1612,1273,DAY 27/11/2024 - moved 5 animals from property ID 1612 (farm) to property ID 1273 (trader)
26,1622,92,DAY 27/11/2024 - moved 6 animals from property ID 1622 (farm) to property ID 92 (trader)
26,1634,1907,DAY 27/11/2024 - moved 9 animals from property ID 1634 (farm) to property ID 1907 (feedlot)
26,1641,6,DAY 27/11/2024 - moved 4 animals from property ID 1641 (farm) to property ID 6 (stud farm)
26,1646,867,DAY 27/11/2024 - moved 7 animals from property ID 1646 (farm) to property ID 867 (feedlot)
26,1648,776,DAY 27/11/2024 - moved 1 animals from property ID 1648 (farm) to property ID 776 (trader)
26,1685,1718,DAY 27/11/2024 - moved 11 animals from property ID 1685 (farm) to property ID 1718 (farm)
26,1691,166,DAY 27/11/2024 - moved 3 animals from property ID 1691 (farm) to property ID 166 (farm)
26,1695,1273,DAY 27/11/2024 - moved 2 animals from property ID 1695 (farm) to property ID 1273 (trader)
26,1700,1284,DAY 27/11/2024 - moved 4 animals from property ID 1700 (farm) to property ID 1284 (farm)
26,1719,607,DAY 27/11/2024 - moved 4 animals from property ID 1719 (farm) to property ID 607 (farm)
26,1736,724,DAY 27/11/2024 - moved 10 animals from property ID 1736 (farm) to property ID 724 (farm)
26,1806,1479,DAY 27/11/2024 - moved 8 animals from property ID 1806 (farm) to property ID 1479 (trader)
26,1815,1273,DAY 27/11/2024 - moved 15 animals from property ID 1815 (farm) to property ID 1273 (trader)
26,1823,1173,DAY 27/11/2024 - moved 15 animals from property ID 1823 (trader) to property ID 1173 (farm)
26,1823,867,DAY 27/11/2024 - moved 15 animals from property ID 1823 (trader) to property ID 867 (feedlot)
26,1861,438,DAY 27/11/2024 - moved 4 animals from property ID 1861 (farm) to property ID 438 (farm)
26,1864,1725,DAY 27/11/2024 - moved 1 animals from property ID 1864 (farm) to property ID 1725 (farm)
26,1893,705,DAY 27/11/2024 - moved 3 animals from property ID 1893 (farm) to property ID 705 (farm)
26,1898,292,DAY 27/11/2024 - moved 12 animals from property ID 1898 (saleyard) to property ID 292 (farm)
26,1898,1379,DAY 27/11/2024 - moved 12 animals from property ID 1898 (saleyard) to property ID 1379 (feedlot)
26,1898,908,DAY 27/11/2024 - moved 12 animals from property ID 1898 (saleyard) to property ID 908 (saleyard)
26,1898,485,DAY 27/11/2024 - moved 12 animals from property ID 1898 (saleyard) to property ID 485 (farm)
26,1922,700,DAY 27/11/2024 - moved 4 animals from property ID 1922 (farm) to property ID 700 (trader)
26,1927,92,DAY 27/11/2024 - moved 7 animals from property ID 1927 (farm) to property ID 92 (trader)
26,1933,458,DAY 27/11/2024 - moved 20 animals from property ID 1933 (farm) to property ID 458 (abbattoir)
26,1953,39,DAY 27/11/2024 - moved 6 animals from property ID 1953 (farm) to property ID 39 (farm)
26,1954,776,DAY 27/11/2024 - moved 1 animals from property ID 1954 (farm) to property ID 776 (trader)
26,1962,908,DAY 27/11/2024 - moved 6 animals from property ID 1962 (farm) to property ID 908 (saleyard)
26,1998,189,DAY 27/11/2024 - moved 9 animals from property ID 1998 (farm) to property ID 189 (saleyard)
27,40,1275,DAY 28/11/2024 - moved 3 animals from property ID 40 (farm) to property ID 1275 (farm)
27,50,1662,DAY 28/11/2024 - moved 4 animals from property ID 50 (farm) to property ID 1662 (feedlot)
27,77,1110,DAY 28/11/2024 - moved 8 animals from property ID 77 (farm) to property ID 1110 (feedlot)
27,92,866,DAY 28/11/2024 - moved 17 animals from property ID 92 (trader) to property ID 866 (feedlot)
27,92,1666,DAY 28/11/2024 - moved 17 animals from property ID 92 (trader) to property ID 1666 (feedlot)
27,100,1301,DAY 28/11/2024 - moved 7 animals from property ID 100 (farm) to property ID 1301 (saleyard)
27,103,745,DAY 28/11/2024 - moved 5 animals from property ID 103 (farm) to property ID 745 (farm)
27,104,782,DAY 28/11/2024 - moved 5 animals from property ID 104 (farm) to property ID 782 (trader)
27,105,445,DAY 28/11/2024 - moved 13 animals from property ID 105 (farm) to property ID 445 (farm)
27,115,908,DAY 28/11/2024 - moved 6 animals from property ID 115 (farm) to property ID 908 (saleyard)
27,125,353,DAY 28/11/2024 - moved 8 animals from property ID 125 (farm) to property ID 353 (farm)
27,126,425,DAY 28/11/2024 - moved 4 animals from property ID 126 (farm) to property ID 425 (feedlot)
27,155,1253,DAY 28/11/2024 - moved 1 animals from property ID 155 (farm) to property ID 1253 (feedlot)
27,167,776,DAY 28/11/2024 - moved 13 animals from property ID 167 (farm) to property ID 776 (trader)
27,169,908,DAY 28/11/2024 - moved 1 animals from property ID 169 (farm) to property ID 908 (saleyard)
27,173,1031,DAY 28/11/2024 - moved 3 animals from property ID 173 (farm) to property ID 1031 (farm)
27,179,320,DAY 28/11/2024 - moved 7 animals from property ID 179 (farm) to property ID 320 (farm)
27,189,1228,DAY 28/11/2024 - moved 11 animals from property ID 189 (saleyard) to property ID 1228 (farm)
27,189,1245,DAY 28/11/2024 - moved 11 animals from property ID 189 (saleyard) to property ID 1245 (farm)
27,189,1109,DAY 28/11/2024 - moved 10 animals from property ID 189 (saleyard) to property ID 1109 (feedlot)
27,189,642,DAY 28/11/2024 - moved 10 animals from property ID 189 (saleyard) to property ID 642 (farm)
27,217,1898,DAY 28/11/2024 - moved 9 animals from property ID 217 (farm) to property ID 1898 (saleyard)
27,230,1110,DAY 28/11/2024 - moved 2 animals from property ID 230 (farm) to property ID 1110 (feedlot)
27,236,1261,DAY 28/11/2024 - moved 3 animals from property ID 236 (farm) to property ID 1261 (farm)
27,245,1863,DAY 28/11/2024 - moved 8 animals from property ID 245 (farm) to property ID 1863 (farm)
27,259,287,DAY 28/11/2024 - moved 9 animals from property ID 259 (farm) to property ID 287 (farm)
27,266,1285,DAY 28/11/2024 - moved 3 animals from property ID 266 (farm) to property ID 1285 (farm)
27,276,1301,DAY 28/11/2024 - moved 3 animals from property ID 276 (farm) to property ID 1301 (saleyard)
27,285,1848,DAY 28/11/2024 - moved 83 animals from property ID 285 (farm) to property ID 1848 (farm)
27,291,1768,DAY 28/11/2024 - moved 7 animals from property ID 291 (farm) to property ID 1768 (feedlot)
27,311,415,DAY 28/11/2024 - moved 2 animals from property ID 311 (farm) to property ID 415 (trader)
27,318,1768,DAY 28/11/2024 - moved 2 animals from property ID 318 (farm) to property ID 1768 (feedlot)
27,330,908,DAY 28/11/2024 - moved 3 animals from property ID 330 (farm) to property ID 908 (saleyard)
27,337,1898,DAY 28/11/2024 - moved 9 animals from property ID 337 (farm) to property ID 1898 (saleyard)
27,344,106,DAY 28/11/2024 - moved 9 animals from property ID 344 (farm) to property ID 106 (farm)
27,347,533,DAY 28/11/2024 - moved 3 animals from property ID 347 (farm) to property ID 533 (farm)
27,350,1898,DAY 28/11/2024 - moved 2 animals from property ID 350 (farm) to property ID 1898 (saleyard)
27,365,782,DAY 28/11/2024 - moved 10 animals from property ID 365 (farm) to property ID 782 (trader)
27,387,866,DAY 28/11/2024 - moved 6 animals from property ID 387 (farm) to property ID 866 (feedlot)
27,401,1898,DAY 28/11/2024 - moved 2 animals from property ID 401 (farm) to property ID 1898 (saleyard)
27,415,12,DAY 28/11/2024 - moved 9 animals from property ID 415 (trader) to property ID 12 (farm)
27,416,776,DAY 28/11/2024 - moved 5 animals from property ID 416 (farm) to property ID 776 (trader)
27,428,541,DAY 28/11/2024 - moved 4 animals from property ID 428 (farm) to property ID 541 (farm)
27,433,758,DAY 28/11/2024 - moved 5 animals from property ID 433 (farm) to property ID 758 (feedlot)
27,457,1823,DAY 28/11/2024 - moved 3 animals from property ID 457 (farm) to property ID 1823 (trader)
27,480,1898,DAY 28/11/2024 - moved 22 animals from property ID 480 (farm) to property ID 1898 (saleyard)
27,492,1759,DAY 28/11/2024 - moved 6 animals from property ID 492 (farm) to property ID 1759 (farm)
27,494,189,DAY 28/11/2024 - moved 7 animals from property ID 494 (farm) to property ID 189 (saleyard)
27,496,1907,DAY 28/11/2024 - moved 5 animals from property ID 496 (farm) to property ID 1907 (feedlot)
27,504,1768,DAY 28/11/2024 - moved 2 animals from property ID 504 (farm) to property ID 1768 (feedlot)
27,506,904,DAY 28/11/2024 - moved 1 animals from property ID 506 (farm) to property ID 904 (trader)
27,510,264,DAY 28/11/2024 - moved 2 animals from property ID 510 (farm) to property ID 264 (feedlot)
27,512,700,DAY 28/11/2024 - moved 5 animals from property ID 512 (farm) to property ID 700 (trader)
27,520,1336,DAY 28/11/2024 - moved 6 animals from property ID 520 (farm) to property ID 1336 (farm)
27,527,904,DAY 28/11/2024 - moved 3 animals from property ID 527 (farm) to property ID 904 (trader)
27,532,1301,DAY 28/11/2024 - moved 16 animals from property ID 532 (farm) to property ID 1301 (saleyard)
27,536,458,DAY 28/11/2024 - moved 30 animals from property ID 536 (farm) to property ID 458 (abbattoir)
27,540,1109,DAY 28/11/2024 - moved 9 animals from property ID 540 (farm) to property ID 1109 (feedlot)
27,552,189,DAY 28/11/2024 - moved 2 animals from property ID 552 (farm) to property ID 189 (saleyard)
27,566,1224,DAY 28/11/2024 - moved 1 animals from property ID 566 (farm) to property ID 1224 (farm)
27,575,50,DAY 28/11/2024 - moved 9 animals from property ID 575 (farm) to property ID 50 (farm)
27,607,908,DAY 28/11/2024 - moved 2 animals from property ID 607 (farm) to property ID 908 (saleyard)
27,617,1898,DAY 28/11/2024 - moved 6 animals from property ID 617 (farm) to property ID 1898 (saleyard)
27,622,417,DAY 28/11/2024 - moved 16 animals from property ID 622 (farm) to property ID 417 (farm)
27,627,1700,DAY 28/11/2024 - moved 8 animals from property ID 627 (farm) to property ID 1700 (farm)
27,643,1898,DAY 28/11/2024 - moved 14 animals from property ID 643 (farm) to property ID 1898 (saleyard)
27,666,858,DAY 28/11/2024 - moved 23 animals from property ID 666 (farm) to property ID 858 (farm)
27,699,1179,DAY 28/11/2024 - moved 11 animals from property ID 699 (farm) to property ID 1179 (farm)
27,700,725,DAY 28/11/2024 - moved 7 animals from property ID 700 (trader) to property ID 725 (farm)
27,700,243,DAY 28/11/2024 - moved 7 animals from property ID 700 (trader) to property ID 243 (farm)
27,716,1400,DAY 28/11/2024 - moved 6 animals from property ID 716 (farm) to property ID 1400 (farm)
27,730,1216,DAY 28/11/2024 - moved 18 animals from property ID 730 (farm) to property ID 1216 (farm)
27,748,189,DAY 28/11/2024 - moved 2 animals from property ID 748 (farm) to property ID 189 (saleyard)
27,765,904,DAY 28/11/2024 - moved 6 animals from property ID 765 (farm) to property ID 904 (trader)
27,776,1404,DAY 28/11/2024 - moved 12 animals from property ID 776 (trader) to property ID 1404 (farm)
27,776,1253,DAY 28/11/2024 - moved 11 animals from property ID 776 (trader) to property ID 1253 (feedlot)
27,776,6,DAY 28/11/2024 - moved 11 animals from property ID 776 (trader) to property ID 6 (stud farm)
27,782,447,DAY 28/11/2024 - moved 65 animals from property ID 782 (trader) to property ID 447 (farm)
27,791,1656,DAY 28/11/2024 - moved 16 animals from property ID 791 (farm) to property ID 1656 (farm)
27,838,208,DAY 28/11/2024 - moved 6 animals from property ID 838 (farm) to property ID 208 (farm)
27,842,171,DAY 28/11/2024 - moved 5 animals from property ID 842 (farm) to property ID 171 (farm)
27,852,81,DAY 28/11/2024 - moved 16 animals from property ID 852 (farm) to property ID 81 (farm)
27,873,904,DAY 28/11/2024 - moved 19 animals from property ID 873 (farm) to property ID 904 (trader)
27,874,524,DAY 28/11/2024 - moved 8 animals from property ID 874 (farm) to property ID 524 (feedlot)
27,891,1119,DAY 28/11/2024 - moved 11 animals from property ID 891 (farm) to property ID 1119 (trader)
27,904,264,DAY 28/11/2024 - moved 12 animals from property ID 904 (trader) to property ID 264 (feedlot)
27,912,1273,DAY 28/11/2024 - moved 22 animals from property ID 912 (farm) to property ID 1273 (trader)
27,916,1068,DAY 28/11/2024 - moved 4 animals from property ID 916 (farm) to property ID 1068 (farm)
27,933,904,DAY 28/11/2024 - moved 8 animals from property ID 933 (farm) to property ID 904 (trader)
27,941,1214,DAY 28/11/2024 - moved 1 animals from property ID 941 (farm) to property ID 1214 (farm)
27,948,1662,DAY 28/11/2024 - moved 3 animals from property ID 948 (farm) to property ID 1662 (feedlot)
27,959,908,DAY 28/11/2024 - moved 3 animals from property ID 959 (farm) to property ID 908 (saleyard)
27,981,189,DAY 28/11/2024 - moved 13 animals from property ID 981 (farm) to property ID 189 (saleyard)
27,983,1825,DAY 28/11/2024 - moved 3 animals from property ID 983 (farm) to property ID 1825 (farm)
27,986,964,DAY 28/11/2024 - moved 4 animals from property ID 986 (farm) to property ID 964 (feedlot)
27,1004,776,DAY 28/11/2024 - moved 3 animals from property ID 1004 (farm) to property ID 776 (trader)
27,1018,1150,DAY 28/11/2024 - moved 1 animals from property ID 1018 (farm) to property ID 1150 (farm)
27,1044,272,DAY 28/11/2024 - moved 9 animals from property ID 1044 (farm) to property ID 272 (farm)
27,1058,189,DAY 28/11/2024 - moved 4 animals from property ID 1058 (farm) to property ID 189 (saleyard)
27,1092,1278,DAY 28/11/2024 - moved 17 animals from property ID 1092 (farm) to property ID 1278 (farm)
27,1094,1119,DAY 28/11/2024 - moved 1 animals from property ID 1094 (farm) to property ID 1119 (trader)
27,1101,1898,DAY 28/11/2024 - moved 5 animals from property ID 1101 (farm) to property ID 1898 (saleyard)
27,1106,264,DAY 28/11/2024 - moved 1 animals from property ID 1106 (farm) to property ID 264 (feedlot)
27,1119,1301,DAY 28/11/2024 - moved 11 animals from property ID 1119 (trader) to property ID 1301 (saleyard)
27,1133,1666,DAY 28/11/2024 - moved 2 animals from property ID 1133 (farm) to property ID 1666 (feedlot)
27,1139,1064,DAY 28/11/2024 - moved 20 animals from property ID 1139 (farm) to property ID 1064 (farm)
27,1141,1273,DAY 28/11/2024 - moved 2 animals from property ID 1141 (farm) to property ID 1273 (trader)
27,1144,1479,DAY 28/11/2024 - moved 19 animals from property ID 1144 (farm) to property ID 1479 (trader)
27,1180,544,DAY 28/11/2024 - moved 3 animals from property ID 1180 (farm) to property ID 544 (farm)
27,1184,189,DAY 28/11/2024 - moved 10 animals from property ID 1184 (farm) to property ID 189 (saleyard)
27,1185,1666,DAY 28/11/2024 - moved 10 animals from property ID 1185 (farm) to property ID 1666 (feedlot)
27,1223,92,DAY 28/11/2024 - moved 5 animals from property ID 1223 (farm) to property ID 92 (trader)
27,1224,866,DAY 28/11/2024 - moved 13 animals from property ID 1224 (farm) to property ID 866 (feedlot)
27,1233,1462,DAY 28/11/2024 - moved 2 animals from property ID 1233 (farm) to property ID 1462 (farm)
27,1235,1273,DAY 28/11/2024 - moved 4 animals from property ID 1235 (farm) to property ID 1273 (trader)
27,1237,908,DAY 28/11/2024 - moved 2 animals from property ID 1237 (farm) to property ID 908 (saleyard)
27,1257,429,DAY 28/11/2024 - moved 17 animals from property ID 1257 (farm) to property ID 429 (feedlot)
27,1267,1107,DAY 28/11/2024 - moved 1 animals from property ID 1267 (farm) to property ID 1107 (farm)
27,1273,418,DAY 28/11/2024 - moved 12 animals from property ID 1273 (trader) to property ID 418 (farm)
27,1273,230,DAY 28/11/2024 - moved 12 animals from property ID 1273 (trader) to property ID 230 (farm)
27,1273,113,DAY 28/11/2024 - moved 12 animals from property ID 1273 (trader) to property ID 113 (farm)
27,1275,908,DAY 28/11/2024 - moved 1 animals from property ID 1275 (farm) to property ID 908 (saleyard)
27,1282,535,DAY 28/11/2024 - moved 6 animals from property ID 1282 (farm) to property ID 535 (farm)
27,1301,441,DAY 28/11/2024 - moved 47 animals from property ID 1301 (saleyard) to property ID 441 (farm)
27,1305,1301,DAY 28/11/2024 - moved 2 animals from property ID 1305 (farm) to property ID 1301 (saleyard)
27,1307,1823,DAY 28/11/2024 - moved 17 animals from property ID 1307 (farm) to property ID 1823 (trader)
27,1327,405,DAY 28/11/2024 - moved 3 animals from property ID 1327 (farm) to property ID 405 (farm)
27,1337,524,DAY 28/11/2024 - moved 4 animals from property ID 1337 (farm) to property ID 524 (feedlot)
27,1362,1823,DAY 28/11/2024 - moved 7 animals from property ID 1362 (farm) to property ID 1823 (trader)
27,1401,1635,DAY 28/11/2024 - moved 4 animals from property ID 1401 (farm) to property ID 1635 (feedlot)
27,1426,867,DAY 28/11/2024 - moved 9 animals from property ID 1426 (farm) to property ID 867 (feedlot)
27,1435,88,DAY 28/11/2024 - moved 8 animals from property ID 1435 (farm) to property ID 88 (farm)
27,1439,908,DAY 28/11/2024 - moved 2 animals from property ID 1439 (farm) to property ID 908 (saleyard)
27,1453,189,DAY 28/11/2024 - moved 31 animals from property ID 1453 (farm) to property ID 189 (saleyard)
27,1454,1592,DAY 28/11/2024 - moved 31 animals from property ID 1454 (farm) to property ID 1592 (farm)
27,1456,1479,DAY 28/11/2024 - moved 7 animals from property ID 1456 (farm) to property ID 1479 (trader)
27,1459,900,DAY 28/11/2024 - moved 3 animals from property ID 1459 (farm) to property ID 900 (farm)
27,1479,758,DAY 28/11/2024 - moved 80 animals from property ID 1479 (trader) to property ID 758 (feedlot)
27,1485,782,DAY 28/11/2024 - moved 8 animals from property ID 1485 (farm) to property ID 782 (trader)
27,1510,1112,DAY 28/11/2024 - moved 19 animals from property ID 1510 (farm) to property ID 1112 (farm)
27,1518,1464,DAY 28/11/2024 - moved 3 animals from property ID 1518 (farm) to property ID 1464 (farm)
27,1545,377,DAY 28/11/2024 - moved 4 animals from property ID 1545 (farm) to property ID 377 (farm)
27,1546,189,DAY 28/11/2024 - moved 7 animals from property ID 1546 (farm) to property ID 189 (saleyard)
27,1559,92,DAY 28/11/2024 - moved 7 animals from property ID 1559 (farm) to property ID 92 (trader)
27,1588,264,DAY 28/11/2024 - moved 2 animals from property ID 1588 (farm) to property ID 264 (feedlot)
27,1599,92,DAY 28/11/2024 - moved 7 animals from property ID 1599 (farm) to property ID 92 (trader)
27,1606,1635,DAY 28/11/2024 - moved 2 animals from property ID 1606 (farm) to property ID 1635 (feedlot)
27,1628,1479,DAY 28/11/2024 - moved 3 animals from property ID 1628 (farm) to property ID 1479 (trader)
27,1630,1635,DAY 28/11/2024 - moved 12 animals from property ID 1630 (farm) to property ID 1635 (feedlot)
27,1653,1898,DAY 28/11/2024 - moved 6 animals from property ID 1653 (farm) to property ID 1898 (saleyard)
27,1699,1479,DAY 28/11/2024 - moved 7 animals from property ID 1699 (farm) to property ID 1479 (trader)
27,1705,1119,DAY 28/11/2024 - moved 3 animals from property ID 1705 (farm) to property ID 1119 (trader)
27,1712,1014,DAY 28/11/2024 - moved 4 animals from property ID 1712 (farm) to property ID 1014 (farm)
27,1724,1635,DAY 28/11/2024 - moved 3 animals from property ID 1724 (farm) to property ID 1635 (feedlot)
27,1725,1666,DAY 28/11/2024 - moved 2 animals from property ID 1725 (farm) to property ID 1666 (feedlot)
27,1735,1536,DAY 28/11/2024 - moved 4 animals from property ID 1735 (farm) to property ID 1536 (feedlot)
27,1738,1284,DAY 28/11/2024 - moved 9 animals from property ID 1738 (farm) to property ID 1284 (farm)
27,1740,590,DAY 28/11/2024 - moved 10 animals from property ID 1740 (farm) to property ID 590 (farm)
27,1778,1109,DAY 28/11/2024 - moved 2 animals from property ID 1778 (farm) to property ID 1109 (feedlot)
27,1780,554,DAY 28/11/2024 - moved 2 animals from property ID 1780 (farm) to property ID 554 (farm)
27,1781,1588,DAY 28/11/2024 - moved 9 animals from property ID 1781 (farm) to property ID 1588 (farm)
27,1790,867,DAY 28/11/2024 - moved 2 animals from property ID 1790 (farm) to property ID 867 (feedlot)
27,1791,908,DAY 28/11/2024 - moved 4 animals from property ID 1791 (farm) to property ID 908 (saleyard)
27,1797,867,DAY 28/11/2024 - moved 6 animals from property ID 1797 (farm) to property ID 867 (feedlot)
27,1800,782,DAY 28/11/2024 - moved 32 animals from property ID 1800 (farm) to property ID 782 (trader)
27,1803,1907,DAY 28/11/2024 - moved 26 animals from property ID 1803 (farm) to property ID 1907 (feedlot)
27,1835,758,DAY 28/11/2024 - moved 9 animals from property ID 1835 (farm) to property ID 758 (feedlot)
27,1839,137,DAY 28/11/2024 - moved 15 animals from property ID 1839 (farm) to property ID 137 (farm)
27,1846,776,DAY 28/11/2024 - moved 1 animals from property ID 1846 (farm) to property ID 776 (trader)
27,1862,425,DAY 28/11/2024 - moved 2 animals from property ID 1862 (farm) to property ID 425 (feedlot)
27,1871,758,DAY 28/11/2024 - moved 7 animals from property ID 1871 (farm) to property ID 758 (feedlot)
27,1875,1956,DAY 28/11/2024 - moved 28 animals from property ID 1875 (farm) to property ID 1956 (farm)
27,1887,979,DAY 28/11/2024 - moved 1 animals from property ID 1887 (farm) to property ID 979 (farm)
27,1898,948,DAY 28/11/2024 - moved 53 animals from property ID 1898 (saleyard) to property ID 948 (farm)
27,1903,0,DAY 28/11/2024 - moved 9 animals from property ID 1903 (farm) to property ID 0 (farm)
27,1913,1339,DAY 28/11/2024 - moved 3 animals from property ID 1913 (farm) to property ID 1339 (farm)
27,1915,209,DAY 28/11/2024 - moved 3 animals from property ID 1915 (farm) to property ID 209 (farm)
27,1917,782,DAY 28/11/2024 - moved 3 animals from property ID 1917 (farm) to property ID 782 (trader)
27,1931,92,DAY 28/11/2024 - moved 6 animals from property ID 1931 (farm) to property ID 92 (trader)
27,1943,1487,DAY 28/11/2024 - moved 6 animals from property ID 1943 (farm) to property ID 1487 (feedlot)
27,1952,1273,DAY 28/11/2024 - moved 1 animals from property ID 1952 (farm) to property ID 1273 (trader)
27,1986,1907,DAY 28/11/2024 - moved 9 animals from property ID 1986 (farm) to property ID 1907 (feedlot)
28,0,1291,DAY 29/11/2024 - moved 31 animals from property ID 0 (farm) to property ID 1291 (farm)
28,34,782,DAY 29/11/2024 - moved 10 animals from property ID 34 (farm) to property ID 782 (trader)
28,62,415,DAY 29/11/2024 - moved 7 animals from property ID 62 (farm) to property ID 415 (trader)
28,71,6,DAY 29/11/2024 - moved 1 animals from property ID 71 (farm) to property ID 6 (stud farm)
28,79,458,DAY 29/11/2024 - moved 12 animals from property ID 79 (farm) to property ID 458 (abbattoir)
28,92,364,DAY 29/11/2024 - moved 11 animals from property ID 92 (trader) to property ID 364 (farm)
28,92,300,DAY 29/11/2024 - moved 11 animals from property ID 92 (trader) to property ID 300 (farm)
28,92,866,DAY 29/11/2024 - moved 11 animals from property ID 92 (trader) to property ID 866 (feedlot)
28,94,1273,DAY 29/11/2024 - moved 7 animals from property ID 94 (farm) to property ID 1273 (trader)
28,114,415,DAY 29/11/2024 - moved 6 animals from property ID 114 (farm) to property ID 415 (trader)
28,116,734,DAY 29/11/2024 - moved 5 animals from property ID 116 (farm) to property ID 734 (farm)
28,119,1883,DAY 29/11/2024 - moved 6 animals from property ID 119 (farm) to property ID 1883 (farm)
28,132,867,DAY 29/11/2024 - moved 5 animals from property ID 132 (farm) to property ID 867 (feedlot)
28,143,513,DAY 29/11/2024 - moved 1 animals from property ID 143 (farm) to property ID 513 (farm)
28,152,1479,DAY 29/11/2024 - moved 6 animals from property ID 152 (farm) to property ID 1479 (trader)
28,178,1273,DAY 29/11/2024 - moved 3 animals from property ID 178 (farm) to property ID 1273 (trader)
28,183,1493,DAY 29/11/2024 - moved 2 animals from property ID 183 (farm) to property ID 1493 (farm)
28,189,1337,DAY 29/11/2024 - moved 17 animals from property ID 189 (saleyard) to property ID 1337 (farm)
28,189,642,DAY 29/11/2024 - moved 16 animals from property ID 189 (saleyard) to property ID 642 (farm)
28,189,1189,DAY 29/11/2024 - moved 16 animals from property ID 189 (saleyard) to property ID 1189 (farm)
28,195,59,DAY 29/11/2024 - moved 13 animals from property ID 195 (farm) to property ID 59 (farm)
28,199,1438,DAY 29/11/2024 - moved 14 animals from property ID 199 (farm) to property ID 1438 (farm)
28,206,1768,DAY 29/11/2024 - moved 7 animals from property ID 206 (farm) to property ID 1768 (feedlot)
28,221,966,DAY 29/11/2024 - moved 1 animals from property ID 221 (farm) to property ID 966 (farm)
28,232,1291,DAY 29/11/2024 - moved 5 animals from property ID 232 (farm) to property ID 1291 (farm)
28,248,1529,DAY 29/11/2024 - moved 4 animals from property ID 248 (farm) to property ID 1529 (farm)
28,251,458,DAY 29/11/2024 - moved 4 animals from property ID 251 (farm) to property ID 458 (abbattoir)
28,252,1898,DAY 29/11/2024 - moved 1 animals from property ID 252 (farm) to property ID 1898 (saleyard)
28,254,810,DAY 29/11/2024 - moved 1 animals from property ID 254 (farm) to property ID 810 (farm)
28,269,939,DAY 29/11/2024 - moved 1 animals from property ID 269 (farm) to property ID 939 (farm)
28,272,908,DAY 29/11/2024 - moved 3 animals from property ID 272 (farm) to property ID 908 (saleyard)
28,274,1469,DAY 29/11/2024 - moved 2 animals from property ID 274 (farm) to property ID 1469 (farm)
28,281,809,DAY 29/11/2024 - moved 1 animals from property ID 281 (farm) to property ID 809 (farm)
28,288,1110,DAY 29/11/2024 - moved 1 animals from property ID 288 (farm) to property ID 1110 (feedlot)
28,306,1301,DAY 29/11/2024 - moved 2 animals from property ID 306 (farm) to property ID 1301 (saleyard)
28,319,429,DAY 29/11/2024 - moved 25 animals from property ID 319 (farm) to property ID 429 (feedlot)
28,322,1044,DAY 29/11/2024 - moved 25 animals from property ID 322 (farm) to property ID 1044 (farm)
28,362,1579,DAY 29/11/2024 - moved 1 animals from property ID 362 (farm) to property ID 1579 (farm)
28,386,1504,DAY 29/11/2024 - moved 5 animals from property ID 386 (farm) to property ID 1504 (farm)
28,394,1823,DAY 29/11/2024 - moved 3 animals from property ID 394 (farm) to property ID 1823 (trader)
28,396,1763,DAY 29/11/2024 - moved 6 animals from property ID 396 (farm) to property ID 1763 (farm)
28,397,1907,DAY 29/11/2024 - moved 5 animals from property ID 397 (farm) to property ID 1907 (feedlot)
28,400,415,DAY 29/11/2024 - moved 10 animals from property ID 400 (farm) to property ID 415 (trader)
28,402,943,DAY 29/11/2024 - moved 3 animals from property ID 402 (farm) to property ID 943 (farm)
28,403,1657,DAY 29/11/2024 - moved 3 animals from property ID 403 (farm) to property ID 1657 (farm)
28,404,714,DAY 29/11/2024 - moved 26 animals from property ID 404 (farm) to property ID 714 (farm)
28,410,935,DAY 29/11/2024 - moved 15 animals from property ID 410 (farm) to property ID 935 (farm)
28,415,1899,DAY 29/11/2024 - moved 4 animals from property ID 415 (trader) to property ID 1899 (farm)
28,415,188,DAY 29/11/2024 - moved 4 animals from property ID 415 (trader) to property ID 188 (feedlot)
28,443,1599,DAY 29/11/2024 - moved 7 animals from property ID 443 (farm) to property ID 1599 (farm)
28,445,1662,DAY 29/11/2024 - moved 5 animals from property ID 445 (farm) to property ID 1662 (feedlot)
28,449,1301,DAY 29/11/2024 - moved 3 animals from property ID 449 (farm) to property ID 1301 (saleyard)
28,464,92,DAY 29/11/2024 - moved 6 animals from property ID 464 (farm) to property ID 92 (trader)
28,465,776,DAY 29/11/2024 - moved 1 animals from property ID 465 (farm) to property ID 776 (trader)
28,466,1907,DAY 29/11/2024 - moved 6 animals from property ID 466 (farm) to property ID 1907 (feedlot)
28,468,1273,DAY 29/11/2024 - moved 7 animals from property ID 468 (farm) to property ID 1273 (trader)
28,485,1898,DAY 29/11/2024 - moved 3 animals from property ID 485 (farm) to property ID 1898 (saleyard)
28,491,877,DAY 29/11/2024 - moved 43 animals from property ID 491 (farm) to property ID 877 (farm)
28,502,1093,DAY 29/11/2024 - moved 4 animals from property ID 502 (farm) to property ID 1093 (farm)
28,505,1119,DAY 29/11/2024 - moved 1 animals from property ID 505 (farm) to property ID 1119 (trader)
28,517,19,DAY 29/11/2024 - moved 9 animals from property ID 517 (farm) to property ID 19 (farm)
28,539,112,DAY 29/11/2024 - moved 4 animals from property ID 539 (farm) to property ID 112 (farm)
28,551,1050,DAY 29/11/2024 - moved 2 animals from property ID 551 (farm) to property ID 1050 (farm)
28,558,1119,DAY 29/11/2024 - moved 9 animals from property ID 558 (farm) to property ID 1119 (trader)
28,591,758,DAY 29/11/2024 - moved 9 animals from property ID 591 (farm) to property ID 758 (feedlot)
28,597,189,DAY 29/11/2024 - moved 4 animals from property ID 597 (farm) to property ID 189 (saleyard)
28,605,1818,DAY 29/11/2024 - moved 5 animals from property ID 605 (farm) to property ID 1818 (farm)
28,616,908,DAY 29/11/2024 - moved 18 animals from property ID 616 (farm) to property ID 908 (saleyard)
28,665,867,DAY 29/11/2024 - moved 4 animals from property ID 665 (farm) to property ID 867 (feedlot)
28,684,1301,DAY 29/11/2024 - moved 1 animals from property ID 684 (farm) to property ID 1301 (saleyard)
28,695,1606,DAY 29/11/2024 - moved 4 animals from property ID 695 (farm) to property ID 1606 (farm)
28,729,1361,DAY 29/11/2024 - moved 11 animals from property ID 729 (farm) to property ID 1361 (farm)
28,736,1436,DAY 29/11/2024 - moved 7 animals from property ID 736 (farm) to property ID 1436 (farm)
28,749,1666,DAY 29/11/2024 - moved 8 animals from property ID 749 (farm) to property ID 1666 (feedlot)
28,766,1450,DAY 29/11/2024 - moved 5 animals from property ID 766 (farm) to property ID 1450 (farm)
28,776,1983,DAY 29/11/2024 - moved 16 animals from property ID 776 (trader) to property ID 1983 (farm)
28,776,1769,DAY 29/11/2024 - moved 16 animals from property ID 776 (trader) to property ID 1769 (farm)
28,782,1254,DAY 29/11/2024 - moved 63 animals from property ID 782 (trader) to property ID 1254 (farm)
28,796,42,DAY 29/11/2024 - moved 5 animals from property ID 796 (farm) to property ID 42 (farm)
28,801,188,DAY 29/11/2024 - moved 13 animals from property ID 801 (farm) to property ID 188 (feedlot)
28,806,758,DAY 29/11/2024 - moved 7 animals from property ID 806 (farm) to property ID 758 (feedlot)
28,831,188,DAY 29/11/2024 - moved 4 animals from property ID 831 (farm) to property ID 188 (feedlot)
28,840,1617,DAY 29/11/2024 - moved 8 animals from property ID 840 (farm) to property ID 1617 (farm)
28,845,1768,DAY 29/11/2024 - moved 9 animals from property ID 845 (farm) to property ID 1768 (feedlot)
28,857,189,DAY 29/11/2024 - moved 3 animals from property ID 857 (farm) to property ID 189 (saleyard)
28,877,189,DAY 29/11/2024 - moved 20 animals from property ID 877 (farm) to property ID 189 (saleyard)
28,884,776,DAY 29/11/2024 - moved 3 animals from property ID 884 (farm) to property ID 776 (trader)
28,904,1682,DAY 29/11/2024 - moved 5 animals from property ID 904 (trader) to property ID 1682 (farm)
28,904,1110,DAY 29/11/2024 - moved 6 animals from property ID 904 (trader) to property ID 1110 (feedlot)
28,904,1110,DAY 29/11/2024 - moved 6 animals from property ID 904 (trader) to property ID 1110 (feedlot)
28,908,655,DAY 29/11/2024 - moved 19 animals from property ID 908 (saleyard) to property ID 655 (farm)
28,908,6,DAY 29/11/2024 - moved 18 animals from property ID 908 (saleyard) to property ID 6 (stud farm)
28,908,1253,DAY 29/11/2024 - moved 18 animals from property ID 908 (saleyard) to property ID 1253 (feedlot)
28,913,1253,DAY 29/11/2024 - moved 1 animals from property ID 913 (farm) to property ID 1253 (feedlot)
28,926,813,DAY 29/11/2024 - moved 2 animals from property ID 926 (farm) to property ID 813 (farm)
28,930,1119,DAY 29/11/2024 - moved 2 animals from property ID 930 (farm) to property ID 1119 (trader)
28,937,1898,DAY 29/11/2024 - moved 3 animals from property ID 937 (farm) to property ID 1898 (saleyard)
28,944,524,DAY 29/11/2024 - moved 4 animals from property ID 944 (farm) to property ID 524 (feedlot)
28,957,1479,DAY 29/11/2024 - moved 33 animals from property ID 957 (farm) to property ID 1479 (trader)
28,998,1898,DAY 29/11/2024 - moved 5 animals from property ID 998 (farm) to property ID 1898 (saleyard)
28,1013,915,DAY 29/11/2024 - moved 3 animals from property ID 1013 (farm) to property ID 915 (farm)
28,1049,1301,DAY 29/11/2024 - moved 4 animals from property ID 1049 (farm) to property ID 1301 (saleyard)
28,1055,616,DAY 29/11/2024 - moved 29 animals from property ID 1055 (farm) to property ID 616 (farm)
28,1107,776,DAY 29/11/2024 - moved 2 animals from property ID 1107 (farm) to property ID 776 (trader)
28,1121,1807,DAY 29/11/2024 - moved 22 animals from property ID 1121 (farm) to property ID 1807 (farm)
28,1124,1253,DAY 29/11/2024 - moved 7 animals from property ID 1124 (farm) to property ID 1253 (feedlot)
28,1126,1823,DAY 29/11/2024 - moved 1 animals from property ID 1126 (farm) to property ID 1823 (trader)
28,1143,1766,DAY 29/11/2024 - moved 2 animals from property ID 1143 (farm) to property ID 1766 (farm)
28,1150,839,DAY 29/11/2024 - moved 2 animals from property ID 1150 (farm) to property ID 839 (farm)
28,1152,964,DAY 29/11/2024 - moved 1 animals from property ID 1152 (farm) to property ID 964 (feedlot)
28,1155,964,DAY 29/11/2024 - moved 11 animals from property ID 1155 (farm) to property ID 964 (feedlot)
28,1163,307,DAY 29/11/2024 - moved 2 animals from property ID 1163 (farm) to property ID 307 (farm)
28,1178,415,DAY 29/11/2024 - moved 6 animals from property ID 1178 (farm) to property ID 415 (trader)
28,1186,776,DAY 29/11/2024 - moved 2 animals from property ID 1186 (farm) to property ID 776 (trader)
28,1192,1188,DAY 29/11/2024 - moved 2 animals from property ID 1192 (farm) to property ID 1188 (farm)
28,1204,1144,DAY 29/11/2024 - moved 7 animals from property ID 1204 (farm) to property ID 1144 (farm)
28,1209,1301,DAY 29/11/2024 - moved 1 animals from property ID 1209 (farm) to property ID 1301 (saleyard)
28,1227,908,DAY 29/11/2024 - moved 2 animals from property ID 1227 (farm) to property ID 908 (saleyard)
28,1229,776,DAY 29/11/2024 - moved 5 animals from property ID 1229 (farm) to property ID 776 (trader)
28,1240,700,DAY 29/11/2024 - moved 2 animals from property ID 1240 (farm) to property ID 700 (trader)
28,1250,262,DAY 29/11/2024 - moved 8 animals from property ID 1250 (farm) to property ID 262 (farm)
28,1259,70,DAY 29/11/2024 - moved 4 animals from property ID 1259 (farm) to property ID 70 (farm)
28,1265,904,DAY 29/11/2024 - moved 3 animals from property ID 1265 (farm) to property ID 904 (trader)
28,1269,1115,DAY 29/11/2024 - moved 7 animals from property ID 1269 (farm) to property ID 1115 (farm)
28,1301,1961,DAY 29/11/2024 - moved 10 animals from property ID 1301 (saleyard) to property ID 1961 (farm)
28,1301,1790,DAY 29/11/2024 - moved 9 animals from property ID 1301 (saleyard) to property ID 1790 (farm)
28,1301,768,DAY 29/11/2024 - moved 9 animals from property ID 1301 (saleyard) to property ID 768 (farm)
28,1301,1995,DAY 29/11/2024 - moved 9 animals from property ID 1301 (saleyard) to property ID 1995 (farm)
28,1301,279,DAY 29/11/2024 - moved 9 animals from property ID 1301 (saleyard) to property ID 279 (farm)
28,1319,1823,DAY 29/11/2024 - moved 2 animals from property ID 1319 (farm) to property ID 1823 (trader)
28,1321,189,DAY 29/11/2024 - moved 3 animals from property ID 1321 (farm) to property ID 189 (saleyard)
28,1340,903,DAY 29/11/2024 - moved 1 animals from property ID 1340 (farm) to property ID 903 (farm)
28,1346,782,DAY 29/11/2024 - moved 4 animals from property ID 1346 (farm) to property ID 782 (trader)
28,1384,189,DAY 29/11/2024 - moved 9 animals from property ID 1384 (farm) to property ID 189 (saleyard)
28,1385,458,DAY 29/11/2024 - moved 12 animals from property ID 1385 (farm) to property ID 458 (abbattoir)
28,1407,867,DAY 29/11/2024 - moved 8 animals from property ID 1407 (farm) to property ID 867 (feedlot)
28,1429,1273,DAY 29/11/2024 - moved 7 animals from property ID 1429 (farm) to property ID 1273 (trader)
28,1430,700,DAY 29/11/2024 - moved 7 animals from property ID 1430 (farm) to property ID 700 (trader)
28,1434,1301,DAY 29/11/2024 - moved 3 animals from property ID 1434 (farm) to property ID 1301 (saleyard)
28,1472,867,DAY 29/11/2024 - moved 6 animals from property ID 1472 (farm) to property ID 867 (feedlot)
28,1479,881,DAY 29/11/2024 - moved 35 animals from property ID 1479 (trader) to property ID 881 (farm)
28,1479,932,DAY 29/11/2024 - moved 36 animals from property ID 1479 (trader) to property ID 932 (farm)
28,1481,188,DAY 29/11/2024 - moved 2 animals from property ID 1481 (farm) to property ID 188 (feedlot)
28,1491,964,DAY 29/11/2024 - moved 8 animals from property ID 1491 (farm) to property ID 964 (feedlot)
28,1511,867,DAY 29/11/2024 - moved 3 animals from property ID 1511 (farm) to property ID 867 (feedlot)
28,1526,1971,DAY 29/11/2024 - moved 7 animals from property ID 1526 (farm) to property ID 1971 (farm)
28,1534,791,DAY 29/11/2024 - moved 5 animals from property ID 1534 (farm) to property ID 791 (farm)
28,1541,859,DAY 29/11/2024 - moved 1 animals from property ID 1541 (farm) to property ID 859 (farm)
28,1542,1119,DAY 29/11/2024 - moved 2 animals from property ID 1542 (farm) to property ID 1119 (trader)
28,1557,1273,DAY 29/11/2024 - moved 4 animals from property ID 1557 (farm) to property ID 1273 (trader)
28,1563,1666,DAY 29/11/2024 - moved 6 animals from property ID 1563 (farm) to property ID 1666 (feedlot)
28,1587,908,DAY 29/11/2024 - moved 2 animals from property ID 1587 (farm) to property ID 908 (saleyard)
28,1592,782,DAY 29/11/2024 - moved 14 animals from property ID 1592 (farm) to property ID 782 (trader)
28,1594,89,DAY 29/11/2024 - moved 9 animals from property ID 1594 (farm) to property ID 89 (farm)
28,1601,6,DAY 29/11/2024 - moved 8 animals from property ID 1601 (farm) to property ID 6 (stud farm)
28,1605,146,DAY 29/11/2024 - moved 3 animals from property ID 1605 (farm) to property ID 146 (farm)
28,1627,776,DAY 29/11/2024 - moved 1 animals from property ID 1627 (farm) to property ID 776 (trader)
28,1644,174,DAY 29/11/2024 - moved 1 animals from property ID 1644 (farm) to property ID 174 (farm)
28,1655,621,DAY 29/11/2024 - moved 2 animals from property ID 1655 (farm) to property ID 621 (farm)
28,1656,1728,DAY 29/11/2024 - moved 9 animals from property ID 1656 (farm) to property ID 1728 (farm)
28,1659,1301,DAY 29/11/2024 - moved 2 animals from property ID 1659 (farm) to property ID 1301 (saleyard)
28,1755,928,DAY 29/11/2024 - moved 19 animals from property ID 1755 (farm) to property ID 928 (farm)
28,1764,429,DAY 29/11/2024 - moved 2 animals from property ID 1764 (farm) to property ID 429 (feedlot)
28,1769,908,DAY 29/11/2024 - moved 3 animals from property ID 1769 (farm) to property ID 908 (saleyard)
28,1795,1273,DAY 29/11/2024 - moved 1 animals from property ID 1795 (farm) to property ID 1273 (trader)
28,1823,867,DAY 29/11/2024 - moved 12 animals from property ID 1823 (trader) to property ID 867 (feedlot)
28,1823,457,DAY 29/11/2024 - moved 12 animals from property ID 1823 (trader) to property ID 457 (farm)
28,1823,255,DAY 29/11/2024 - moved 12 animals from property ID 1823 (trader) to property ID 255 (farm)
28,1831,776,DAY 29/11/2024 - moved 1 animals from property ID 1831 (farm) to property ID 776 (trader)
28,1837,1301,DAY 29/11/2024 - moved 2 animals from property ID 1837 (farm) to property ID 1301 (saleyard)
28,1852,29,DAY 29/11/2024 - moved 3 animals from property ID 1852 (farm) to property ID 29 (farm)
28,1876,429,DAY 29/11/2024 - moved 2 animals from property ID 1876 (farm) to property ID 429 (feedlot)
28,1894,188,DAY 29/11/2024 - moved 7 animals from property ID 1894 (farm) to property ID 188 (feedlot)
28,1898,1253,DAY 29/11/2024 - moved 29 animals from property ID 1898 (saleyard) to property ID 1253 (feedlot)
28,1898,1536,DAY 29/11/2024 - moved 29 animals from property ID 1898 (saleyard) to property ID 1536 (feedlot)
28,1928,758,DAY 29/11/2024 - moved 2 animals from property ID 1928 (farm) to property ID 758 (feedlot)
28,1958,866,DAY 29/11/2024 - moved 2 animals from property ID 1958 (farm) to property ID 866 (feedlot)
28,1961,116,DAY 29/11/2024 - moved 4 animals from property ID 1961 (farm) to property ID 116 (farm)
28,1978,964,DAY 29/11/2024 - moved 2 animals from property ID 1978 (farm) to property ID 964 (feedlot)
28,1995,867,DAY 29/11/2024 - moved 2 animals from property ID 1995 (farm) to property ID 867 (feedlot)
28,1999,92,DAY 29/11/2024 - moved 41 animals from property ID 1999 (farm) to property ID 92 (trader)
43,0,1684,DAY 14/12/2024 - moved 28 animals from property ID 0 (farm) to property ID 1684 (farm)
43,9,518,DAY 14/12/2024 - moved 7 animals from property ID 9 (farm) to property ID 518 (farm)
43,14,1126,DAY 14/12/2024 - moved 10 animals from property ID 14 (farm) to property ID 1126 (farm)
43,25,1479,DAY 14/12/2024 - moved 17 animals from property ID 25 (farm) to property ID 1479 (trader)
43,29,1273,DAY 14/12/2024 - moved 9 animals from property ID 29 (farm) to property ID 1273 (trader)
43,68,285,DAY 14/12/2024 - moved 14 animals from property ID 68 (farm) to property ID 285 (farm)
43,92,1247,DAY 14/12/2024 - moved 35 animals from property ID 92 (trader) to property ID 1247 (farm)
43,94,1273,DAY 14/12/2024 - moved 7 animals from property ID 94 (farm) to property ID 1273 (trader)
43,116,867,DAY 14/12/2024 - moved 5 animals from property ID 116 (farm) to property ID 867 (feedlot)
43,152,1704,DAY 14/12/2024 - moved 6 animals from property ID 152 (farm) to property ID 1704 (farm)
43,162,634,DAY 14/12/2024 - moved 13 animals from property ID 162 (farm) to property ID 634 (farm)
43,174,1147,DAY 14/12/2024 - moved 4 animals from property ID 174 (farm) to property ID 1147 (farm)
43,189,971,DAY 14/12/2024 - moved 7 animals from property ID 189 (saleyard) to property ID 971 (farm)
43,189,964,DAY 14/12/2024 - moved 8 animals from property ID 189 (saleyard) to property ID 964 (feedlot)
43,189,158,DAY 14/12/2024 - moved 8 animals from property ID 189 (saleyard) to property ID 158 (farm)
43,189,1483,DAY 14/12/2024 - moved 8 animals from property ID 189 (saleyard) to property ID 1483 (farm)
43,189,1109,DAY 14/12/2024 - moved 8 animals from property ID 189 (saleyard) to property ID 1109 (feedlot)
43,189,1334,DAY 14/12/2024 - moved 8 animals from property ID 189 (saleyard) to property ID 1334 (farm)
43,207,1922,DAY 14/12/2024 - moved 7 animals from property ID 207 (farm) to property ID 1922 (farm)
43,211,281,DAY 14/12/2024 - moved 25 animals from property ID 211 (farm) to property ID 281 (farm)
43,223,1273,DAY 14/12/2024 - moved 2 animals from property ID 223 (farm) to property ID 1273 (trader)
43,248,189,DAY 14/12/2024 - moved 3 animals from property ID 248 (farm) to property ID 189 (saleyard)
43,254,1273,DAY 14/12/2024 - moved 1 animals from property ID 254 (farm) to property ID 1273 (trader)
43,257,867,DAY 14/12/2024 - moved 3 animals from property ID 257 (farm) to property ID 867 (feedlot)
43,269,726,DAY 14/12/2024 - moved 1 animals from property ID 269 (farm) to property ID 726 (farm)
43,293,866,DAY 14/12/2024 - moved 19 animals from property ID 293 (farm) to property ID 866 (feedlot)
43,306,1301,DAY 14/12/2024 - moved 2 animals from property ID 306 (farm) to property ID 1301 (saleyard)
43,309,535,DAY 14/12/2024 - moved 9 animals from property ID 309 (farm) to property ID 535 (farm)
43,310,1019,DAY 14/12/2024 - moved 1 animals from property ID 310 (farm) to property ID 1019 (farm)
43,316,1559,DAY 14/12/2024 - moved 4 animals from property ID 316 (farm) to property ID 1559 (farm)
43,342,650,DAY 14/12/2024 - moved 10 animals from property ID 342 (farm) to property ID 650 (farm)
43,369,189,DAY 14/12/2024 - moved 2 animals from property ID 369 (farm) to property ID 189 (saleyard)
43,410,1666,DAY 14/12/2024 - moved 13 animals from property ID 410 (farm) to property ID 1666 (feedlot)
43,442,1301,DAY 14/12/2024 - moved 1 animals from property ID 442 (farm) to property ID 1301 (saleyard)
43,445,1907,DAY 14/12/2024 - moved 4 animals from property ID 445 (farm) to property ID 1907 (feedlot)
43,465,1472,DAY 14/12/2024 - moved 1 animals from property ID 465 (farm) to property ID 1472 (farm)
43,505,1968,DAY 14/12/2024 - moved 1 animals from property ID 505 (farm) to property ID 1968 (farm)
43,558,188,DAY 14/12/2024 - moved 8 animals from property ID 558 (farm) to property ID 188 (feedlot)
43,561,1864,DAY 14/12/2024 - moved 14 animals from property ID 561 (farm) to property ID 1864 (farm)
43,572,458,DAY 14/12/2024 - moved 27 animals from property ID 572 (farm) to property ID 458 (abbattoir)
43,577,92,DAY 14/12/2024 - moved 9 animals from property ID 577 (farm) to property ID 92 (trader)
43,579,56,DAY 14/12/2024 - moved 3 animals from property ID 579 (farm) to property ID 56 (farm)
43,588,415,DAY 14/12/2024 - moved 18 animals from property ID 588 (farm) to property ID 415 (trader)
43,597,188,DAY 14/12/2024 - moved 3 animals from property ID 597 (farm) to property ID 188 (feedlot)
43,620,309,DAY 14/12/2024 - moved 3 animals from property ID 620 (farm) to property ID 309 (farm)
43,658,754,DAY 14/12/2024 - moved 20 animals from property ID 658 (farm) to property ID 754 (farm)
43,700,1091,DAY 14/12/2024 - moved 4 animals from property ID 700 (trader) to property ID 1091 (farm)
43,700,264,DAY 14/12/2024 - moved 5 animals from property ID 700 (trader) to property ID 264 (feedlot)
43,700,524,DAY 14/12/2024 - moved 5 animals from property ID 700 (trader) to property ID 524 (feedlot)
43,766,174,DAY 14/12/2024 - moved 4 animals from property ID 766 (farm) to property ID 174 (farm)
43,775,518,DAY 14/12/2024 - moved 1 animals from property ID 775 (farm) to property ID 518 (farm)
43,782,666,DAY 14/12/2024 - moved 56 animals from property ID 782 (trader) to property ID 666 (farm)
43,796,1556,DAY 14/12/2024 - moved 4 animals from property ID 796 (farm) to property ID 1556 (farm)
43,809,1907,DAY 14/12/2024 - moved 4 animals from property ID 809 (farm) to property ID 1907 (feedlot)
43,816,189,DAY 14/12/2024 - moved 4 animals from property ID 816 (farm) to property ID 189 (saleyard)
43,831,1146,DAY 14/12/2024 - moved 4 animals from property ID 831 (farm) to property ID 1146 (farm)
43,846,1351,DAY 14/12/2024 - moved 3 animals from property ID 846 (farm) to property ID 1351 (farm)
43,847,527,DAY 14/12/2024 - moved 11 animals from property ID 847 (farm) to property ID 527 (farm)
43,857,524,DAY 14/12/2024 - moved 2 animals from property ID 857 (farm) to property ID 524 (feedlot)
43,862,867,DAY 14/12/2024 - moved 5 animals from property ID 862 (farm) to property ID 867 (feedlot)
43,885,700,DAY 14/12/2024 - moved 9 animals from property ID 885 (farm) to property ID 700 (trader)
43,904,1110,DAY 14/12/2024 - moved 15 animals from property ID 904 (trader) to property ID 1110 (feedlot)
43,944,904,DAY 14/12/2024 - moved 4 animals from property ID 944 (farm) to property ID 904 (trader)
43,946,1805,DAY 14/12/2024 - moved 3 animals from property ID 946 (farm) to property ID 1805 (farm)
43,987,81,DAY 14/12/2024 - moved 6 animals from property ID 987 (farm) to property ID 81 (farm)
43,1002,267,DAY 14/12/2024 - moved 2 animals from property ID 1002 (farm) to property ID 267 (farm)
43,1011,758,DAY 14/12/2024 - moved 3 animals from property ID 1011 (farm) to property ID 758 (feedlot)
43,1013,1558,DAY 14/12/2024 - moved 3 animals from property ID 1013 (farm) to property ID 1558 (farm)
43,1022,458,DAY 14/12/2024 - moved 56 animals from property ID 1022 (farm) to property ID 458 (abbattoir)
43,1032,1823,DAY 14/12/2024 - moved 8 animals from property ID 1032 (farm) to property ID 1823 (trader)
43,1075,1823,DAY 14/12/2024 - moved 2 animals from property ID 1075 (farm) to property ID 1823 (trader)
43,1099,782,DAY 14/12/2024 - moved 3 animals from property ID 1099 (farm) to property ID 782 (trader)
43,1118,1823,DAY 14/12/2024 - moved 2 animals from property ID 1118 (farm) to property ID 1823 (trader)
43,1119,415,DAY 14/12/2024 - moved 14 animals from property ID 1119 (trader) to property ID 415 (trader)
43,1121,458,DAY 14/12/2024 - moved 20 animals from property ID 1121 (farm) to property ID 458 (abbattoir)
43,1126,1823,DAY 14/12/2024 - moved 1 animals from property ID 1126 (farm) to property ID 1823 (trader)
43,1128,866,DAY 14/12/2024 - moved 6 animals from property ID 1128 (farm) to property ID 866 (feedlot)
43,1142,782,DAY 14/12/2024 - moved 5 animals from property ID 1142 (farm) to property ID 782 (trader)
43,1175,867,DAY 14/12/2024 - moved 4 animals from property ID 1175 (farm) to property ID 867 (feedlot)
43,1204,1011,DAY 14/12/2024 - moved 7 animals from property ID 1204 (farm) to property ID 1011 (farm)
43,1209,1301,DAY 14/12/2024 - moved 1 animals from property ID 1209 (farm) to property ID 1301 (saleyard)
43,1239,1119,DAY 14/12/2024 - moved 10 animals from property ID 1239 (farm) to property ID 1119 (trader)
43,1244,1301,DAY 14/12/2024 - moved 2 animals from property ID 1244 (farm) to property ID 1301 (saleyard)
43,1262,758,DAY 14/12/2024 - moved 3 animals from property ID 1262 (farm) to property ID 758 (feedlot)
43,1266,1119,DAY 14/12/2024 - moved 2 animals from property ID 1266 (farm) to property ID 1119 (trader)
43,1272,782,DAY 14/12/2024 - moved 7 animals from property ID 1272 (farm) to property ID 782 (trader)
43,1276,867,DAY 14/12/2024 - moved 3 animals from property ID 1276 (farm) to property ID 867 (feedlot)
43,1289,346,DAY 14/12/2024 - moved 8 animals from property ID 1289 (farm) to property ID 346 (farm)
43,1300,1907,DAY 14/12/2024 - moved 15 animals from property ID 1300 (farm) to property ID 1907 (feedlot)
43,1309,1301,DAY 14/12/2024 - moved 2 animals from property ID 1309 (farm) to property ID 1301 (saleyard)
43,1324,1209,DAY 14/12/2024 - moved 26 animals from property ID 1324 (farm) to property ID 1209 (farm)
43,1340,700,DAY 14/12/2024 - moved 1 animals from property ID 1340 (farm) to property ID 700 (trader)
43,1351,1823,DAY 14/12/2024 - moved 2 animals from property ID 1351 (farm) to property ID 1823 (trader)
43,1357,1907,DAY 14/12/2024 - moved 1 animals from property ID 1357 (farm) to property ID 1907 (feedlot)
43,1364,964,DAY 14/12/2024 - moved 5 animals from property ID 1364 (farm) to property ID 964 (feedlot)
43,1371,1119,DAY 14/12/2024 - moved 1 animals from property ID 1371 (farm) to property ID 1119 (trader)
43,1402,415,DAY 14/12/2024 - moved 6 animals from property ID 1402 (farm) to property ID 415 (trader)
43,1407,1823,DAY 14/12/2024 - moved 7 animals from property ID 1407 (farm) to property ID 1823 (trader)
43,1424,264,DAY 14/12/2024 - moved 4 animals from property ID 1424 (farm) to property ID 264 (feedlot)
43,1428,213,DAY 14/12/2024 - moved 23 animals from property ID 1428 (farm) to property ID 213 (farm)
43,1430,700,DAY 14/12/2024 - moved 7 animals from property ID 1430 (farm) to property ID 700 (trader)
43,1434,1301,DAY 14/12/2024 - moved 2 animals from property ID 1434 (farm) to property ID 1301 (saleyard)
43,1472,1515,DAY 14/12/2024 - moved 5 animals from property ID 1472 (farm) to property ID 1515 (farm)
43,1478,103,DAY 14/12/2024 - moved 26 animals from property ID 1478 (farm) to property ID 103 (farm)
43,1479,758,DAY 14/12/2024 - moved 21 animals from property ID 1479 (trader) to property ID 758 (feedlot)
43,1479,758,DAY 14/12/2024 - moved 22 animals from property ID 1479 (trader) to property ID 758 (feedlot)
43,1479,1459,DAY 14/12/2024 - moved 22 animals from property ID 1479 (trader) to property ID 1459 (farm)
43,1492,1301,DAY 14/12/2024 - moved 2 animals from property ID 1492 (farm) to property ID 1301 (saleyard)
43,1507,188,DAY 14/12/2024 - moved 8 animals from property ID 1507 (farm) to property ID 188 (feedlot)
43,1511,867,DAY 14/12/2024 - moved 3 animals from property ID 1511 (farm) to property ID 867 (feedlot)
43,1527,769,DAY 14/12/2024 - moved 1 animals from property ID 1527 (farm) to property ID 769 (farm)
43,1563,1666,DAY 14/12/2024 - moved 5 animals from property ID 1563 (farm) to property ID 1666 (feedlot)
43,1592,458,DAY 14/12/2024 - moved 13 animals from property ID 1592 (farm) to property ID 458 (abbattoir)
43,1594,1552,DAY 14/12/2024 - moved 9 animals from property ID 1594 (farm) to property ID 1552 (farm)
43,1596,1621,DAY 14/12/2024 - moved 8 animals from property ID 1596 (farm) to property ID 1621 (farm)
43,1605,947,DAY 14/12/2024 - moved 3 animals from property ID 1605 (farm) to property ID 947 (farm)
43,1625,92,DAY 14/12/2024 - moved 4 animals from property ID 1625 (farm) to property ID 92 (trader)
43,1656,1273,DAY 14/12/2024 - moved 8 animals from property ID 1656 (farm) to property ID 1273 (trader)
43,1659,867,DAY 14/12/2024 - moved 2 animals from property ID 1659 (farm) to property ID 867 (feedlot)
43,1672,813,DAY 14/12/2024 - moved 5 animals from property ID 1672 (farm) to property ID 813 (farm)
43,1678,1823,DAY 14/12/2024 - moved 13 animals from property ID 1678 (farm) to property ID 1823 (trader)
43,1728,1946,DAY 14/12/2024 - moved 2 animals from property ID 1728 (farm) to property ID 1946 (farm)
43,1816,1907,DAY 14/12/2024 - moved 15 animals from property ID 1816 (farm) to property ID 1907 (feedlot)
43,1831,15,DAY 14/12/2024 - moved 1 animals from property ID 1831 (farm) to property ID 15 (farm)
43,1836,1666,DAY 14/12/2024 - moved 16 animals from property ID 1836 (farm) to property ID 1666 (feedlot)
43,1837,1747,DAY 14/12/2024 - moved 2 animals from property ID 1837 (farm) to property ID 1747 (farm)
43,1858,1907,DAY 14/12/2024 - moved 4 animals from property ID 1858 (farm) to property ID 1907 (feedlot)
43,1860,961,DAY 14/12/2024 - moved 7 animals from property ID 1860 (farm) to property ID 961 (farm)
43,1894,700,DAY 14/12/2024 - moved 6 animals from property ID 1894 (farm) to property ID 700 (trader)
43,1928,1742,DAY 14/12/2024 - moved 2 animals from property ID 1928 (farm) to property ID 1742 (farm)
43,1951,1715,DAY 14/12/2024 - moved 1 animals from property ID 1951 (farm) to property ID 1715 (farm)
43,1958,866,DAY 14/12/2024 - moved 2 animals from property ID 1958 (farm) to property ID 866 (feedlot)
43,1960,1479,DAY 14/12/2024 - moved 3 animals from property ID 1960 (farm) to property ID 1479 (trader)
43,1999,1666,DAY 14/12/2024 - moved 37 animals from property ID 1999 (farm) to property ID 1666 (feedlot)
44,13,164,DAY 15/12/2024 - moved 13 animals from property ID 13 (farm) to property ID 164 (farm)
44,37,886,DAY 15/12/2024 - moved 3 animals from property ID 37 (farm) to property ID 886 (farm)
44,61,964,DAY 15/12/2024 - moved 7 animals from property ID 61 (farm) to property ID 964 (feedlot)
44,70,755,DAY 15/12/2024 - moved 2 animals from property ID 70 (farm) to property ID 755 (farm)
44,92,878,DAY 15/12/2024 - moved 15 animals from property ID 92 (trader) to property ID 878 (farm)
44,92,1666,DAY 15/12/2024 - moved 16 animals from property ID 92 (trader) to property ID 1666 (feedlot)
44,107,411,DAY 15/12/2024 - moved 11 animals from property ID 107 (farm) to property ID 411 (farm)
44,131,861,DAY 15/12/2024 - moved 1 animals from property ID 131 (farm) to property ID 861 (farm)
44,133,1823,DAY 15/12/2024 - moved 11 animals from property ID 133 (farm) to property ID 1823 (trader)
44,136,1666,DAY 15/12/2024 - moved 8 animals from property ID 136 (farm) to property ID 1666 (feedlot)
44,139,1666,DAY 15/12/2024 - moved 4 animals from property ID 139 (farm) to property ID 1666 (feedlot)
44,147,524,DAY 15/12/2024 - moved 6 animals from property ID 147 (farm) to property ID 524 (feedlot)
44,158,189,DAY 15/12/2024 - moved 39 animals from property ID 158 (farm) to property ID 189 (saleyard)
44,161,9,DAY 15/12/2024 - moved 6 animals from property ID 161 (farm) to property ID 9 (farm)
44,168,1273,DAY 15/12/2024 - moved 1 animals from property ID 168 (farm) to property ID 1273 (trader)
44,186,866,DAY 15/12/2024 - moved 12 animals from property ID 186 (farm) to property ID 866 (feedlot)
44,189,1709,DAY 15/12/2024 - moved 7 animals from property ID 189 (saleyard) to property ID 1709 (farm)
44,189,1709,DAY 15/12/2024 - moved 7 animals from property ID 189 (saleyard) to property ID 1709 (farm)
44,189,524,DAY 15/12/2024 - moved 7 animals from property ID 189 (saleyard) to property ID 524 (feedlot)
44,189,964,DAY 15/12/2024 - moved 6 animals from property ID 189 (saleyard) to property ID 964 (feedlot)
44,189,524,DAY 15/12/2024 - moved 6 animals from property ID 189 (saleyard) to property ID 524 (feedlot)
44,189,1109,DAY 15/12/2024 - moved 6 animals from property ID 189 (saleyard) to property ID 1109 (feedlot)
44,190,53,DAY 15/12/2024 - moved 2 animals from property ID 190 (farm) to property ID 53 (farm)
44,210,1632,DAY 15/12/2024 - moved 19 animals from property ID 210 (farm) to property ID 1632 (farm)
44,284,756,DAY 15/12/2024 - moved 2 animals from property ID 284 (farm) to property ID 756 (farm)
44,287,230,DAY 15/12/2024 - moved 3 animals from property ID 287 (farm) to property ID 230 (farm)
44,340,682,DAY 15/12/2024 - moved 82 animals from property ID 340 (farm) to property ID 682 (farm)
44,358,92,DAY 15/12/2024 - moved 9 animals from property ID 358 (farm) to property ID 92 (trader)
44,361,782,DAY 15/12/2024 - moved 8 animals from property ID 361 (farm) to property ID 782 (trader)
44,374,452,DAY 15/12/2024 - moved 19 animals from property ID 374 (farm) to property ID 452 (farm)
44,384,900,DAY 15/12/2024 - moved 9 animals from property ID 384 (farm) to property ID 900 (farm)
44,388,1666,DAY 15/12/2024 - moved 4 animals from property ID 388 (farm) to property ID 1666 (feedlot)
44,398,458,DAY 15/12/2024 - moved 16 animals from property ID 398 (farm) to property ID 458 (abbattoir)
44,409,42,DAY 15/12/2024 - moved 43 animals from property ID 409 (farm) to property ID 42 (farm)
44,411,189,DAY 15/12/2024 - moved 10 animals from property ID 411 (farm) to property ID 189 (saleyard)
44,415,188,DAY 15/12/2024 - moved 20 animals from property ID 415 (trader) to property ID 188 (feedlot)
44,450,723,DAY 15/12/2024 - moved 2 animals from property ID 450 (farm) to property ID 723 (farm)
44,456,1160,DAY 15/12/2024 - moved 7 animals from property ID 456 (farm) to property ID 1160 (farm)
44,474,867,DAY 15/12/2024 - moved 3 animals from property ID 474 (farm) to property ID 867 (feedlot)
44,479,325,DAY 15/12/2024 - moved 30 animals from property ID 479 (farm) to property ID 325 (farm)
44,482,92,DAY 15/12/2024 - moved 14 animals from property ID 482 (farm) to property ID 92 (trader)
44,498,1119,DAY 15/12/2024 - moved 7 animals from property ID 498 (farm) to property ID 1119 (trader)
44,511,188,DAY 15/12/2024 - moved 3 animals from property ID 511 (farm) to property ID 188 (feedlot)
44,513,866,DAY 15/12/2024 - moved 2 animals from property ID 513 (farm) to property ID 866 (feedlot)
44,516,1109,DAY 15/12/2024 - moved 4 animals from property ID 516 (farm) to property ID 1109 (feedlot)
44,541,1581,DAY 15/12/2024 - moved 2 animals from property ID 541 (farm) to property ID 1581 (farm)
44,549,866,DAY 15/12/2024 - moved 10 animals from property ID 549 (farm) to property ID 866 (feedlot)
44,559,782,DAY 15/12/2024 - moved 6 animals from property ID 559 (farm) to property ID 782 (trader)
44,571,867,DAY 15/12/2024 - moved 4 animals from property ID 571 (farm) to property ID 867 (feedlot)
44,590,866,DAY 15/12/2024 - moved 5 animals from property ID 590 (farm) to property ID 866 (feedlot)
44,592,1055,DAY 15/12/2024 - moved 14 animals from property ID 592 (farm) to property ID 1055 (farm)
44,625,1450,DAY 15/12/2024 - moved 33 animals from property ID 625 (farm) to property ID 1450 (farm)
44,636,964,DAY 15/12/2024 - moved 11 animals from property ID 636 (farm) to property ID 964 (feedlot)
44,640,1025,DAY 15/12/2024 - moved 2 animals from property ID 640 (farm) to property ID 1025 (farm)
44,642,964,DAY 15/12/2024 - moved 15 animals from property ID 642 (farm) to property ID 964 (feedlot)
44,664,1859,DAY 15/12/2024 - moved 20 animals from property ID 664 (farm) to property ID 1859 (farm)
44,685,415,DAY 15/12/2024 - moved 6 animals from property ID 685 (farm) to property ID 415 (trader)
44,700,1992,DAY 15/12/2024 - moved 6 animals from property ID 700 (trader) to property ID 1992 (farm)
44,700,77,DAY 15/12/2024 - moved 5 animals from property ID 700 (trader) to property ID 77 (farm)
44,700,264,DAY 15/12/2024 - moved 5 animals from property ID 700 (trader) to property ID 264 (feedlot)
44,709,719,DAY 15/12/2024 - moved 6 animals from property ID 709 (farm) to property ID 719 (farm)
44,714,1273,DAY 15/12/2024 - moved 4 animals from property ID 714 (farm) to property ID 1273 (trader)
44,741,618,DAY 15/12/2024 - moved 5 animals from property ID 741 (farm) to property ID 618 (farm)
44,745,782,DAY 15/12/2024 - moved 6 animals from property ID 745 (farm) to property ID 782 (trader)
44,750,782,DAY 15/12/2024 - moved 5 animals from property ID 750 (farm) to property ID 782 (trader)
44,756,1273,DAY 15/12/2024 - moved 6 animals from property ID 756 (farm) to property ID 1273 (trader)
44,768,1397,DAY 15/12/2024 - moved 4 animals from property ID 768 (farm) to property ID 1397 (farm)
44,769,1273,DAY 15/12/2024 - moved 7 animals from property ID 769 (farm) to property ID 1273 (trader)
44,781,562,DAY 15/12/2024 - moved 12 animals from property ID 781 (farm) to property ID 562 (farm)
44,782,142,DAY 15/12/2024 - moved 24 animals from property ID 782 (trader) to property ID 142 (farm)
44,782,142,DAY 15/12/2024 - moved 24 animals from property ID 782 (trader) to property ID 142 (farm)
44,783,1188,DAY 15/12/2024 - moved 19 animals from property ID 783 (farm) to property ID 1188 (farm)
44,786,92,DAY 15/12/2024 - moved 9 animals from property ID 786 (farm) to property ID 92 (trader)
44,787,1578,DAY 15/12/2024 - moved 4 animals from property ID 787 (farm) to property ID 1578 (farm)
44,789,183,DAY 15/12/2024 - moved 9 animals from property ID 789 (farm) to property ID 183 (farm)
44,794,92,DAY 15/12/2024 - moved 8 animals from property ID 794 (farm) to property ID 92 (trader)
44,828,1119,DAY 15/12/2024 - moved 10 animals from property ID 828 (farm) to property ID 1119 (trader)
44,829,1301,DAY 15/12/2024 - moved 5 animals from property ID 829 (farm) to property ID 1301 (saleyard)
44,855,1301,DAY 15/12/2024 - moved 3 animals from property ID 855 (farm) to property ID 1301 (saleyard)
44,856,1431,DAY 15/12/2024 - moved 3 animals from property ID 856 (farm) to property ID 1431 (farm)
44,859,1380,DAY 15/12/2024 - moved 4 animals from property ID 859 (farm) to property ID 1380 (farm)
44,878,92,DAY 15/12/2024 - moved 11 animals from property ID 878 (farm) to property ID 92 (trader)
44,895,524,DAY 15/12/2024 - moved 17 animals from property ID 895 (farm) to property ID 524 (feedlot)
44,896,1666,DAY 15/12/2024 - moved 2 animals from property ID 896 (farm) to property ID 1666 (feedlot)
44,897,867,DAY 15/12/2024 - moved 8 animals from property ID 897 (farm) to property ID 867 (feedlot)
44,898,1993,DAY 15/12/2024 - moved 8 animals from property ID 898 (farm) to property ID 1993 (farm)
44,904,547,DAY 15/12/2024 - moved 12 animals from property ID 904 (trader) to property ID 547 (farm)
44,907,92,DAY 15/12/2024 - moved 1 animals from property ID 907 (farm) to property ID 92 (trader)
44,919,1301,DAY 15/12/2024 - moved 12 animals from property ID 919 (farm) to property ID 1301 (saleyard)
44,927,33,DAY 15/12/2024 - moved 3 animals from property ID 927 (farm) to property ID 33 (farm)
44,999,427,DAY 15/12/2024 - moved 11 animals from property ID 999 (farm) to property ID 427 (farm)
44,1008,238,DAY 15/12/2024 - moved 13 animals from property ID 1008 (farm) to property ID 238 (farm)
44,1009,1804,DAY 15/12/2024 - moved 90 animals from property ID 1009 (farm) to property ID 1804 (farm)
44,1015,514,DAY 15/12/2024 - moved 4 animals from property ID 1015 (farm) to property ID 514 (farm)
44,1017,1119,DAY 15/12/2024 - moved 2 animals from property ID 1017 (farm) to property ID 1119 (trader)
44,1048,1301,DAY 15/12/2024 - moved 3 animals from property ID 1048 (farm) to property ID 1301 (saleyard)
44,1061,524,DAY 15/12/2024 - moved 5 animals from property ID 1061 (farm) to property ID 524 (feedlot)
44,1070,92,DAY 15/12/2024 - moved 1 animals from property ID 1070 (farm) to property ID 92 (trader)
44,1098,458,DAY 15/12/2024 - moved 8 animals from property ID 1098 (farm) to property ID 458 (abbattoir)
44,1113,1119,DAY 15/12/2024 - moved 4 animals from property ID 1113 (farm) to property ID 1119 (trader)
44,1119,1629,DAY 15/12/2024 - moved 4 animals from property ID 1119 (trader) to property ID 1629 (farm)
44,1119,1109,DAY 15/12/2024 - moved 5 animals from property ID 1119 (trader) to property ID 1109 (feedlot)
44,1119,1303,DAY 15/12/2024 - moved 5 animals from property ID 1119 (trader) to property ID 1303 (farm)
44,1129,1301,DAY 15/12/2024 - moved 1 animals from property ID 1129 (farm) to property ID 1301 (saleyard)
44,1153,1119,DAY 15/12/2024 - moved 3 animals from property ID 1153 (farm) to property ID 1119 (trader)
44,1167,904,DAY 15/12/2024 - moved 1 animals from property ID 1167 (farm) to property ID 904 (trader)
44,1170,1940,DAY 15/12/2024 - moved 2 animals from property ID 1170 (farm) to property ID 1940 (farm)
44,1194,963,DAY 15/12/2024 - moved 12 animals from property ID 1194 (farm) to property ID 963 (farm)
44,1206,904,DAY 15/12/2024 - moved 3 animals from property ID 1206 (farm) to property ID 904 (trader)
44,1212,769,DAY 15/12/2024 - moved 2 animals from property ID 1212 (farm) to property ID 769 (farm)
44,1217,1436,DAY 15/12/2024 - moved 3 animals from property ID 1217 (farm) to property ID 1436 (farm)
44,1218,1640,DAY 15/12/2024 - moved 10 animals from property ID 1218 (farm) to property ID 1640 (farm)
44,1221,832,DAY 15/12/2024 - moved 11 animals from property ID 1221 (farm) to property ID 832 (farm)
44,1255,1479,DAY 15/12/2024 - moved 13 animals from property ID 1255 (farm) to property ID 1479 (trader)
44,1273,1695,DAY 15/12/2024 - moved 46 animals from property ID 1273 (trader) to property ID 1695 (farm)
44,1283,989,DAY 15/12/2024 - moved 11 animals from property ID 1283 (farm) to property ID 989 (farm)
44,1286,237,DAY 15/12/2024 - moved 24 animals from property ID 1286 (farm) to property ID 237 (farm)
44,1292,178,DAY 15/12/2024 - moved 1 animals from property ID 1292 (farm) to property ID 178 (farm)
44,1301,867,DAY 15/12/2024 - moved 8 animals from property ID 1301 (saleyard) to property ID 867 (feedlot)
44,1301,867,DAY 15/12/2024 - moved 8 animals from property ID 1301 (saleyard) to property ID 867 (feedlot)
44,1301,1119,DAY 15/12/2024 - moved 9 animals from property ID 1301 (saleyard) to property ID 1119 (trader)
44,1301,867,DAY 15/12/2024 - moved 9 animals from property ID 1301 (saleyard) to property ID 867 (feedlot)
44,1301,1219,DAY 15/12/2024 - moved 9 animals from property ID 1301 (saleyard) to property ID 1219 (farm)
44,1310,458,DAY 15/12/2024 - moved 15 animals from property ID 1310 (farm) to property ID 458 (abbattoir)
44,1317,1284,DAY 15/12/2024 - moved 63 animals from property ID 1317 (farm) to property ID 1284 (farm)
44,1347,1301,DAY 15/12/2024 - moved 5 animals from property ID 1347 (farm) to property ID 1301 (saleyard)
44,1348,443,DAY 15/12/2024 - moved 5 animals from property ID 1348 (farm) to property ID 443 (farm)
44,1354,92,DAY 15/12/2024 - moved 2 animals from property ID 1354 (farm) to property ID 92 (trader)
44,1360,1613,DAY 15/12/2024 - moved 45 animals from property ID 1360 (farm) to property ID 1613 (farm)
44,1368,771,DAY 15/12/2024 - moved 2 animals from property ID 1368 (farm) to property ID 771 (farm)
44,1372,791,DAY 15/12/2024 - moved 14 animals from property ID 1372 (farm) to property ID 791 (farm)
44,1376,1873,DAY 15/12/2024 - moved 1 animals from property ID 1376 (farm) to property ID 1873 (farm)
44,1411,1884,DAY 15/12/2024 - moved 1 animals from property ID 1411 (farm) to property ID 1884 (farm)
44,1448,1273,DAY 15/12/2024 - moved 3 animals from property ID 1448 (farm) to property ID 1273 (trader)
44,1458,1456,DAY 15/12/2024 - moved 21 animals from property ID 1458 (farm) to property ID 1456 (farm)
44,1460,782,DAY 15/12/2024 - moved 12 animals from property ID 1460 (farm) to property ID 782 (trader)
44,1464,1527,DAY 15/12/2024 - moved 4 animals from property ID 1464 (farm) to property ID 1527 (farm)
44,1479,1144,DAY 15/12/2024 - moved 28 animals from property ID 1479 (trader) to property ID 1144 (farm)
44,1479,385,DAY 15/12/2024 - moved 28 animals from property ID 1479 (trader) to property ID 385 (farm)
44,1488,964,DAY 15/12/2024 - moved 13 animals from property ID 1488 (farm) to property ID 964 (feedlot)
44,1493,1895,DAY 15/12/2024 - moved 6 animals from property ID 1493 (farm) to property ID 1895 (farm)
44,1494,866,DAY 15/12/2024 - moved 6 animals from property ID 1494 (farm) to property ID 866 (feedlot)
44,1505,724,DAY 15/12/2024 - moved 3 animals from property ID 1505 (farm) to property ID 724 (farm)
44,1515,683,DAY 15/12/2024 - moved 8 animals from property ID 1515 (farm) to property ID 683 (farm)
44,1530,1052,DAY 15/12/2024 - moved 1 animals from property ID 1530 (farm) to property ID 1052 (farm)
44,1548,1273,DAY 15/12/2024 - moved 5 animals from property ID 1548 (farm) to property ID 1273 (trader)
44,1579,1301,DAY 15/12/2024 - moved 3 animals from property ID 1579 (farm) to property ID 1301 (saleyard)
44,1604,700,DAY 15/12/2024 - moved 4 animals from property ID 1604 (farm) to property ID 700 (trader)
44,1637,1746,DAY 15/12/2024 - moved 21 animals from property ID 1637 (farm) to property ID 1746 (farm)
44,1654,415,DAY 15/12/2024 - moved 3 animals from property ID 1654 (farm) to property ID 415 (trader)
44,1670,1273,DAY 15/12/2024 - moved 1 animals from property ID 1670 (farm) to property ID 1273 (trader)
44,1676,92,DAY 15/12/2024 - moved 8 animals from property ID 1676 (farm) to property ID 92 (trader)
44,1677,1394,DAY 15/12/2024 - moved 1 animals from property ID 1677 (farm) to property ID 1394 (farm)
44,1715,1205,DAY 15/12/2024 - moved 5 animals from property ID 1715 (farm) to property ID 1205 (farm)
44,1731,402,DAY 15/12/2024 - moved 8 animals from property ID 1731 (farm) to property ID 402 (farm)
44,1743,1823,DAY 15/12/2024 - moved 11 animals from property ID 1743 (farm) to property ID 1823 (trader)
44,1805,158,DAY 15/12/2024 - moved 6 animals from property ID 1805 (farm) to property ID 158 (farm)
44,1809,403,DAY 15/12/2024 - moved 4 animals from property ID 1809 (farm) to property ID 403 (farm)
44,1814,681,DAY 15/12/2024 - moved 4 animals from property ID 1814 (farm) to property ID 681 (farm)
44,1823,968,DAY 15/12/2024 - moved 13 animals from property ID 1823 (trader) to property ID 968 (farm)
44,1823,867,DAY 15/12/2024 - moved 12 animals from property ID 1823 (trader) to property ID 867 (feedlot)
44,1823,1915,DAY 15/12/2024 - moved 12 animals from property ID 1823 (trader) to property ID 1915 (farm)
44,1827,1072,DAY 15/12/2024 - moved 21 animals from property ID 1827 (farm) to property ID 1072 (farm)
44,1828,1907,DAY 15/12/2024 - moved 11 animals from property ID 1828 (farm) to property ID 1907 (feedlot)
44,1850,866,DAY 15/12/2024 - moved 18 animals from property ID 1850 (farm) to property ID 866 (feedlot)
44,1886,1598,DAY 15/12/2024 - moved 4 animals from property ID 1886 (farm) to property ID 1598 (farm)
44,1895,867,DAY 15/12/2024 - moved 1 animals from property ID 1895 (farm) to property ID 867 (feedlot)
44,1899,189,DAY 15/12/2024 - moved 4 animals from property ID 1899 (farm) to property ID 189 (saleyard)
44,1902,700,DAY 15/12/2024 - moved 1 animals from property ID 1902 (farm) to property ID 700 (trader)
44,1904,524,DAY 15/12/2024 - moved 2 animals from property ID 1904 (farm) to property ID 524 (feedlot)
44,1905,1940,DAY 15/12/2024 - moved 5 animals from property ID 1905 (farm) to property ID 1940 (farm)
44,1919,1119,DAY 15/12/2024 - moved 3 animals from property ID 1919 (farm) to property ID 1119 (trader)
44,1938,1881,DAY 15/12/2024 - moved 5 animals from property ID 1938 (farm) to property ID 1881 (farm)
44,1966,663,DAY 15/12/2024 - moved 6 animals from property ID 1966 (farm) to property ID 663 (farm)
44,1975,1301,DAY 15/12/2024 - moved 2 animals from property ID 1975 (farm) to property ID 1301 (saleyard)
44,1984,1352,DAY 15/12/2024 - moved 2 animals from property ID 1984 (farm) to property ID 1352 (farm)
44,1992,1110,DAY 15/12/2024 - moved 7 animals from property ID 1992 (farm) to property ID 1110 (feedlot)
44,1996,1293,DAY 15/12/2024 - moved 2 animals from property ID 1996 (farm) to property ID 1293 (farm)
45,5,1554,DAY 16/12/2024 - moved 8 animals from property ID 5 (farm) to property ID 1554 (farm)
45,19,782,DAY 16/12/2024 - moved 15 animals from property ID 19 (farm) to property ID 782 (trader)
45,36,1699,DAY 16/12/2024 - moved 16 animals from property ID 36 (farm) to property ID 1699 (farm)
45,54,1479,DAY 16/12/2024 - moved 9 animals from property ID 54 (farm) to property ID 1479 (trader)
45,55,251,DAY 16/12/2024 - moved 5 animals from property ID 55 (farm) to property ID 251 (farm)
45,92,935,DAY 16/12/2024 - moved 13 animals from property ID 92 (trader) to property ID 935 (farm)
45,92,1293,DAY 16/12/2024 - moved 12 animals from property ID 92 (trader) to property ID 1293 (farm)
45,92,1197,DAY 16/12/2024 - moved 12 animals from property ID 92 (trader) to property ID 1197 (farm)
45,108,1301,DAY 16/12/2024 - moved 3 animals from property ID 108 (farm) to property ID 1301 (saleyard)
45,112,867,DAY 16/12/2024 - moved 4 animals from property ID 112 (farm) to property ID 867 (feedlot)
45,129,1793,DAY 16/12/2024 - moved 3 animals from property ID 129 (farm) to property ID 1793 (farm)
45,165,351,DAY 16/12/2024 - moved 12 animals from property ID 165 (farm) to property ID 351 (farm)
45,166,1590,DAY 16/12/2024 - moved 12 animals from property ID 166 (farm) to property ID 1590 (farm)
45,170,433,DAY 16/12/2024 - moved 6 animals from property ID 170 (farm) to property ID 433 (farm)
45,189,964,DAY 16/12/2024 - moved 11 animals from property ID 189 (saleyard) to property ID 964 (feedlot)
45,189,1109,DAY 16/12/2024 - moved 11 animals from property ID 189 (saleyard) to property ID 1109 (feedlot)
45,189,308,DAY 16/12/2024 - moved 10 animals from property ID 189 (saleyard) to property ID 308 (farm)
45,189,1930,DAY 16/12/2024 - moved 10 animals from property ID 189 (saleyard) to property ID 1930 (farm)
45,192,1823,DAY 16/12/2024 - moved 1 animals from property ID 192 (farm) to property ID 1823 (trader)
45,194,1479,DAY 16/12/2024 - moved 13 animals from property ID 194 (farm) to property ID 1479 (trader)
45,242,382,DAY 16/12/2024 - moved 4 animals from property ID 242 (farm) to property ID 382 (farm)
45,243,1110,DAY 16/12/2024 - moved 16 animals from property ID 243 (farm) to property ID 1110 (feedlot)
45,258,1147,DAY 16/12/2024 - moved 4 animals from property ID 258 (farm) to property ID 1147 (farm)
45,261,264,DAY 16/12/2024 - moved 3 animals from property ID 261 (farm) to property ID 264 (feedlot)
45,275,1691,DAY 16/12/2024 - moved 8 animals from property ID 275 (farm) to property ID 1691 (farm)
45,279,801,DAY 16/12/2024 - moved 2 animals from property ID 279 (farm) to property ID 801 (farm)
45,282,136,DAY 16/12/2024 - moved 6 animals from property ID 282 (farm) to property ID 136 (farm)
45,325,806,DAY 16/12/2024 - moved 15 animals from property ID 325 (farm) to property ID 806 (farm)
45,354,632,DAY 16/12/2024 - moved 6 animals from property ID 354 (farm) to property ID 632 (farm)
45,368,1201,DAY 16/12/2024 - moved 7 animals from property ID 368 (farm) to property ID 1201 (farm)
45,382,1146,DAY 16/12/2024 - moved 4 animals from property ID 382 (farm) to property ID 1146 (farm)
45,391,866,DAY 16/12/2024 - moved 9 animals from property ID 391 (farm) to property ID 866 (feedlot)
45,395,526,DAY 16/12/2024 - moved 40 animals from property ID 395 (farm) to property ID 526 (farm)
45,414,1715,DAY 16/12/2024 - moved 1 animals from property ID 414 (farm) to property ID 1715 (farm)
45,415,188,DAY 16/12/2024 - moved 18 animals from property ID 415 (trader) to property ID 188 (feedlot)
45,422,1301,DAY 16/12/2024 - moved 6 animals from property ID 422 (farm) to property ID 1301 (saleyard)
45,423,758,DAY 16/12/2024 - moved 14 animals from property ID 423 (farm) to property ID 758 (feedlot)
45,447,1297,DAY 16/12/2024 - moved 19 animals from property ID 447 (farm) to property ID 1297 (farm)
45,455,700,DAY 16/12/2024 - moved 11 animals from property ID 455 (farm) to property ID 700 (trader)
45,499,264,DAY 16/12/2024 - moved 3 animals from property ID 499 (farm) to property ID 264 (feedlot)
45,528,1273,DAY 16/12/2024 - moved 4 animals from property ID 528 (farm) to property ID 1273 (trader)
45,580,1823,DAY 16/12/2024 - moved 4 animals from property ID 580 (farm) to property ID 1823 (trader)
45,598,156,DAY 16/12/2024 - moved 8 animals from property ID 598 (farm) to property ID 156 (farm)
45,615,707,DAY 16/12/2024 - moved 2 animals from property ID 615 (farm) to property ID 707 (farm)
45,624,1313,DAY 16/12/2024 - moved 3 animals from property ID 624 (farm) to property ID 1313 (farm)
45,633,964,DAY 16/12/2024 - moved 4 animals from property ID 633 (farm) to property ID 964 (feedlot)
45,668,1823,DAY 16/12/2024 - moved 9 animals from property ID 668 (farm) to property ID 1823 (trader)
45,698,1823,DAY 16/12/2024 - moved 3 animals from property ID 698 (farm) to property ID 1823 (trader)
45,700,634,DAY 16/12/2024 - moved 14 animals from property ID 700 (trader) to property ID 634 (farm)
45,705,1893,DAY 16/12/2024 - moved 9 animals from property ID 705 (farm) to property ID 1893 (farm)
45,717,189,DAY 16/12/2024 - moved 6 animals from property ID 717 (farm) to property ID 189 (saleyard)
45,719,456,DAY 16/12/2024 - moved 5 animals from property ID 719 (farm) to property ID 456 (farm)
45,721,1479,DAY 16/12/2024 - moved 12 animals from property ID 721 (farm) to property ID 1479 (trader)
45,733,415,DAY 16/12/2024 - moved 7 animals from property ID 733 (farm) to property ID 415 (trader)
45,753,1230,DAY 16/12/2024 - moved 10 animals from property ID 753 (farm) to property ID 1230 (farm)
45,782,447,DAY 16/12/2024 - moved 23 animals from property ID 782 (trader) to property ID 447 (farm)
45,782,745,DAY 16/12/2024 - moved 23 animals from property ID 782 (trader) to property ID 745 (farm)
45,795,762,DAY 16/12/2024 - moved 9 animals from property ID 795 (farm) to property ID 762 (farm)
45,800,1301,DAY 16/12/2024 - moved 5 animals from property ID 800 (farm) to property ID 1301 (saleyard)
45,814,1458,DAY 16/12/2024 - moved 12 animals from property ID 814 (farm) to property ID 1458 (farm)
45,823,188,DAY 16/12/2024 - moved 5 animals from property ID 823 (farm) to property ID 188 (feedlot)
45,824,1301,DAY 16/12/2024 - moved 16 animals from property ID 824 (farm) to property ID 1301 (saleyard)
45,882,904,DAY 16/12/2024 - moved 17 animals from property ID 882 (farm) to property ID 904 (trader)
45,890,415,DAY 16/12/2024 - moved 1 animals from property ID 890 (farm) to property ID 415 (trader)
45,893,867,DAY 16/12/2024 - moved 2 animals from property ID 893 (farm) to property ID 867 (feedlot)
45,903,499,DAY 16/12/2024 - moved 5 animals from property ID 903 (farm) to property ID 499 (farm)
45,904,876,DAY 16/12/2024 - moved 3 animals from property ID 904 (trader) to property ID 876 (farm)
45,904,201,DAY 16/12/2024 - moved 4 animals from property ID 904 (trader) to property ID 201 (farm)
45,904,264,DAY 16/12/2024 - moved 4 animals from property ID 904 (trader) to property ID 264 (feedlot)
45,914,1860,DAY 16/12/2024 - moved 16 animals from property ID 914 (farm) to property ID 1860 (farm)
45,947,1772,DAY 16/12/2024 - moved 7 animals from property ID 947 (farm) to property ID 1772 (farm)
45,950,782,DAY 16/12/2024 - moved 3 animals from property ID 950 (farm) to property ID 782 (trader)
45,958,1352,DAY 16/12/2024 - moved 16 animals from property ID 958 (farm) to property ID 1352 (farm)
45,961,385,DAY 16/12/2024 - moved 13 animals from property ID 961 (farm) to property ID 385 (farm)
45,965,698,DAY 16/12/2024 - moved 8 animals from property ID 965 (farm) to property ID 698 (farm)
45,984,415,DAY 16/12/2024 - moved 9 animals from property ID 984 (farm) to property ID 415 (trader)
45,1020,1974,DAY 16/12/2024 - moved 20 animals from property ID 1020 (farm) to property ID 1974 (farm)
45,1060,1821,DAY 16/12/2024 - moved 4 animals from property ID 1060 (farm) to property ID 1821 (farm)
45,1091,700,DAY 16/12/2024 - moved 8 animals from property ID 1091 (farm) to property ID 700 (trader)
45,1112,1823,DAY 16/12/2024 - moved 4 animals from property ID 1112 (farm) to property ID 1823 (trader)
45,1119,1367,DAY 16/12/2024 - moved 9 animals from property ID 1119 (trader) to property ID 1367 (farm)
45,1119,1301,DAY 16/12/2024 - moved 10 animals from property ID 1119 (trader) to property ID 1301 (saleyard)
45,1140,5,DAY 16/12/2024 - moved 4 animals from property ID 1140 (farm) to property ID 5 (farm)
45,1158,1518,DAY 16/12/2024 - moved 8 animals from property ID 1158 (farm) to property ID 1518 (farm)
45,1181,1526,DAY 16/12/2024 - moved 19 animals from property ID 1181 (farm) to property ID 1526 (farm)
45,1189,189,DAY 16/12/2024 - moved 7 animals from property ID 1189 (farm) to property ID 189 (saleyard)
45,1201,415,DAY 16/12/2024 - moved 1 animals from property ID 1201 (farm) to property ID 415 (trader)
45,1208,921,DAY 16/12/2024 - moved 1 animals from property ID 1208 (farm) to property ID 921 (farm)
45,1215,867,DAY 16/12/2024 - moved 3 animals from property ID 1215 (farm) to property ID 867 (feedlot)
45,1220,92,DAY 16/12/2024 - moved 5 animals from property ID 1220 (farm) to property ID 92 (trader)
45,1238,1785,DAY 16/12/2024 - moved 32 animals from property ID 1238 (farm) to property ID 1785 (farm)
45,1258,904,DAY 16/12/2024 - moved 3 animals from property ID 1258 (farm) to property ID 904 (trader)
45,1288,1247,DAY 16/12/2024 - moved 8 animals from property ID 1288 (farm) to property ID 1247 (farm)
45,1296,1110,DAY 16/12/2024 - moved 5 animals from property ID 1296 (farm) to property ID 1110 (feedlot)
45,1299,867,DAY 16/12/2024 - moved 5 animals from property ID 1299 (farm) to property ID 867 (feedlot)
45,1301,930,DAY 16/12/2024 - moved 11 animals from property ID 1301 (saleyard) to property ID 930 (farm)
45,1301,63,DAY 16/12/2024 - moved 10 animals from property ID 1301 (saleyard) to property ID 63 (farm)
45,1301,867,DAY 16/12/2024 - moved 10 animals from property ID 1301 (saleyard) to property ID 867 (feedlot)
45,1301,197,DAY 16/12/2024 - moved 10 animals from property ID 1301 (saleyard) to property ID 197 (farm)
45,1312,866,DAY 16/12/2024 - moved 17 animals from property ID 1312 (farm) to property ID 866 (feedlot)
45,1322,866,DAY 16/12/2024 - moved 3 animals from property ID 1322 (farm) to property ID 866 (feedlot)
45,1370,980,DAY 16/12/2024 - moved 37 animals from property ID 1370 (farm) to property ID 980 (farm)
45,1405,398,DAY 16/12/2024 - moved 27 animals from property ID 1405 (farm) to property ID 398 (farm)
45,1425,188,DAY 16/12/2024 - moved 2 animals from property ID 1425 (farm) to property ID 188 (feedlot)
45,1446,782,DAY 16/12/2024 - moved 7 animals from property ID 1446 (farm) to property ID 782 (trader)
45,1474,623,DAY 16/12/2024 - moved 3 animals from property ID 1474 (farm) to property ID 623 (farm)
45,1479,900,DAY 16/12/2024 - moved 47 animals from property ID 1479 (trader) to property ID 900 (farm)
45,1520,1119,DAY 16/12/2024 - moved 1 animals from property ID 1520 (farm) to property ID 1119 (trader)
45,1528,1454,DAY 16/12/2024 - moved 7 animals from property ID 1528 (farm) to property ID 1454 (farm)
45,1531,415,DAY 16/12/2024 - moved 4 animals from property ID 1531 (farm) to property ID 415 (trader)
45,1537,524,DAY 16/12/2024 - moved 6 animals from property ID 1537 (farm) to property ID 524 (feedlot)
45,1554,782,DAY 16/12/2024 - moved 12 animals from property ID 1554 (farm) to property ID 782 (trader)
45,1578,111,DAY 16/12/2024 - moved 11 animals from property ID 1578 (farm) to property ID 111 (farm)
45,1584,1907,DAY 16/12/2024 - moved 12 animals from property ID 1584 (farm) to property ID 1907 (feedlot)
45,1585,1301,DAY 16/12/2024 - moved 2 animals from property ID 1585 (farm) to property ID 1301 (saleyard)
45,1598,782,DAY 16/12/2024 - moved 4 animals from property ID 1598 (farm) to property ID 782 (trader)
45,1607,904,DAY 16/12/2024 - moved 1 animals from property ID 1607 (farm) to property ID 904 (trader)
45,1613,1100,DAY 16/12/2024 - moved 16 animals from property ID 1613 (farm) to property ID 1100 (farm)
45,1618,1370,DAY 16/12/2024 - moved 29 animals from property ID 1618 (farm) to property ID 1370 (farm)
45,1623,1301,DAY 16/12/2024 - moved 8 animals from property ID 1623 (farm) to property ID 1301 (saleyard)
45,1629,1301,DAY 16/12/2024 - moved 3 animals from property ID 1629 (farm) to property ID 1301 (saleyard)
45,1638,228,DAY 16/12/2024 - moved 1 animals from property ID 1638 (farm) to property ID 228 (farm)
45,1661,189,DAY 16/12/2024 - moved 22 animals from property ID 1661 (farm) to property ID 189 (saleyard)
45,1663,1000,DAY 16/12/2024 - moved 14 animals from property ID 1663 (farm) to property ID 1000 (farm)
45,1702,1823,DAY 16/12/2024 - moved 5 animals from property ID 1702 (farm) to property ID 1823 (trader)
45,1703,1125,DAY 16/12/2024 - moved 3 animals from property ID 1703 (farm) to property ID 1125 (farm)
45,1706,415,DAY 16/12/2024 - moved 3 animals from property ID 1706 (farm) to property ID 415 (trader)
45,1821,782,DAY 16/12/2024 - moved 17 animals from property ID 1821 (farm) to property ID 782 (trader)
45,1823,698,DAY 16/12/2024 - moved 17 animals from property ID 1823 (trader) to property ID 698 (farm)
45,1823,1301,DAY 16/12/2024 - moved 17 animals from property ID 1823 (trader) to property ID 1301 (saleyard)
45,1842,92,DAY 16/12/2024 - moved 10 animals from property ID 1842 (farm) to property ID 92 (trader)
45,1857,1695,DAY 16/12/2024 - moved 7 animals from property ID 1857 (farm) to property ID 1695 (farm)
45,1868,399,DAY 16/12/2024 - moved 6 animals from property ID 1868 (farm) to property ID 399 (farm)
45,1880,1409,DAY 16/12/2024 - moved 8 animals from property ID 1880 (farm) to property ID 1409 (farm)
45,1909,1273,DAY 16/12/2024 - moved 3 animals from property ID 1909 (farm) to property ID 1273 (trader)
45,1923,31,DAY 16/12/2024 - moved 21 animals from property ID 1923 (farm) to property ID 31 (farm)
45,1929,843,DAY 16/12/2024 - moved 2 animals from property ID 1929 (farm) to property ID 843 (farm)
45,1930,188,DAY 16/12/2024 - moved 21 animals from property ID 1930 (farm) to property ID 188 (feedlot)
45,1939,852,DAY 16/12/2024 - moved 2 animals from property ID 1939 (farm) to property ID 852 (farm)
45,1968,188,DAY 16/12/2024 - moved 8 animals from property ID 1968 (farm) to property ID 188 (feedlot)
45,1971,119,DAY 16/12/2024 - moved 3 animals from property ID 1971 (farm) to property ID 119 (farm)
45,1979,144,DAY 16/12/2024 - moved 1 animals from property ID 1979 (farm) to property ID 144 (farm)
45,1982,1077,DAY 16/12/2024 - moved 13 animals from property ID 1982 (farm) to property ID 1077 (farm)
46,7,140,DAY 17/12/2024 - moved 6 animals from property ID 7 (farm) to property ID 140 (farm)
46,12,1431,DAY 17/12/2024 - moved 4 animals from property ID 12 (farm) to property ID 1431 (farm)
46,20,451,DAY 17/12/2024 - moved 3 animals from property ID 20 (farm) to property ID 451 (farm)
46,23,867,DAY 17/12/2024 - moved 4 animals from property ID 23 (farm) to property ID 867 (feedlot)
46,27,1301,DAY 17/12/2024 - moved 1 animals from property ID 27 (farm) to property ID 1301 (saleyard)
46,31,139,DAY 17/12/2024 - moved 4 animals from property ID 31 (farm) to property ID 139 (farm)
46,33,189,DAY 17/12/2024 - moved 16 animals from property ID 33 (farm) to property ID 189 (saleyard)
46,87,866,DAY 17/12/2024 - moved 4 animals from property ID 87 (farm) to property ID 866 (feedlot)
46,92,1064,DAY 17/12/2024 - moved 17 animals from property ID 92 (trader) to property ID 1064 (farm)
46,92,749,DAY 17/12/2024 - moved 16 animals from property ID 92 (trader) to property ID 749 (farm)
46,98,1076,DAY 17/12/2024 - moved 5 animals from property ID 98 (farm) to property ID 1076 (farm)
46,102,1839,DAY 17/12/2024 - moved 14 animals from property ID 102 (farm) to property ID 1839 (farm)
46,156,1336,DAY 17/12/2024 - moved 2 animals from property ID 156 (farm) to property ID 1336 (farm)
46,182,377,DAY 17/12/2024 - moved 3 animals from property ID 182 (farm) to property ID 377 (farm)
46,189,1415,DAY 17/12/2024 - moved 9 animals from property ID 189 (saleyard) to property ID 1415 (farm)
46,189,1998,DAY 17/12/2024 - moved 8 animals from property ID 189 (saleyard) to property ID 1998 (farm)
46,189,964,DAY 17/12/2024 - moved 8 animals from property ID 189 (saleyard) to property ID 964 (feedlot)
46,189,1109,DAY 17/12/2024 - moved 8 animals from property ID 189 (saleyard) to property ID 1109 (feedlot)
46,189,188,DAY 17/12/2024 - moved 8 animals from property ID 189 (saleyard) to property ID 188 (feedlot)
46,205,1109,DAY 17/12/2024 - moved 4 animals from property ID 205 (farm) to property ID 1109 (feedlot)
46,208,1666,DAY 17/12/2024 - moved 10 animals from property ID 208 (farm) to property ID 1666 (feedlot)
46,224,1290,DAY 17/12/2024 - moved 2 animals from property ID 224 (farm) to property ID 1290 (farm)
46,253,178,DAY 17/12/2024 - moved 51 animals from property ID 253 (farm) to property ID 178 (farm)
46,262,1479,DAY 17/12/2024 - moved 8 animals from property ID 262 (farm) to property ID 1479 (trader)
46,267,1301,DAY 17/12/2024 - moved 2 animals from property ID 267 (farm) to property ID 1301 (saleyard)
46,271,441,DAY 17/12/2024 - moved 6 animals from property ID 271 (farm) to property ID 441 (farm)
46,299,782,DAY 17/12/2024 - moved 3 animals from property ID 299 (farm) to property ID 782 (trader)
46,300,1666,DAY 17/12/2024 - moved 6 animals from property ID 300 (farm) to property ID 1666 (feedlot)
46,341,1217,DAY 17/12/2024 - moved 12 animals from property ID 341 (farm) to property ID 1217 (farm)
46,355,1666,DAY 17/12/2024 - moved 6 animals from property ID 355 (farm) to property ID 1666 (feedlot)
46,356,1420,DAY 17/12/2024 - moved 2 animals from property ID 356 (farm) to property ID 1420 (farm)
46,371,1575,DAY 17/12/2024 - moved 4 animals from property ID 371 (farm) to property ID 1575 (farm)
46,378,1479,DAY 17/12/2024 - moved 21 animals from property ID 378 (farm) to property ID 1479 (trader)
46,389,1823,DAY 17/12/2024 - moved 11 animals from property ID 389 (farm) to property ID 1823 (trader)
46,415,983,DAY 17/12/2024 - moved 19 animals from property ID 415 (trader) to property ID 983 (farm)
46,434,371,DAY 17/12/2024 - moved 2 animals from property ID 434 (farm) to property ID 371 (farm)
46,437,267,DAY 17/12/2024 - moved 6 animals from property ID 437 (farm) to property ID 267 (farm)
46,448,782,DAY 17/12/2024 - moved 13 animals from property ID 448 (farm) to property ID 782 (trader)
46,473,183,DAY 17/12/2024 - moved 5 animals from property ID 473 (farm) to property ID 183 (farm)
46,507,1387,DAY 17/12/2024 - moved 7 animals from property ID 507 (farm) to property ID 1387 (farm)
46,531,1493,DAY 17/12/2024 - moved 6 animals from property ID 531 (farm) to property ID 1493 (farm)
46,534,867,DAY 17/12/2024 - moved 10 animals from property ID 534 (farm) to property ID 867 (feedlot)
46,563,264,DAY 17/12/2024 - moved 4 animals from property ID 563 (farm) to property ID 264 (feedlot)
46,581,189,DAY 17/12/2024 - moved 2 animals from property ID 581 (farm) to property ID 189 (saleyard)
46,613,415,DAY 17/12/2024 - moved 1 animals from property ID 613 (farm) to property ID 415 (trader)
46,619,1445,DAY 17/12/2024 - moved 8 animals from property ID 619 (farm) to property ID 1445 (farm)
46,621,867,DAY 17/12/2024 - moved 4 animals from property ID 621 (farm) to property ID 867 (feedlot)
46,663,1273,DAY 17/12/2024 - moved 5 animals from property ID 663 (farm) to property ID 1273 (trader)
46,676,529,DAY 17/12/2024 - moved 4 animals from property ID 676 (farm) to property ID 529 (farm)
46,678,1785,DAY 17/12/2024 - moved 64 animals from property ID 678 (farm) to property ID 1785 (farm)
46,681,1109,DAY 17/12/2024 - moved 7 animals from property ID 681 (farm) to property ID 1109 (feedlot)
46,682,1704,DAY 17/12/2024 - moved 29 animals from property ID 682 (farm) to property ID 1704 (farm)
46,690,189,DAY 17/12/2024 - moved 6 animals from property ID 690 (farm) to property ID 189 (saleyard)
46,700,264,DAY 17/12/2024 - moved 15 animals from property ID 700 (trader) to property ID 264 (feedlot)
46,723,1823,DAY 17/12/2024 - moved 3 animals from property ID 723 (farm) to property ID 1823 (trader)
46,740,832,DAY 17/12/2024 - moved 10 animals from property ID 740 (farm) to property ID 832 (farm)
46,760,1527,DAY 17/12/2024 - moved 8 animals from property ID 760 (farm) to property ID 1527 (farm)
46,782,1405,DAY 17/12/2024 - moved 16 animals from property ID 782 (trader) to property ID 1405 (farm)
46,782,458,DAY 17/12/2024 - moved 16 animals from property ID 782 (trader) to property ID 458 (abbattoir)
46,782,60,DAY 17/12/2024 - moved 16 animals from property ID 782 (trader) to property ID 60 (farm)
46,788,1119,DAY 17/12/2024 - moved 4 animals from property ID 788 (farm) to property ID 1119 (trader)
46,813,1411,DAY 17/12/2024 - moved 4 animals from property ID 813 (farm) to property ID 1411 (farm)
46,841,125,DAY 17/12/2024 - moved 2 animals from property ID 841 (farm) to property ID 125 (farm)
46,850,487,DAY 17/12/2024 - moved 19 animals from property ID 850 (farm) to property ID 487 (farm)
46,871,964,DAY 17/12/2024 - moved 1 animals from property ID 871 (farm) to property ID 964 (feedlot)
46,902,1090,DAY 17/12/2024 - moved 5 animals from property ID 902 (farm) to property ID 1090 (farm)
46,904,328,DAY 17/12/2024 - moved 13 animals from property ID 904 (trader) to property ID 328 (farm)
46,923,964,DAY 17/12/2024 - moved 9 animals from property ID 923 (farm) to property ID 964 (feedlot)
46,952,1479,DAY 17/12/2024 - moved 6 animals from property ID 952 (farm) to property ID 1479 (trader)
46,955,782,DAY 17/12/2024 - moved 8 animals from property ID 955 (farm) to property ID 782 (trader)
46,956,1273,DAY 17/12/2024 - moved 5 animals from property ID 956 (farm) to property ID 1273 (trader)
46,971,189,DAY 17/12/2024 - moved 4 animals from property ID 971 (farm) to property ID 189 (saleyard)
46,976,406,DAY 17/12/2024 - moved 5 animals from property ID 976 (farm) to property ID 406 (farm)
46,992,520,DAY 17/12/2024 - moved 2 animals from property ID 992 (farm) to property ID 520 (farm)
46,995,1339,DAY 17/12/2024 - moved 16 animals from property ID 995 (farm) to property ID 1339 (farm)
46,1001,92,DAY 17/12/2024 - moved 12 animals from property ID 1001 (farm) to property ID 92 (trader)
46,1012,758,DAY 17/12/2024 - moved 25 animals from property ID 1012 (farm) to property ID 758 (feedlot)
46,1014,533,DAY 17/12/2024 - moved 4 animals from property ID 1014 (farm) to property ID 533 (farm)
46,1038,760,DAY 17/12/2024 - moved 23 animals from property ID 1038 (farm) to property ID 760 (farm)
46,1046,273,DAY 17/12/2024 - moved 17 animals from property ID 1046 (farm) to property ID 273 (farm)
46,1081,1301,DAY 17/12/2024 - moved 1 animals from property ID 1081 (farm) to property ID 1301 (saleyard)
46,1119,415,DAY 17/12/2024 - moved 15 animals from property ID 1119 (trader) to property ID 415 (trader)
46,1149,1909,DAY 17/12/2024 - moved 7 animals from property ID 1149 (farm) to property ID 1909 (farm)
46,1160,1823,DAY 17/12/2024 - moved 7 animals from property ID 1160 (farm) to property ID 1823 (trader)
46,1169,758,DAY 17/12/2024 - moved 4 animals from property ID 1169 (farm) to property ID 758 (feedlot)
46,1176,1833,DAY 17/12/2024 - moved 3 animals from property ID 1176 (farm) to property ID 1833 (farm)
46,1197,92,DAY 17/12/2024 - moved 3 animals from property ID 1197 (farm) to property ID 92 (trader)
46,1200,458,DAY 17/12/2024 - moved 22 animals from property ID 1200 (farm) to property ID 458 (abbattoir)
46,1202,1110,DAY 17/12/2024 - moved 5 animals from property ID 1202 (farm) to property ID 1110 (feedlot)
46,1219,1301,DAY 17/12/2024 - moved 15 animals from property ID 1219 (farm) to property ID 1301 (saleyard)
46,1228,700,DAY 17/12/2024 - moved 7 animals from property ID 1228 (farm) to property ID 700 (trader)
46,1273,435,DAY 17/12/2024 - moved 21 animals from property ID 1273 (trader) to property ID 435 (farm)
46,1273,519,DAY 17/12/2024 - moved 22 animals from property ID 1273 (trader) to property ID 519 (farm)
46,1274,1367,DAY 17/12/2024 - moved 5 animals from property ID 1274 (farm) to property ID 1367 (farm)
46,1284,866,DAY 17/12/2024 - moved 17 animals from property ID 1284 (farm) to property ID 866 (feedlot)
46,1301,1119,DAY 17/12/2024 - moved 23 animals from property ID 1301 (saleyard) to property ID 1119 (trader)
46,1301,867,DAY 17/12/2024 - moved 24 animals from property ID 1301 (saleyard) to property ID 867 (feedlot)
46,1304,92,DAY 17/12/2024 - moved 2 animals from property ID 1304 (farm) to property ID 92 (trader)
46,1316,773,DAY 17/12/2024 - moved 2 animals from property ID 1316 (farm) to property ID 773 (farm)
46,1330,1907,DAY 17/12/2024 - moved 5 animals from property ID 1330 (farm) to property ID 1907 (feedlot)
46,1343,1479,DAY 17/12/2024 - moved 8 animals from property ID 1343 (farm) to property ID 1479 (trader)
46,1388,92,DAY 17/12/2024 - moved 15 animals from property ID 1388 (farm) to property ID 92 (trader)
46,1390,1273,DAY 17/12/2024 - moved 5 animals from property ID 1390 (farm) to property ID 1273 (trader)
46,1398,399,DAY 17/12/2024 - moved 5 animals from property ID 1398 (farm) to property ID 399 (farm)
46,1412,964,DAY 17/12/2024 - moved 10 animals from property ID 1412 (farm) to property ID 964 (feedlot)
46,1415,542,DAY 17/12/2024 - moved 1 animals from property ID 1415 (farm) to property ID 542 (farm)
46,1421,1554,DAY 17/12/2024 - moved 6 animals from property ID 1421 (farm) to property ID 1554 (farm)
46,1422,322,DAY 17/12/2024 - moved 8 animals from property ID 1422 (farm) to property ID 322 (farm)
46,1441,758,DAY 17/12/2024 - moved 14 animals from property ID 1441 (farm) to property ID 758 (feedlot)
46,1475,1823,DAY 17/12/2024 - moved 4 animals from property ID 1475 (farm) to property ID 1823 (trader)
46,1479,325,DAY 17/12/2024 - moved 44 animals from property ID 1479 (trader) to property ID 325 (farm)
46,1532,189,DAY 17/12/2024 - moved 1 animals from property ID 1532 (farm) to property ID 189 (saleyard)
46,1533,524,DAY 17/12/2024 - moved 3 animals from property ID 1533 (farm) to property ID 524 (feedlot)
46,1574,1301,DAY 17/12/2024 - moved 8 animals from property ID 1574 (farm) to property ID 1301 (saleyard)
46,1582,1666,DAY 17/12/2024 - moved 3 animals from property ID 1582 (farm) to property ID 1666 (feedlot)
46,1608,1301,DAY 17/12/2024 - moved 1 animals from property ID 1608 (farm) to property ID 1301 (saleyard)
46,1620,1301,DAY 17/12/2024 - moved 2 animals from property ID 1620 (farm) to property ID 1301 (saleyard)
46,1626,1685,DAY 17/12/2024 - moved 14 animals from property ID 1626 (farm) to property ID 1685 (farm)
46,1634,1479,DAY 17/12/2024 - moved 8 animals from property ID 1634 (farm) to property ID 1479 (trader)
46,1646,801,DAY 17/12/2024 - moved 6 animals from property ID 1646 (farm) to property ID 801 (farm)
46,1652,1471,DAY 17/12/2024 - moved 5 animals from property ID 1652 (farm) to property ID 1471 (farm)
46,1690,1742,DAY 17/12/2024 - moved 10 animals from property ID 1690 (farm) to property ID 1742 (farm)
46,1742,445,DAY 17/12/2024 - moved 2 animals from property ID 1742 (farm) to property ID 445 (farm)
46,1787,1907,DAY 17/12/2024 - moved 15 animals from property ID 1787 (farm) to property ID 1907 (feedlot)
46,1794,188,DAY 17/12/2024 - moved 3 animals from property ID 1794 (farm) to property ID 188 (feedlot)
46,1806,772,DAY 17/12/2024 - moved 7 animals from property ID 1806 (farm) to property ID 772 (farm)
46,1810,92,DAY 17/12/2024 - moved 8 animals from property ID 1810 (farm) to property ID 92 (trader)
46,1815,168,DAY 17/12/2024 - moved 14 animals from property ID 1815 (farm) to property ID 168 (farm)
46,1823,1306,DAY 17/12/2024 - moved 16 animals from property ID 1823 (trader) to property ID 1306 (farm)
46,1823,867,DAY 17/12/2024 - moved 16 animals from property ID 1823 (trader) to property ID 867 (feedlot)
46,1840,867,DAY 17/12/2024 - moved 11 animals from property ID 1840 (farm) to property ID 867 (feedlot)
46,1854,188,DAY 17/12/2024 - moved 4 animals from property ID 1854 (farm) to property ID 188 (feedlot)
46,1878,1301,DAY 17/12/2024 - moved 22 animals from property ID 1878 (farm) to property ID 1301 (saleyard)
46,1884,955,DAY 17/12/2024 - moved 5 animals from property ID 1884 (farm) to property ID 955 (farm)
46,1893,1521,DAY 17/12/2024 - moved 4 animals from property ID 1893 (farm) to property ID 1521 (farm)
46,1918,1316,DAY 17/12/2024 - moved 22 animals from property ID 1918 (farm) to property ID 1316 (farm)
46,1945,165,DAY 17/12/2024 - moved 51 animals from property ID 1945 (farm) to property ID 165 (farm)
46,1953,1273,DAY 17/12/2024 - moved 6 animals from property ID 1953 (farm) to property ID 1273 (trader)
46,1990,866,DAY 17/12/2024 - moved 4 animals from property ID 1990 (farm) to property ID 866 (feedlot)
46,1998,189,DAY 17/12/2024 - moved 8 animals from property ID 1998 (farm) to property ID 189 (saleyard)
47,40,1301,DAY 18/12/2024 - moved 3 animals from property ID 40 (farm) to property ID 1301 (saleyard)
47,58,1906,DAY 18/12/2024 - moved 4 animals from property ID 58 (farm) to property ID 1906 (farm)
47,73,1479,DAY 18/12/2024 - moved 7 animals from property ID 73 (farm) to property ID 1479 (trader)
47,77,1258,DAY 18/12/2024 - moved 8 animals from property ID 77 (farm) to property ID 1258 (farm)
47,80,188,DAY 18/12/2024 - moved 1 animals from property ID 80 (farm) to property ID 188 (feedlot)
47,86,40,DAY 18/12/2024 - moved 6 animals from property ID 86 (farm) to property ID 40 (farm)
47,92,1911,DAY 18/12/2024 - moved 34 animals from property ID 92 (trader) to property ID 1911 (farm)
47,104,203,DAY 18/12/2024 - moved 4 animals from property ID 104 (farm) to property ID 203 (farm)
47,126,313,DAY 18/12/2024 - moved 4 animals from property ID 126 (farm) to property ID 313 (farm)
47,138,1273,DAY 18/12/2024 - moved 4 animals from property ID 138 (farm) to property ID 1273 (trader)
47,150,964,DAY 18/12/2024 - moved 20 animals from property ID 150 (farm) to property ID 964 (feedlot)
47,173,1668,DAY 18/12/2024 - moved 3 animals from property ID 173 (farm) to property ID 1668 (farm)
47,177,342,DAY 18/12/2024 - moved 6 animals from property ID 177 (farm) to property ID 342 (farm)
47,179,964,DAY 18/12/2024 - moved 7 animals from property ID 179 (farm) to property ID 964 (feedlot)
47,180,473,DAY 18/12/2024 - moved 3 animals from property ID 180 (farm) to property ID 473 (farm)
47,219,1478,DAY 18/12/2024 - moved 16 animals from property ID 219 (farm) to property ID 1478 (farm)
47,225,189,DAY 18/12/2024 - moved 6 animals from property ID 225 (farm) to property ID 189 (saleyard)
47,241,1119,DAY 18/12/2024 - moved 1 animals from property ID 241 (farm) to property ID 1119 (trader)
47,277,867,DAY 18/12/2024 - moved 5 animals from property ID 277 (farm) to property ID 867 (feedlot)
47,291,572,DAY 18/12/2024 - moved 6 animals from property ID 291 (farm) to property ID 572 (farm)
47,301,1823,DAY 18/12/2024 - moved 5 animals from property ID 301 (farm) to property ID 1823 (trader)
47,313,758,DAY 18/12/2024 - moved 14 animals from property ID 313 (farm) to property ID 758 (feedlot)
47,328,700,DAY 18/12/2024 - moved 6 animals from property ID 328 (farm) to property ID 700 (trader)
47,338,1273,DAY 18/12/2024 - moved 23 animals from property ID 338 (farm) to property ID 1273 (trader)
47,347,1823,DAY 18/12/2024 - moved 3 animals from property ID 347 (farm) to property ID 1823 (trader)
47,365,782,DAY 18/12/2024 - moved 9 animals from property ID 365 (farm) to property ID 782 (trader)
47,415,63,DAY 18/12/2024 - moved 9 animals from property ID 415 (trader) to property ID 63 (farm)
47,415,188,DAY 18/12/2024 - moved 9 animals from property ID 415 (trader) to property ID 188 (feedlot)
47,433,758,DAY 18/12/2024 - moved 5 animals from property ID 433 (farm) to property ID 758 (feedlot)
47,441,1301,DAY 18/12/2024 - moved 8 animals from property ID 441 (farm) to property ID 1301 (saleyard)
47,471,618,DAY 18/12/2024 - moved 11 animals from property ID 471 (farm) to property ID 618 (farm)
47,477,964,DAY 18/12/2024 - moved 6 animals from property ID 477 (farm) to property ID 964 (feedlot)
47,506,510,DAY 18/12/2024 - moved 1 animals from property ID 506 (farm) to property ID 510 (farm)
47,510,1651,DAY 18/12/2024 - moved 2 animals from property ID 510 (farm) to property ID 1651 (farm)
47,519,964,DAY 18/12/2024 - moved 3 animals from property ID 519 (farm) to property ID 964 (feedlot)
47,520,147,DAY 18/12/2024 - moved 6 animals from property ID 520 (farm) to property ID 147 (farm)
47,527,904,DAY 18/12/2024 - moved 4 animals from property ID 527 (farm) to property ID 904 (trader)
47,533,1823,DAY 18/12/2024 - moved 5 animals from property ID 533 (farm) to property ID 1823 (trader)
47,535,492,DAY 18/12/2024 - moved 41 animals from property ID 535 (farm) to property ID 492 (farm)
47,550,866,DAY 18/12/2024 - moved 5 animals from property ID 550 (farm) to property ID 866 (feedlot)
47,552,188,DAY 18/12/2024 - moved 2 animals from property ID 552 (farm) to property ID 188 (feedlot)
47,566,1494,DAY 18/12/2024 - moved 1 animals from property ID 566 (farm) to property ID 1494 (farm)
47,568,1823,DAY 18/12/2024 - moved 7 animals from property ID 568 (farm) to property ID 1823 (trader)
47,646,1976,DAY 18/12/2024 - moved 13 animals from property ID 646 (farm) to property ID 1976 (farm)
47,648,1823,DAY 18/12/2024 - moved 4 animals from property ID 648 (farm) to property ID 1823 (trader)
47,654,1479,DAY 18/12/2024 - moved 11 animals from property ID 654 (farm) to property ID 1479 (trader)
47,660,448,DAY 18/12/2024 - moved 11 animals from property ID 660 (farm) to property ID 448 (farm)
47,689,493,DAY 18/12/2024 - moved 12 animals from property ID 689 (farm) to property ID 493 (farm)
47,730,110,DAY 18/12/2024 - moved 16 animals from property ID 730 (farm) to property ID 110 (farm)
47,759,1,DAY 18/12/2024 - moved 8 animals from property ID 759 (farm) to property ID 1 (farm)
47,772,1907,DAY 18/12/2024 - moved 38 animals from property ID 772 (farm) to property ID 1907 (feedlot)
47,808,855,DAY 18/12/2024 - moved 5 animals from property ID 808 (farm) to property ID 855 (farm)
47,838,1666,DAY 18/12/2024 - moved 5 animals from property ID 838 (farm) to property ID 1666 (feedlot)
47,839,859,DAY 18/12/2024 - moved 2 animals from property ID 839 (farm) to property ID 859 (farm)
47,842,1666,DAY 18/12/2024 - moved 4 animals from property ID 842 (farm) to property ID 1666 (feedlot)
47,844,267,DAY 18/12/2024 - moved 3 animals from property ID 844 (farm) to property ID 267 (farm)
47,852,53,DAY 18/12/2024 - moved 15 animals from property ID 852 (farm) to property ID 53 (farm)
47,891,1119,DAY 18/12/2024 - moved 10 animals from property ID 891 (farm) to property ID 1119 (trader)
47,904,1106,DAY 18/12/2024 - moved 4 animals from property ID 904 (trader) to property ID 1106 (farm)
47,904,419,DAY 18/12/2024 - moved 3 animals from property ID 904 (trader) to property ID 419 (farm)
47,904,933,DAY 18/12/2024 - moved 3 animals from property ID 904 (trader) to property ID 933 (farm)
47,912,403,DAY 18/12/2024 - moved 20 animals from property ID 912 (farm) to property ID 403 (farm)
47,924,758,DAY 18/12/2024 - moved 11 animals from property ID 924 (farm) to property ID 758 (feedlot)
47,942,867,DAY 18/12/2024 - moved 3 animals from property ID 942 (farm) to property ID 867 (feedlot)
47,951,1753,DAY 18/12/2024 - moved 2 animals from property ID 951 (farm) to property ID 1753 (farm)
47,960,1153,DAY 18/12/2024 - moved 8 animals from property ID 960 (farm) to property ID 1153 (farm)
47,981,188,DAY 18/12/2024 - moved 11 animals from property ID 981 (farm) to property ID 188 (feedlot)
47,983,437,DAY 18/12/2024 - moved 5 animals from property ID 983 (farm) to property ID 437 (farm)
47,996,900,DAY 18/12/2024 - moved 4 animals from property ID 996 (farm) to property ID 900 (farm)
47,997,964,DAY 18/12/2024 - moved 3 animals from property ID 997 (farm) to property ID 964 (feedlot)
47,1030,904,DAY 18/12/2024 - moved 1 animals from property ID 1030 (farm) to property ID 904 (trader)
47,1031,247,DAY 18/12/2024 - moved 11 animals from property ID 1031 (farm) to property ID 247 (farm)
47,1054,1119,DAY 18/12/2024 - moved 7 animals from property ID 1054 (farm) to property ID 1119 (trader)
47,1074,658,DAY 18/12/2024 - moved 2 animals from property ID 1074 (farm) to property ID 658 (farm)
47,1111,189,DAY 18/12/2024 - moved 24 animals from property ID 1111 (farm) to property ID 189 (saleyard)
47,1119,567,DAY 18/12/2024 - moved 9 animals from property ID 1119 (trader) to property ID 567 (farm)
47,1119,62,DAY 18/12/2024 - moved 9 animals from property ID 1119 (trader) to property ID 62 (farm)
47,1139,866,DAY 18/12/2024 - moved 18 animals from property ID 1139 (farm) to property ID 866 (feedlot)
47,1165,1600,DAY 18/12/2024 - moved 17 animals from property ID 1165 (farm) to property ID 1600 (farm)
47,1214,866,DAY 18/12/2024 - moved 10 animals from property ID 1214 (farm) to property ID 866 (feedlot)
47,1224,866,DAY 18/12/2024 - moved 12 animals from property ID 1224 (farm) to property ID 866 (feedlot)
47,1241,524,DAY 18/12/2024 - moved 6 animals from property ID 1241 (farm) to property ID 524 (feedlot)
47,1273,1921,DAY 18/12/2024 - moved 19 animals from property ID 1273 (trader) to property ID 1921 (farm)
47,1273,254,DAY 18/12/2024 - moved 20 animals from property ID 1273 (trader) to property ID 254 (farm)
47,1297,273,DAY 18/12/2024 - moved 6 animals from property ID 1297 (farm) to property ID 273 (farm)
47,1301,867,DAY 18/12/2024 - moved 24 animals from property ID 1301 (saleyard) to property ID 867 (feedlot)
47,1301,498,DAY 18/12/2024 - moved 24 animals from property ID 1301 (saleyard) to property ID 498 (farm)
47,1305,1119,DAY 18/12/2024 - moved 2 animals from property ID 1305 (farm) to property ID 1119 (trader)
47,1307,394,DAY 18/12/2024 - moved 16 animals from property ID 1307 (farm) to property ID 394 (farm)
47,1327,1823,DAY 18/12/2024 - moved 3 animals from property ID 1327 (farm) to property ID 1823 (trader)
47,1336,189,DAY 18/12/2024 - moved 10 animals from property ID 1336 (farm) to property ID 189 (saleyard)
47,1337,189,DAY 18/12/2024 - moved 5 animals from property ID 1337 (farm) to property ID 189 (saleyard)
47,1362,1878,DAY 18/12/2024 - moved 6 animals from property ID 1362 (farm) to property ID 1878 (farm)
47,1386,403,DAY 18/12/2024 - moved 19 animals from property ID 1386 (farm) to property ID 403 (farm)
47,1413,904,DAY 18/12/2024 - moved 3 animals from property ID 1413 (farm) to property ID 904 (trader)
47,1426,1119,DAY 18/12/2024 - moved 8 animals from property ID 1426 (farm) to property ID 1119 (trader)
47,1445,134,DAY 18/12/2024 - moved 19 animals from property ID 1445 (farm) to property ID 134 (farm)
47,1449,1109,DAY 18/12/2024 - moved 11 animals from property ID 1449 (farm) to property ID 1109 (feedlot)
47,1453,700,DAY 18/12/2024 - moved 28 animals from property ID 1453 (farm) to property ID 700 (trader)
47,1479,758,DAY 18/12/2024 - moved 16 animals from property ID 1479 (trader) to property ID 758 (feedlot)
47,1479,758,DAY 18/12/2024 - moved 15 animals from property ID 1479 (trader) to property ID 758 (feedlot)
47,1479,118,DAY 18/12/2024 - moved 15 animals from property ID 1479 (trader) to property ID 118 (farm)
47,1485,782,DAY 18/12/2024 - moved 7 animals from property ID 1485 (farm) to property ID 782 (trader)
47,1490,866,DAY 18/12/2024 - moved 1 animals from property ID 1490 (farm) to property ID 866 (feedlot)
47,1496,1479,DAY 18/12/2024 - moved 4 animals from property ID 1496 (farm) to property ID 1479 (trader)
47,1510,897,DAY 18/12/2024 - moved 17 animals from property ID 1510 (farm) to property ID 897 (farm)
47,1518,731,DAY 18/12/2024 - moved 3 animals from property ID 1518 (farm) to property ID 731 (farm)
47,1539,92,DAY 18/12/2024 - moved 10 animals from property ID 1539 (farm) to property ID 92 (trader)
47,1545,29,DAY 18/12/2024 - moved 4 animals from property ID 1545 (farm) to property ID 29 (farm)
47,1558,697,DAY 18/12/2024 - moved 9 animals from property ID 1558 (farm) to property ID 697 (farm)
47,1599,92,DAY 18/12/2024 - moved 7 animals from property ID 1599 (farm) to property ID 92 (trader)
47,1609,904,DAY 18/12/2024 - moved 16 animals from property ID 1609 (farm) to property ID 904 (trader)
47,1628,654,DAY 18/12/2024 - moved 3 animals from property ID 1628 (farm) to property ID 654 (farm)
47,1642,1064,DAY 18/12/2024 - moved 2 animals from property ID 1642 (farm) to property ID 1064 (farm)
47,1647,866,DAY 18/12/2024 - moved 26 animals from property ID 1647 (farm) to property ID 866 (feedlot)
47,1699,989,DAY 18/12/2024 - moved 8 animals from property ID 1699 (farm) to property ID 989 (farm)
47,1709,189,DAY 18/12/2024 - moved 30 animals from property ID 1709 (farm) to property ID 189 (saleyard)
47,1712,450,DAY 18/12/2024 - moved 3 animals from property ID 1712 (farm) to property ID 450 (farm)
47,1713,1273,DAY 18/12/2024 - moved 2 animals from property ID 1713 (farm) to property ID 1273 (trader)
47,1737,105,DAY 18/12/2024 - moved 4 animals from property ID 1737 (farm) to property ID 105 (farm)
47,1746,758,DAY 18/12/2024 - moved 8 animals from property ID 1746 (farm) to property ID 758 (feedlot)
47,1747,1205,DAY 18/12/2024 - moved 5 animals from property ID 1747 (farm) to property ID 1205 (farm)
47,1766,786,DAY 18/12/2024 - moved 7 animals from property ID 1766 (farm) to property ID 786 (farm)
47,1770,1666,DAY 18/12/2024 - moved 35 animals from property ID 1770 (farm) to property ID 1666 (feedlot)
47,1778,530,DAY 18/12/2024 - moved 2 animals from property ID 1778 (farm) to property ID 530 (farm)
47,1780,1273,DAY 18/12/2024 - moved 1 animals from property ID 1780 (farm) to property ID 1273 (trader)
47,1781,189,DAY 18/12/2024 - moved 8 animals from property ID 1781 (farm) to property ID 189 (saleyard)
47,1789,264,DAY 18/12/2024 - moved 7 animals from property ID 1789 (farm) to property ID 264 (feedlot)
47,1798,1150,DAY 18/12/2024 - moved 2 animals from property ID 1798 (farm) to property ID 1150 (farm)
47,1803,866,DAY 18/12/2024 - moved 23 animals from property ID 1803 (farm) to property ID 866 (feedlot)
47,1804,1823,DAY 18/12/2024 - moved 17 animals from property ID 1804 (farm) to property ID 1823 (trader)
47,1823,1804,DAY 18/12/2024 - moved 11 animals from property ID 1823 (trader) to property ID 1804 (farm)
47,1823,867,DAY 18/12/2024 - moved 10 animals from property ID 1823 (trader) to property ID 867 (feedlot)
47,1823,1301,DAY 18/12/2024 - moved 10 animals from property ID 1823 (trader) to property ID 1301 (saleyard)
47,1832,1070,DAY 18/12/2024 - moved 5 animals from property ID 1832 (farm) to property ID 1070 (farm)
47,1910,789,DAY 18/12/2024 - moved 3 animals from property ID 1910 (farm) to property ID 789 (farm)
47,1916,782,DAY 18/12/2024 - moved 22 animals from property ID 1916 (farm) to property ID 782 (trader)
47,1952,1381,DAY 18/12/2024 - moved 1 animals from property ID 1952 (farm) to property ID 1381 (farm)
47,1986,1907,DAY 18/12/2024 - moved 8 animals from property ID 1986 (farm) to property ID 1907 (feedlot)
48,1,264,DAY 19/12/2024 - moved 11 animals from property ID 1 (farm) to property ID 264 (feedlot)
48,14,1341,DAY 19/12/2024 - moved 9 animals from property ID 14 (farm) to property ID 1341 (farm)
48,29,468,DAY 19/12/2024 - moved 8 animals from property ID 29 (farm) to property ID 468 (farm)
48,59,1964,DAY 19/12/2024 - moved 11 animals from property ID 59 (farm) to property ID 1964 (farm)
48,62,867,DAY 19/12/2024 - moved 7 animals from property ID 62 (farm) to property ID 867 (feedlot)
48,79,458,DAY 19/12/2024 - moved 11 animals from property ID 79 (farm) to property ID 458 (abbattoir)
48,92,1939,DAY 19/12/2024 - moved 15 animals from property ID 92 (trader) to property ID 1939 (farm)
48,92,866,DAY 19/12/2024 - moved 16 animals from property ID 92 (trader) to property ID 866 (feedlot)
48,94,1273,DAY 19/12/2024 - moved 6 animals from property ID 94 (farm) to property ID 1273 (trader)
48,109,990,DAY 19/12/2024 - moved 7 animals from property ID 109 (farm) to property ID 990 (farm)
48,119,249,DAY 19/12/2024 - moved 6 animals from property ID 119 (farm) to property ID 249 (farm)
48,149,1393,DAY 19/12/2024 - moved 3 animals from property ID 149 (farm) to property ID 1393 (farm)
48,152,1479,DAY 19/12/2024 - moved 5 animals from property ID 152 (farm) to property ID 1479 (trader)
48,162,264,DAY 19/12/2024 - moved 12 animals from property ID 162 (farm) to property ID 264 (feedlot)
48,183,1392,DAY 19/12/2024 - moved 3 animals from property ID 183 (farm) to property ID 1392 (farm)
48,189,1665,DAY 19/12/2024 - moved 12 animals from property ID 189 (saleyard) to property ID 1665 (farm)
48,189,134,DAY 19/12/2024 - moved 11 animals from property ID 189 (saleyard) to property ID 134 (farm)
48,189,1052,DAY 19/12/2024 - moved 11 animals from property ID 189 (saleyard) to property ID 1052 (farm)
48,189,1109,DAY 19/12/2024 - moved 11 animals from property ID 189 (saleyard) to property ID 1109 (feedlot)
48,189,188,DAY 19/12/2024 - moved 11 animals from property ID 189 (saleyard) to property ID 188 (feedlot)
48,195,883,DAY 19/12/2024 - moved 12 animals from property ID 195 (farm) to property ID 883 (farm)
48,248,189,DAY 19/12/2024 - moved 3 animals from property ID 248 (farm) to property ID 189 (saleyard)
48,274,867,DAY 19/12/2024 - moved 2 animals from property ID 274 (farm) to property ID 867 (feedlot)
48,293,866,DAY 19/12/2024 - moved 17 animals from property ID 293 (farm) to property ID 866 (feedlot)
48,310,1335,DAY 19/12/2024 - moved 1 animals from property ID 310 (farm) to property ID 1335 (farm)
48,316,866,DAY 19/12/2024 - moved 3 animals from property ID 316 (farm) to property ID 866 (feedlot)
48,345,782,DAY 19/12/2024 - moved 3 animals from property ID 345 (farm) to property ID 782 (trader)
48,351,1479,DAY 19/12/2024 - moved 4 animals from property ID 351 (farm) to property ID 1479 (trader)
48,369,59,DAY 19/12/2024 - moved 2 animals from property ID 369 (farm) to property ID 59 (farm)
48,397,866,DAY 19/12/2024 - moved 5 animals from property ID 397 (farm) to property ID 866 (feedlot)
48,402,866,DAY 19/12/2024 - moved 3 animals from property ID 402 (farm) to property ID 866 (feedlot)
48,403,1582,DAY 19/12/2024 - moved 7 animals from property ID 403 (farm) to property ID 1582 (farm)
48,415,1109,DAY 19/12/2024 - moved 15 animals from property ID 415 (trader) to property ID 1109 (feedlot)
48,439,1301,DAY 19/12/2024 - moved 2 animals from property ID 439 (farm) to property ID 1301 (saleyard)
48,443,92,DAY 19/12/2024 - moved 7 animals from property ID 443 (farm) to property ID 92 (trader)
48,445,866,DAY 19/12/2024 - moved 4 animals from property ID 445 (farm) to property ID 866 (feedlot)
48,464,92,DAY 19/12/2024 - moved 5 animals from property ID 464 (farm) to property ID 92 (trader)
48,466,1615,DAY 19/12/2024 - moved 6 animals from property ID 466 (farm) to property ID 1615 (farm)
48,468,1557,DAY 19/12/2024 - moved 6 animals from property ID 468 (farm) to property ID 1557 (farm)
48,517,1066,DAY 19/12/2024 - moved 8 animals from property ID 517 (farm) to property ID 1066 (farm)
48,546,764,DAY 19/12/2024 - moved 11 animals from property ID 546 (farm) to property ID 764 (farm)
48,572,782,DAY 19/12/2024 - moved 25 animals from property ID 572 (farm) to property ID 782 (trader)
48,620,1527,DAY 19/12/2024 - moved 2 animals from property ID 620 (farm) to property ID 1527 (farm)
48,645,1479,DAY 19/12/2024 - moved 28 animals from property ID 645 (farm) to property ID 1479 (trader)
48,658,782,DAY 19/12/2024 - moved 18 animals from property ID 658 (farm) to property ID 782 (trader)
48,665,893,DAY 19/12/2024 - moved 3 animals from property ID 665 (farm) to property ID 893 (farm)
48,672,59,DAY 19/12/2024 - moved 4 animals from property ID 672 (farm) to property ID 59 (farm)
48,684,1301,DAY 19/12/2024 - moved 1 animals from property ID 684 (farm) to property ID 1301 (saleyard)
48,704,1663,DAY 19/12/2024 - moved 1 animals from property ID 704 (farm) to property ID 1663 (farm)
48,736,1422,DAY 19/12/2024 - moved 6 animals from property ID 736 (farm) to property ID 1422 (farm)
48,771,524,DAY 19/12/2024 - moved 2 animals from property ID 771 (farm) to property ID 524 (feedlot)
48,782,1080,DAY 19/12/2024 - moved 25 animals from property ID 782 (trader) to property ID 1080 (farm)
48,782,447,DAY 19/12/2024 - moved 26 animals from property ID 782 (trader) to property ID 447 (farm)
48,796,458,DAY 19/12/2024 - moved 4 animals from property ID 796 (farm) to property ID 458 (abbattoir)
48,806,1479,DAY 19/12/2024 - moved 8 animals from property ID 806 (farm) to property ID 1479 (trader)
48,811,748,DAY 19/12/2024 - moved 6 animals from property ID 811 (farm) to property ID 748 (farm)
48,836,1119,DAY 19/12/2024 - moved 3 animals from property ID 836 (farm) to property ID 1119 (trader)
48,862,1301,DAY 19/12/2024 - moved 4 animals from property ID 862 (farm) to property ID 1301 (saleyard)
48,863,458,DAY 19/12/2024 - moved 2 animals from property ID 863 (farm) to property ID 458 (abbattoir)
48,885,188,DAY 19/12/2024 - moved 8 animals from property ID 885 (farm) to property ID 188 (feedlot)
48,915,1490,DAY 19/12/2024 - moved 1 animals from property ID 915 (farm) to property ID 1490 (farm)
48,926,395,DAY 19/12/2024 - moved 2 animals from property ID 926 (farm) to property ID 395 (farm)
48,930,1301,DAY 19/12/2024 - moved 3 animals from property ID 930 (farm) to property ID 1301 (saleyard)
48,939,1792,DAY 19/12/2024 - moved 7 animals from property ID 939 (farm) to property ID 1792 (farm)
48,946,843,DAY 19/12/2024 - moved 3 animals from property ID 946 (farm) to property ID 843 (farm)
48,968,1301,DAY 19/12/2024 - moved 5 animals from property ID 968 (farm) to property ID 1301 (saleyard)
48,991,1666,DAY 19/12/2024 - moved 2 animals from property ID 991 (farm) to property ID 1666 (feedlot)
48,1000,377,DAY 19/12/2024 - moved 4 animals from property ID 1000 (farm) to property ID 377 (farm)
48,1002,861,DAY 19/12/2024 - moved 2 animals from property ID 1002 (farm) to property ID 861 (farm)
48,1011,1284,DAY 19/12/2024 - moved 3 animals from property ID 1011 (farm) to property ID 1284 (farm)
48,1013,866,DAY 19/12/2024 - moved 3 animals from property ID 1013 (farm) to property ID 866 (feedlot)
48,1022,458,DAY 19/12/2024 - moved 51 animals from property ID 1022 (farm) to property ID 458 (abbattoir)
48,1029,1031,DAY 19/12/2024 - moved 4 animals from property ID 1029 (farm) to property ID 1031 (farm)
48,1033,1733,DAY 19/12/2024 - moved 14 animals from property ID 1033 (farm) to property ID 1733 (farm)
48,1035,446,DAY 19/12/2024 - moved 6 animals from property ID 1035 (farm) to property ID 446 (farm)
48,1051,1666,DAY 19/12/2024 - moved 3 animals from property ID 1051 (farm) to property ID 1666 (feedlot)
48,1075,867,DAY 19/12/2024 - moved 2 animals from property ID 1075 (farm) to property ID 867 (feedlot)
48,1085,1990,DAY 19/12/2024 - moved 7 animals from property ID 1085 (farm) to property ID 1990 (farm)
48,1099,1422,DAY 19/12/2024 - moved 3 animals from property ID 1099 (farm) to property ID 1422 (farm)
48,1118,1823,DAY 19/12/2024 - moved 1 animals from property ID 1118 (farm) to property ID 1823 (trader)
48,1119,1109,DAY 19/12/2024 - moved 10 animals from property ID 1119 (trader) to property ID 1109 (feedlot)
48,1119,1301,DAY 19/12/2024 - moved 10 animals from property ID 1119 (trader) to property ID 1301 (saleyard)
48,1121,458,DAY 19/12/2024 - moved 18 animals from property ID 1121 (farm) to property ID 458 (abbattoir)
48,1143,1666,DAY 19/12/2024 - moved 2 animals from property ID 1143 (farm) to property ID 1666 (feedlot)
48,1145,758,DAY 19/12/2024 - moved 10 animals from property ID 1145 (farm) to property ID 758 (feedlot)
48,1148,1122,DAY 19/12/2024 - moved 3 animals from property ID 1148 (farm) to property ID 1122 (farm)
48,1152,964,DAY 19/12/2024 - moved 1 animals from property ID 1152 (farm) to property ID 964 (feedlot)
48,1178,188,DAY 19/12/2024 - moved 6 animals from property ID 1178 (farm) to property ID 188 (feedlot)
48,1205,867,DAY 19/12/2024 - moved 2 animals from property ID 1205 (farm) to property ID 867 (feedlot)
48,1209,867,DAY 19/12/2024 - moved 3 animals from property ID 1209 (farm) to property ID 867 (feedlot)
48,1231,263,DAY 19/12/2024 - moved 6 animals from property ID 1231 (farm) to property ID 263 (farm)
48,1244,12,DAY 19/12/2024 - moved 2 animals from property ID 1244 (farm) to property ID 12 (farm)
48,1249,782,DAY 19/12/2024 - moved 5 animals from property ID 1249 (farm) to property ID 782 (trader)
48,1250,1479,DAY 19/12/2024 - moved 7 animals from property ID 1250 (farm) to property ID 1479 (trader)
48,1264,405,DAY 19/12/2024 - moved 2 animals from property ID 1264 (farm) to property ID 405 (farm)
48,1273,1664,DAY 19/12/2024 - moved 37 animals from property ID 1273 (trader) to property ID 1664 (farm)
48,1276,1119,DAY 19/12/2024 - moved 3 animals from property ID 1276 (farm) to property ID 1119 (trader)
48,1301,1309,DAY 19/12/2024 - moved 11 animals from property ID 1301 (saleyard) to property ID 1309 (farm)
48,1301,1597,DAY 19/12/2024 - moved 11 animals from property ID 1301 (saleyard) to property ID 1597 (farm)
48,1301,1823,DAY 19/12/2024 - moved 10 animals from property ID 1301 (saleyard) to property ID 1823 (trader)
48,1301,1173,DAY 19/12/2024 - moved 10 animals from property ID 1301 (saleyard) to property ID 1173 (farm)
48,1309,1823,DAY 19/12/2024 - moved 2 animals from property ID 1309 (farm) to property ID 1823 (trader)
48,1321,189,DAY 19/12/2024 - moved 3 animals from property ID 1321 (farm) to property ID 189 (saleyard)
48,1331,904,DAY 19/12/2024 - moved 5 animals from property ID 1331 (farm) to property ID 904 (trader)
48,1351,1823,DAY 19/12/2024 - moved 2 animals from property ID 1351 (farm) to property ID 1823 (trader)
48,1364,1273,DAY 19/12/2024 - moved 5 animals from property ID 1364 (farm) to property ID 1273 (trader)
48,1396,109,DAY 19/12/2024 - moved 6 animals from property ID 1396 (farm) to property ID 109 (farm)
48,1424,1273,DAY 19/12/2024 - moved 4 animals from property ID 1424 (farm) to property ID 1273 (trader)
48,1428,866,DAY 19/12/2024 - moved 21 animals from property ID 1428 (farm) to property ID 866 (feedlot)
48,1430,189,DAY 19/12/2024 - moved 6 animals from property ID 1430 (farm) to property ID 189 (saleyard)
48,1478,858,DAY 19/12/2024 - moved 25 animals from property ID 1478 (farm) to property ID 858 (farm)
48,1479,758,DAY 19/12/2024 - moved 13 animals from property ID 1479 (trader) to property ID 758 (feedlot)
48,1479,758,DAY 19/12/2024 - moved 14 animals from property ID 1479 (trader) to property ID 758 (feedlot)
48,1479,1935,DAY 19/12/2024 - moved 14 animals from property ID 1479 (trader) to property ID 1935 (farm)
48,1483,1393,DAY 19/12/2024 - moved 12 animals from property ID 1483 (farm) to property ID 1393 (farm)
48,1511,1119,DAY 19/12/2024 - moved 2 animals from property ID 1511 (farm) to property ID 1119 (trader)
48,1526,1046,DAY 19/12/2024 - moved 8 animals from property ID 1526 (farm) to property ID 1046 (farm)
48,1541,1273,DAY 19/12/2024 - moved 1 animals from property ID 1541 (farm) to property ID 1273 (trader)
48,1542,188,DAY 19/12/2024 - moved 2 animals from property ID 1542 (farm) to property ID 188 (feedlot)
48,1575,1301,DAY 19/12/2024 - moved 15 animals from property ID 1575 (farm) to property ID 1301 (saleyard)
48,1596,1907,DAY 19/12/2024 - moved 7 animals from property ID 1596 (farm) to property ID 1907 (feedlot)
48,1644,1687,DAY 19/12/2024 - moved 1 animals from property ID 1644 (farm) to property ID 1687 (farm)
48,1655,1119,DAY 19/12/2024 - moved 2 animals from property ID 1655 (farm) to property ID 1119 (trader)
48,1659,1301,DAY 19/12/2024 - moved 2 animals from property ID 1659 (farm) to property ID 1301 (saleyard)
48,1698,782,DAY 19/12/2024 - moved 32 animals from property ID 1698 (farm) to property ID 782 (trader)
48,1813,92,DAY 19/12/2024 - moved 3 animals from property ID 1813 (farm) to property ID 92 (trader)
48,1816,445,DAY 19/12/2024 - moved 13 animals from property ID 1816 (farm) to property ID 445 (farm)
48,1823,867,DAY 19/12/2024 - moved 33 animals from property ID 1823 (trader) to property ID 867 (feedlot)
48,1852,446,DAY 19/12/2024 - moved 2 animals from property ID 1852 (farm) to property ID 446 (farm)
48,1860,325,DAY 19/12/2024 - moved 8 animals from property ID 1860 (farm) to property ID 325 (farm)
48,1908,1110,DAY 19/12/2024 - moved 5 animals from property ID 1908 (farm) to property ID 1110 (feedlot)
48,1926,1652,DAY 19/12/2024 - moved 4 animals from property ID 1926 (farm) to property ID 1652 (farm)
48,1937,415,DAY 19/12/2024 - moved 3 animals from property ID 1937 (farm) to property ID 415 (trader)
48,1978,964,DAY 19/12/2024 - moved 2 animals from property ID 1978 (farm) to property ID 964 (feedlot)
48,1995,1853,DAY 19/12/2024 - moved 3 animals from property ID 1995 (farm) to property ID 1853 (farm)
49,26,1479,DAY 20/12/2024 - moved 7 animals from property ID 26 (farm) to property ID 1479 (trader)
49,32,1109,DAY 20/12/2024 - moved 1 animals from property ID 32 (farm) to property ID 1109 (feedlot)
49,37,1119,DAY 20/12/2024 - moved 3 animals from property ID 37 (farm) to property ID 1119 (trader)
49,42,782,DAY 20/12/2024 - moved 46 animals from property ID 42 (farm) to property ID 782 (trader)
49,45,1279,DAY 20/12/2024 - moved 4 animals from property ID 45 (farm) to property ID 1279 (farm)
49,83,1785,DAY 20/12/2024 - moved 13 animals from property ID 83 (farm) to property ID 1785 (farm)
49,92,358,DAY 20/12/2024 - moved 10 animals from property ID 92 (trader) to property ID 358 (farm)
49,92,1666,DAY 20/12/2024 - moved 9 animals from property ID 92 (trader) to property ID 1666 (feedlot)
49,92,286,DAY 20/12/2024 - moved 9 animals from property ID 92 (trader) to property ID 286 (farm)
49,96,866,DAY 20/12/2024 - moved 3 animals from property ID 96 (farm) to property ID 866 (feedlot)
49,133,1032,DAY 20/12/2024 - moved 10 animals from property ID 133 (farm) to property ID 1032 (farm)
49,144,1301,DAY 20/12/2024 - moved 4 animals from property ID 144 (farm) to property ID 1301 (saleyard)
49,145,1541,DAY 20/12/2024 - moved 4 animals from property ID 145 (farm) to property ID 1541 (farm)
49,186,1317,DAY 20/12/2024 - moved 10 animals from property ID 186 (farm) to property ID 1317 (farm)
49,189,1321,DAY 20/12/2024 - moved 24 animals from property ID 189 (saleyard) to property ID 1321 (farm)
49,189,964,DAY 20/12/2024 - moved 24 animals from property ID 189 (saleyard) to property ID 964 (feedlot)
49,190,866,DAY 20/12/2024 - moved 2 animals from property ID 190 (farm) to property ID 866 (feedlot)
49,191,1666,DAY 20/12/2024 - moved 7 animals from property ID 191 (farm) to property ID 1666 (feedlot)
49,210,2,DAY 20/12/2024 - moved 17 animals from property ID 210 (farm) to property ID 2 (farm)
49,213,92,DAY 20/12/2024 - moved 13 animals from property ID 213 (farm) to property ID 92 (trader)
49,220,700,DAY 20/12/2024 - moved 3 animals from property ID 220 (farm) to property ID 700 (trader)
49,222,1677,DAY 20/12/2024 - moved 1 animals from property ID 222 (farm) to property ID 1677 (farm)
49,235,657,DAY 20/12/2024 - moved 1 animals from property ID 235 (farm) to property ID 657 (farm)
49,384,170,DAY 20/12/2024 - moved 8 animals from property ID 384 (farm) to property ID 170 (farm)
49,406,1062,DAY 20/12/2024 - moved 3 animals from property ID 406 (farm) to property ID 1062 (farm)
49,409,458,DAY 20/12/2024 - moved 39 animals from property ID 409 (farm) to property ID 458 (abbattoir)
49,411,524,DAY 20/12/2024 - moved 10 animals from property ID 411 (farm) to property ID 524 (feedlot)
49,415,1449,DAY 20/12/2024 - moved 6 animals from property ID 415 (trader) to property ID 1449 (farm)
49,415,1109,DAY 20/12/2024 - moved 6 animals from property ID 415 (trader) to property ID 1109 (feedlot)
49,418,1135,DAY 20/12/2024 - moved 7 animals from property ID 418 (farm) to property ID 1135 (farm)
49,419,700,DAY 20/12/2024 - moved 3 animals from property ID 419 (farm) to property ID 700 (trader)
49,440,92,DAY 20/12/2024 - moved 11 animals from property ID 440 (farm) to property ID 92 (trader)
49,450,533,DAY 20/12/2024 - moved 2 animals from property ID 450 (farm) to property ID 533 (farm)
49,456,534,DAY 20/12/2024 - moved 7 animals from property ID 456 (farm) to property ID 534 (farm)
49,469,1666,DAY 20/12/2024 - moved 2 animals from property ID 469 (farm) to property ID 1666 (feedlot)
49,474,1119,DAY 20/12/2024 - moved 3 animals from property ID 474 (farm) to property ID 1119 (trader)
49,482,92,DAY 20/12/2024 - moved 13 animals from property ID 482 (farm) to property ID 92 (trader)
49,489,1386,DAY 20/12/2024 - moved 8 animals from property ID 489 (farm) to property ID 1386 (farm)
49,513,866,DAY 20/12/2024 - moved 2 animals from property ID 513 (farm) to property ID 866 (feedlot)
49,516,1119,DAY 20/12/2024 - moved 3 animals from property ID 516 (farm) to property ID 1119 (trader)
49,526,1411,DAY 20/12/2024 - moved 8 animals from property ID 526 (farm) to property ID 1411 (farm)
49,549,1064,DAY 20/12/2024 - moved 9 animals from property ID 549 (farm) to property ID 1064 (farm)
49,585,782,DAY 20/12/2024 - moved 6 animals from property ID 585 (farm) to property ID 782 (trader)
49,592,1971,DAY 20/12/2024 - moved 12 animals from property ID 592 (farm) to property ID 1971 (farm)
49,625,832,DAY 20/12/2024 - moved 29 animals from property ID 625 (farm) to property ID 832 (farm)
49,635,867,DAY 20/12/2024 - moved 3 animals from property ID 635 (farm) to property ID 867 (feedlot)
49,651,1472,DAY 20/12/2024 - moved 3 animals from property ID 651 (farm) to property ID 1472 (farm)
49,653,1799,DAY 20/12/2024 - moved 6 animals from property ID 653 (farm) to property ID 1799 (farm)
49,656,1119,DAY 20/12/2024 - moved 9 animals from property ID 656 (farm) to property ID 1119 (trader)
49,687,1262,DAY 20/12/2024 - moved 5 animals from property ID 687 (farm) to property ID 1262 (farm)
49,756,882,DAY 20/12/2024 - moved 6 animals from property ID 756 (farm) to property ID 882 (farm)
49,769,524,DAY 20/12/2024 - moved 6 animals from property ID 769 (farm) to property ID 524 (feedlot)
49,780,1076,DAY 20/12/2024 - moved 4 animals from property ID 780 (farm) to property ID 1076 (farm)
49,781,758,DAY 20/12/2024 - moved 11 animals from property ID 781 (farm) to property ID 758 (feedlot)
49,782,1556,DAY 20/12/2024 - moved 29 animals from property ID 782 (trader) to property ID 1556 (farm)
49,782,626,DAY 20/12/2024 - moved 28 animals from property ID 782 (trader) to property ID 626 (farm)
49,787,700,DAY 20/12/2024 - moved 4 animals from property ID 787 (farm) to property ID 700 (trader)
49,797,1119,DAY 20/12/2024 - moved 7 animals from property ID 797 (farm) to property ID 1119 (trader)
49,855,1301,DAY 20/12/2024 - moved 3 animals from property ID 855 (farm) to property ID 1301 (saleyard)
49,878,901,DAY 20/12/2024 - moved 11 animals from property ID 878 (farm) to property ID 901 (farm)
49,887,1799,DAY 20/12/2024 - moved 12 animals from property ID 887 (farm) to property ID 1799 (farm)
49,895,307,DAY 20/12/2024 - moved 15 animals from property ID 895 (farm) to property ID 307 (farm)
49,897,130,DAY 20/12/2024 - moved 9 animals from property ID 897 (farm) to property ID 130 (farm)
49,904,700,DAY 20/12/2024 - moved 14 animals from property ID 904 (trader) to property ID 700 (trader)
49,910,1938,DAY 20/12/2024 - moved 10 animals from property ID 910 (farm) to property ID 1938 (farm)
49,917,1265,DAY 20/12/2024 - moved 4 animals from property ID 917 (farm) to property ID 1265 (farm)
49,918,92,DAY 20/12/2024 - moved 4 animals from property ID 918 (farm) to property ID 92 (trader)
49,929,524,DAY 20/12/2024 - moved 13 animals from property ID 929 (farm) to property ID 524 (feedlot)
49,931,1746,DAY 20/12/2024 - moved 26 animals from property ID 931 (farm) to property ID 1746 (farm)
49,932,721,DAY 20/12/2024 - moved 15 animals from property ID 932 (farm) to property ID 721 (farm)
49,949,1301,DAY 20/12/2024 - moved 6 animals from property ID 949 (farm) to property ID 1301 (saleyard)
49,1008,758,DAY 20/12/2024 - moved 11 animals from property ID 1008 (farm) to property ID 758 (feedlot)
49,1041,151,DAY 20/12/2024 - moved 14 animals from property ID 1041 (farm) to property ID 151 (farm)
49,1042,92,DAY 20/12/2024 - moved 6 animals from property ID 1042 (farm) to property ID 92 (trader)
49,1057,188,DAY 20/12/2024 - moved 43 animals from property ID 1057 (farm) to property ID 188 (feedlot)
49,1061,189,DAY 20/12/2024 - moved 5 animals from property ID 1061 (farm) to property ID 189 (saleyard)
49,1070,92,DAY 20/12/2024 - moved 2 animals from property ID 1070 (farm) to property ID 92 (trader)
49,1080,1554,DAY 20/12/2024 - moved 11 animals from property ID 1080 (farm) to property ID 1554 (farm)
49,1098,782,DAY 20/12/2024 - moved 7 animals from property ID 1098 (farm) to property ID 782 (trader)
49,1113,1180,DAY 20/12/2024 - moved 3 animals from property ID 1113 (farm) to property ID 1180 (farm)
49,1119,867,DAY 20/12/2024 - moved 9 animals from property ID 1119 (trader) to property ID 867 (feedlot)
49,1119,1109,DAY 20/12/2024 - moved 9 animals from property ID 1119 (trader) to property ID 1109 (feedlot)
49,1127,415,DAY 20/12/2024 - moved 2 animals from property ID 1127 (farm) to property ID 415 (trader)
49,1138,1931,DAY 20/12/2024 - moved 33 animals from property ID 1138 (farm) to property ID 1931 (farm)
49,1167,904,DAY 20/12/2024 - moved 1 animals from property ID 1167 (farm) to property ID 904 (trader)
49,1172,1301,DAY 20/12/2024 - moved 2 animals from property ID 1172 (farm) to property ID 1301 (saleyard)
49,1177,867,DAY 20/12/2024 - moved 4 animals from property ID 1177 (farm) to property ID 867 (feedlot)
49,1195,92,DAY 20/12/2024 - moved 13 animals from property ID 1195 (farm) to property ID 92 (trader)
49,1199,458,DAY 20/12/2024 - moved 8 animals from property ID 1199 (farm) to property ID 458 (abbattoir)
49,1206,1110,DAY 20/12/2024 - moved 2 animals from property ID 1206 (farm) to property ID 1110 (feedlot)
49,1217,1884,DAY 20/12/2024 - moved 4 animals from property ID 1217 (farm) to property ID 1884 (farm)
49,1221,782,DAY 20/12/2024 - moved 10 animals from property ID 1221 (farm) to property ID 782 (trader)
49,1247,358,DAY 20/12/2024 - moved 13 animals from property ID 1247 (farm) to property ID 358 (farm)
49,1255,758,DAY 20/12/2024 - moved 12 animals from property ID 1255 (farm) to property ID 758 (feedlot)
49,1273,1103,DAY 20/12/2024 - moved 17 animals from property ID 1273 (trader) to property ID 1103 (farm)
49,1273,1924,DAY 20/12/2024 - moved 16 animals from property ID 1273 (trader) to property ID 1924 (farm)
49,1279,866,DAY 20/12/2024 - moved 9 animals from property ID 1279 (farm) to property ID 866 (feedlot)
49,1286,170,DAY 20/12/2024 - moved 22 animals from property ID 1286 (farm) to property ID 170 (farm)
49,1301,921,DAY 20/12/2024 - moved 42 animals from property ID 1301 (saleyard) to property ID 921 (farm)
49,1325,234,DAY 20/12/2024 - moved 6 animals from property ID 1325 (farm) to property ID 234 (farm)
49,1368,904,DAY 20/12/2024 - moved 2 animals from property ID 1368 (farm) to property ID 904 (trader)
49,1372,1559,DAY 20/12/2024 - moved 13 animals from property ID 1372 (farm) to property ID 1559 (farm)
49,1393,524,DAY 20/12/2024 - moved 10 animals from property ID 1393 (farm) to property ID 524 (feedlot)
49,1409,267,DAY 20/12/2024 - moved 7 animals from property ID 1409 (farm) to property ID 267 (farm)
49,1418,1273,DAY 20/12/2024 - moved 3 animals from property ID 1418 (farm) to property ID 1273 (trader)
49,1432,1823,DAY 20/12/2024 - moved 6 animals from property ID 1432 (farm) to property ID 1823 (trader)
49,1450,458,DAY 20/12/2024 - moved 6 animals from property ID 1450 (farm) to property ID 458 (abbattoir)
49,1451,782,DAY 20/12/2024 - moved 17 animals from property ID 1451 (farm) to property ID 782 (trader)
49,1458,578,DAY 20/12/2024 - moved 20 animals from property ID 1458 (farm) to property ID 578 (farm)
49,1469,1301,DAY 20/12/2024 - moved 2 animals from property ID 1469 (farm) to property ID 1301 (saleyard)
49,1479,1746,DAY 20/12/2024 - moved 21 animals from property ID 1479 (trader) to property ID 1746 (farm)
49,1479,758,DAY 20/12/2024 - moved 22 animals from property ID 1479 (trader) to property ID 758 (feedlot)
49,1488,964,DAY 20/12/2024 - moved 12 animals from property ID 1488 (farm) to property ID 964 (feedlot)
49,1505,1134,DAY 20/12/2024 - moved 3 animals from property ID 1505 (farm) to property ID 1134 (farm)
49,1509,700,DAY 20/12/2024 - moved 3 animals from property ID 1509 (farm) to property ID 700 (trader)
49,1515,1119,DAY 20/12/2024 - moved 7 animals from property ID 1515 (farm) to property ID 1119 (trader)
49,1525,892,DAY 20/12/2024 - moved 30 animals from property ID 1525 (farm) to property ID 892 (farm)
49,1548,420,DAY 20/12/2024 - moved 4 animals from property ID 1548 (farm) to property ID 420 (farm)
49,1640,1478,DAY 20/12/2024 - moved 2 animals from property ID 1640 (farm) to property ID 1478 (farm)
49,1645,222,DAY 20/12/2024 - moved 4 animals from property ID 1645 (farm) to property ID 222 (farm)
49,1650,782,DAY 20/12/2024 - moved 3 animals from property ID 1650 (farm) to property ID 782 (trader)
49,1673,422,DAY 20/12/2024 - moved 2 animals from property ID 1673 (farm) to property ID 422 (farm)
49,1676,1770,DAY 20/12/2024 - moved 7 animals from property ID 1676 (farm) to property ID 1770 (farm)
49,1679,1901,DAY 20/12/2024 - moved 1 animals from property ID 1679 (farm) to property ID 1901 (farm)
49,1692,866,DAY 20/12/2024 - moved 4 animals from property ID 1692 (farm) to property ID 866 (feedlot)
49,1710,1197,DAY 20/12/2024 - moved 7 animals from property ID 1710 (farm) to property ID 1197 (farm)
49,1718,782,DAY 20/12/2024 - moved 5 animals from property ID 1718 (farm) to property ID 782 (trader)
49,1722,1479,DAY 20/12/2024 - moved 27 animals from property ID 1722 (farm) to property ID 1479 (trader)
49,1723,1823,DAY 20/12/2024 - moved 7 animals from property ID 1723 (farm) to property ID 1823 (trader)
49,1731,1986,DAY 20/12/2024 - moved 7 animals from property ID 1731 (farm) to property ID 1986 (farm)
49,1785,1360,DAY 20/12/2024 - moved 67 animals from property ID 1785 (farm) to property ID 1360 (farm)
49,1792,415,DAY 20/12/2024 - moved 3 animals from property ID 1792 (farm) to property ID 415 (trader)
49,1809,223,DAY 20/12/2024 - moved 3 animals from property ID 1809 (farm) to property ID 223 (farm)
49,1823,1307,DAY 20/12/2024 - moved 15 animals from property ID 1823 (trader) to property ID 1307 (farm)
49,1823,867,DAY 20/12/2024 - moved 15 animals from property ID 1823 (trader) to property ID 867 (feedlot)
49,1827,1481,DAY 20/12/2024 - moved 19 animals from property ID 1827 (farm) to property ID 1481 (farm)
49,1850,866,DAY 20/12/2024 - moved 16 animals from property ID 1850 (farm) to property ID 866 (feedlot)
49,1883,649,DAY 20/12/2024 - moved 2 animals from property ID 1883 (farm) to property ID 649 (farm)
49,1885,1142,DAY 20/12/2024 - moved 20 animals from property ID 1885 (farm) to property ID 1142 (farm)
49,1886,104,DAY 20/12/2024 - moved 3 animals from property ID 1886 (farm) to property ID 104 (farm)
49,1904,168,DAY 20/12/2024 - moved 2 animals from property ID 1904 (farm) to property ID 168 (farm)
49,1935,1746,DAY 20/12/2024 - moved 11 animals from property ID 1935 (farm) to property ID 1746 (farm)
49,1938,1273,DAY 20/12/2024 - moved 4 animals from property ID 1938 (farm) to property ID 1273 (trader)
49,1941,866,DAY 20/12/2024 - moved 5 animals from property ID 1941 (farm) to property ID 866 (feedlot)
49,1947,613,DAY 20/12/2024 - moved 8 animals from property ID 1947 (farm) to property ID 613 (farm)
49,1981,680,DAY 20/12/2024 - moved 32 animals from property ID 1981 (farm) to property ID 680 (farm)
49,1984,1910,DAY 20/12/2024 - moved 2 animals from property ID 1984 (farm) to property ID 1910 (farm)
49,1993,1119,DAY 20/12/2024 - moved 5 animals from property ID 1993 (farm) to property ID 1119 (trader)
50,10,1064,DAY 21/12/2024 - moved 22 animals from property ID 10 (farm) to property ID 1064 (farm)
50,54,1479,DAY 21/12/2024 - moved 8 animals from property ID 54 (farm) to property ID 1479 (trader)
50,55,117,DAY 21/12/2024 - moved 5 animals from property ID 55 (farm) to property ID 117 (farm)
50,92,1279,DAY 21/12/2024 - moved 35 animals from property ID 92 (trader) to property ID 1279 (farm)
50,117,458,DAY 21/12/2024 - moved 9 animals from property ID 117 (farm) to property ID 458 (abbattoir)
50,122,264,DAY 21/12/2024 - moved 3 animals from property ID 122 (farm) to property ID 264 (feedlot)
50,128,758,DAY 21/12/2024 - moved 3 animals from property ID 128 (farm) to property ID 758 (feedlot)
50,140,1445,DAY 21/12/2024 - moved 7 animals from property ID 140 (farm) to property ID 1445 (farm)
50,157,700,DAY 21/12/2024 - moved 4 animals from property ID 157 (farm) to property ID 700 (trader)
50,166,1066,DAY 21/12/2024 - moved 11 animals from property ID 166 (farm) to property ID 1066 (farm)
50,189,1381,DAY 21/12/2024 - moved 13 animals from property ID 189 (saleyard) to property ID 1381 (farm)
50,189,1529,DAY 21/12/2024 - moved 13 animals from property ID 189 (saleyard) to property ID 1529 (farm)
50,189,1149,DAY 21/12/2024 - moved 13 animals from property ID 189 (saleyard) to property ID 1149 (farm)
50,194,758,DAY 21/12/2024 - moved 12 animals from property ID 194 (farm) to property ID 758 (feedlot)
50,209,1823,DAY 21/12/2024 - moved 14 animals from property ID 209 (farm) to property ID 1823 (trader)
50,214,1916,DAY 21/12/2024 - moved 19 animals from property ID 214 (farm) to property ID 1916 (farm)
50,228,1664,DAY 21/12/2024 - moved 2 animals from property ID 228 (farm) to property ID 1664 (farm)
50,233,916,DAY 21/12/2024 - moved 1 animals from property ID 233 (farm) to property ID 916 (farm)
50,234,904,DAY 21/12/2024 - moved 12 animals from property ID 234 (farm) to property ID 904 (trader)
50,242,904,DAY 21/12/2024 - moved 4 animals from property ID 242 (farm) to property ID 904 (trader)
50,247,92,DAY 21/12/2024 - moved 11 animals from property ID 247 (farm) to property ID 92 (trader)
50,255,1823,DAY 21/12/2024 - moved 8 animals from property ID 255 (farm) to property ID 1823 (trader)
50,261,1926,DAY 21/12/2024 - moved 2 animals from property ID 261 (farm) to property ID 1926 (farm)
50,275,1307,DAY 21/12/2024 - moved 8 animals from property ID 275 (farm) to property ID 1307 (farm)
50,308,1057,DAY 21/12/2024 - moved 3 animals from property ID 308 (farm) to property ID 1057 (farm)
50,325,1479,DAY 21/12/2024 - moved 19 animals from property ID 325 (farm) to property ID 1479 (trader)
50,354,1301,DAY 21/12/2024 - moved 5 animals from property ID 354 (farm) to property ID 1301 (saleyard)
50,366,1800,DAY 21/12/2024 - moved 3 animals from property ID 366 (farm) to property ID 1800 (farm)
50,391,866,DAY 21/12/2024 - moved 8 animals from property ID 391 (farm) to property ID 866 (feedlot)
50,393,866,DAY 21/12/2024 - moved 17 animals from property ID 393 (farm) to property ID 866 (feedlot)
50,422,415,DAY 21/12/2024 - moved 6 animals from property ID 422 (farm) to property ID 415 (trader)
50,424,1099,DAY 21/12/2024 - moved 5 animals from property ID 424 (farm) to property ID 1099 (farm)
50,435,1273,DAY 21/12/2024 - moved 13 animals from property ID 435 (farm) to property ID 1273 (trader)
50,447,782,DAY 21/12/2024 - moved 22 animals from property ID 447 (farm) to property ID 782 (trader)
50,455,1084,DAY 21/12/2024 - moved 10 animals from property ID 455 (farm) to property ID 1084 (farm)
50,460,1301,DAY 21/12/2024 - moved 1 animals from property ID 460 (farm) to property ID 1301 (saleyard)
50,481,1109,DAY 21/12/2024 - moved 1 animals from property ID 481 (farm) to property ID 1109 (feedlot)
50,503,700,DAY 21/12/2024 - moved 5 animals from property ID 503 (farm) to property ID 700 (trader)
50,557,1842,DAY 21/12/2024 - moved 3 animals from property ID 557 (farm) to property ID 1842 (farm)
50,570,188,DAY 21/12/2024 - moved 3 animals from property ID 570 (farm) to property ID 188 (feedlot)
50,623,1939,DAY 21/12/2024 - moved 3 animals from property ID 623 (farm) to property ID 1939 (farm)
50,632,189,DAY 21/12/2024 - moved 4 animals from property ID 632 (farm) to property ID 189 (saleyard)
50,668,1823,DAY 21/12/2024 - moved 8 animals from property ID 668 (farm) to property ID 1823 (trader)
50,692,1579,DAY 21/12/2024 - moved 1 animals from property ID 692 (farm) to property ID 1579 (farm)
50,694,578,DAY 21/12/2024 - moved 5 animals from property ID 694 (farm) to property ID 578 (farm)
50,705,1068,DAY 21/12/2024 - moved 8 animals from property ID 705 (farm) to property ID 1068 (farm)
50,717,964,DAY 21/12/2024 - moved 6 animals from property ID 717 (farm) to property ID 964 (feedlot)
50,721,1699,DAY 21/12/2024 - moved 12 animals from property ID 721 (farm) to property ID 1699 (farm)
50,724,782,DAY 21/12/2024 - moved 8 animals from property ID 724 (farm) to property ID 782 (trader)
50,732,189,DAY 21/12/2024 - moved 4 animals from property ID 732 (farm) to property ID 189 (saleyard)
50,733,1109,DAY 21/12/2024 - moved 6 animals from property ID 733 (farm) to property ID 1109 (feedlot)
50,764,358,DAY 21/12/2024 - moved 11 animals from property ID 764 (farm) to property ID 358 (farm)
50,782,1272,DAY 21/12/2024 - moved 33 animals from property ID 782 (trader) to property ID 1272 (farm)
50,782,660,DAY 21/12/2024 - moved 32 animals from property ID 782 (trader) to property ID 660 (farm)
50,795,1283,DAY 21/12/2024 - moved 9 animals from property ID 795 (farm) to property ID 1283 (farm)
50,815,1508,DAY 21/12/2024 - moved 31 animals from property ID 815 (farm) to property ID 1508 (farm)
50,820,189,DAY 21/12/2024 - moved 4 animals from property ID 820 (farm) to property ID 189 (saleyard)
50,875,866,DAY 21/12/2024 - moved 2 animals from property ID 875 (farm) to property ID 866 (feedlot)
50,876,1607,DAY 21/12/2024 - moved 5 animals from property ID 876 (farm) to property ID 1607 (farm)
50,882,1110,DAY 21/12/2024 - moved 16 animals from property ID 882 (farm) to property ID 1110 (feedlot)
50,892,715,DAY 21/12/2024 - moved 22 animals from property ID 892 (farm) to property ID 715 (farm)
50,893,1301,DAY 21/12/2024 - moved 2 animals from property ID 893 (farm) to property ID 1301 (saleyard)
50,903,524,DAY 21/12/2024 - moved 5 animals from property ID 903 (farm) to property ID 524 (feedlot)
50,904,1110,DAY 21/12/2024 - moved 6 animals from property ID 904 (trader) to property ID 1110 (feedlot)
50,904,234,DAY 21/12/2024 - moved 6 animals from property ID 904 (trader) to property ID 234 (farm)
50,914,782,DAY 21/12/2024 - moved 14 animals from property ID 914 (farm) to property ID 782 (trader)
50,935,92,DAY 21/12/2024 - moved 10 animals from property ID 935 (farm) to property ID 92 (trader)
50,943,92,DAY 21/12/2024 - moved 6 animals from property ID 943 (farm) to property ID 92 (trader)
50,947,1119,DAY 21/12/2024 - moved 6 animals from property ID 947 (farm) to property ID 1119 (trader)
50,958,568,DAY 21/12/2024 - moved 14 animals from property ID 958 (farm) to property ID 568 (farm)
50,961,1479,DAY 21/12/2024 - moved 11 animals from property ID 961 (farm) to property ID 1479 (trader)
50,965,1823,DAY 21/12/2024 - moved 7 animals from property ID 965 (farm) to property ID 1823 (trader)
50,993,1823,DAY 21/12/2024 - moved 4 animals from property ID 993 (farm) to property ID 1823 (trader)
50,1060,664,DAY 21/12/2024 - moved 4 animals from property ID 1060 (farm) to property ID 664 (farm)
50,1066,782,DAY 21/12/2024 - moved 15 animals from property ID 1066 (farm) to property ID 782 (trader)
50,1072,278,DAY 21/12/2024 - moved 5 animals from property ID 1072 (farm) to property ID 278 (farm)
50,1073,109,DAY 21/12/2024 - moved 26 animals from property ID 1073 (farm) to property ID 109 (farm)
50,1084,563,DAY 21/12/2024 - moved 1 animals from property ID 1084 (farm) to property ID 563 (farm)
50,1093,1479,DAY 21/12/2024 - moved 37 animals from property ID 1093 (farm) to property ID 1479 (trader)
50,1097,1396,DAY 21/12/2024 - moved 3 animals from property ID 1097 (farm) to property ID 1396 (farm)
50,1102,700,DAY 21/12/2024 - moved 3 animals from property ID 1102 (farm) to property ID 700 (trader)
50,1112,1823,DAY 21/12/2024 - moved 4 animals from property ID 1112 (farm) to property ID 1823 (trader)
50,1119,389,DAY 21/12/2024 - moved 8 animals from property ID 1119 (trader) to property ID 389 (farm)
50,1119,867,DAY 21/12/2024 - moved 7 animals from property ID 1119 (trader) to property ID 867 (feedlot)
50,1119,867,DAY 21/12/2024 - moved 7 animals from property ID 1119 (trader) to property ID 867 (feedlot)
50,1151,1479,DAY 21/12/2024 - moved 2 animals from property ID 1151 (farm) to property ID 1479 (trader)
50,1174,1119,DAY 21/12/2024 - moved 6 animals from property ID 1174 (farm) to property ID 1119 (trader)
50,1182,1301,DAY 21/12/2024 - moved 10 animals from property ID 1182 (farm) to property ID 1301 (saleyard)
50,1189,189,DAY 21/12/2024 - moved 7 animals from property ID 1189 (farm) to property ID 189 (saleyard)
50,1208,415,DAY 21/12/2024 - moved 1 animals from property ID 1208 (farm) to property ID 415 (trader)
50,1211,867,DAY 21/12/2024 - moved 3 animals from property ID 1211 (farm) to property ID 867 (feedlot)
50,1215,867,DAY 21/12/2024 - moved 3 animals from property ID 1215 (farm) to property ID 867 (feedlot)
50,1220,1288,DAY 21/12/2024 - moved 4 animals from property ID 1220 (farm) to property ID 1288 (farm)
50,1232,949,DAY 21/12/2024 - moved 2 animals from property ID 1232 (farm) to property ID 949 (farm)
50,1258,904,DAY 21/12/2024 - moved 4 animals from property ID 1258 (farm) to property ID 904 (trader)
50,1273,261,DAY 21/12/2024 - moved 10 animals from property ID 1273 (trader) to property ID 261 (farm)
50,1273,859,DAY 21/12/2024 - moved 9 animals from property ID 1273 (trader) to property ID 859 (farm)
50,1273,1952,DAY 21/12/2024 - moved 9 animals from property ID 1273 (trader) to property ID 1952 (farm)
50,1280,184,DAY 21/12/2024 - moved 9 animals from property ID 1280 (farm) to property ID 184 (farm)
50,1288,760,DAY 21/12/2024 - moved 7 animals from property ID 1288 (farm) to property ID 760 (farm)
50,1301,867,DAY 21/12/2024 - moved 8 animals from property ID 1301 (saleyard) to property ID 867 (feedlot)
50,1301,867,DAY 21/12/2024 - moved 8 animals from property ID 1301 (saleyard) to property ID 867 (feedlot)
50,1301,635,DAY 21/12/2024 - moved 7 animals from property ID 1301 (saleyard) to property ID 635 (farm)
50,1301,1219,DAY 21/12/2024 - moved 7 animals from property ID 1301 (saleyard) to property ID 1219 (farm)
50,1301,1925,DAY 21/12/2024 - moved 7 animals from property ID 1301 (saleyard) to property ID 1925 (farm)
50,1308,524,DAY 21/12/2024 - moved 2 animals from property ID 1308 (farm) to property ID 524 (feedlot)
50,1323,398,DAY 21/12/2024 - moved 49 animals from property ID 1323 (farm) to property ID 398 (farm)
50,1334,188,DAY 21/12/2024 - moved 5 animals from property ID 1334 (farm) to property ID 188 (feedlot)
50,1446,458,DAY 21/12/2024 - moved 6 animals from property ID 1446 (farm) to property ID 458 (abbattoir)
50,1455,1618,DAY 21/12/2024 - moved 24 animals from property ID 1455 (farm) to property ID 1618 (farm)
50,1468,1301,DAY 21/12/2024 - moved 2 animals from property ID 1468 (farm) to property ID 1301 (saleyard)
50,1474,1148,DAY 21/12/2024 - moved 3 animals from property ID 1474 (farm) to property ID 1148 (farm)
50,1499,1301,DAY 21/12/2024 - moved 7 animals from property ID 1499 (farm) to property ID 1301 (saleyard)
50,1523,39,DAY 21/12/2024 - moved 7 animals from property ID 1523 (farm) to property ID 39 (farm)
50,1528,782,DAY 21/12/2024 - moved 6 animals from property ID 1528 (farm) to property ID 782 (trader)
50,1531,1245,DAY 21/12/2024 - moved 3 animals from property ID 1531 (farm) to property ID 1245 (farm)
50,1537,1412,DAY 21/12/2024 - moved 6 animals from property ID 1537 (farm) to property ID 1412 (farm)
50,1560,867,DAY 21/12/2024 - moved 5 animals from property ID 1560 (farm) to property ID 867 (feedlot)
50,1566,1119,DAY 21/12/2024 - moved 11 animals from property ID 1566 (farm) to property ID 1119 (trader)
50,1578,1296,DAY 21/12/2024 - moved 10 animals from property ID 1578 (farm) to property ID 1296 (farm)
50,1597,1301,DAY 21/12/2024 - moved 4 animals from property ID 1597 (farm) to property ID 1301 (saleyard)
50,1607,700,DAY 21/12/2024 - moved 1 animals from property ID 1607 (farm) to property ID 700 (trader)
50,1610,101,DAY 21/12/2024 - moved 4 animals from property ID 1610 (farm) to property ID 101 (farm)
50,1611,1465,DAY 21/12/2024 - moved 6 animals from property ID 1611 (farm) to property ID 1465 (farm)
50,1619,92,DAY 21/12/2024 - moved 5 animals from property ID 1619 (farm) to property ID 92 (trader)
50,1638,634,DAY 21/12/2024 - moved 1 animals from property ID 1638 (farm) to property ID 634 (farm)
50,1649,415,DAY 21/12/2024 - moved 5 animals from property ID 1649 (farm) to property ID 415 (trader)
50,1657,486,DAY 21/12/2024 - moved 2 animals from property ID 1657 (farm) to property ID 486 (farm)
50,1687,782,DAY 21/12/2024 - moved 6 animals from property ID 1687 (farm) to property ID 782 (trader)
50,1693,1360,DAY 21/12/2024 - moved 21 animals from property ID 1693 (farm) to property ID 1360 (farm)
50,1702,1823,DAY 21/12/2024 - moved 4 animals from property ID 1702 (farm) to property ID 1823 (trader)
50,1730,183,DAY 21/12/2024 - moved 1 animals from property ID 1730 (farm) to property ID 183 (farm)
50,1823,867,DAY 21/12/2024 - moved 8 animals from property ID 1823 (trader) to property ID 867 (feedlot)
50,1823,333,DAY 21/12/2024 - moved 9 animals from property ID 1823 (trader) to property ID 333 (farm)
50,1823,867,DAY 21/12/2024 - moved 9 animals from property ID 1823 (trader) to property ID 867 (feedlot)
50,1843,1509,DAY 21/12/2024 - moved 2 animals from property ID 1843 (farm) to property ID 1509 (farm)
50,1847,1273,DAY 21/12/2024 - moved 3 animals from property ID 1847 (farm) to property ID 1273 (trader)
50,1859,1479,DAY 21/12/2024 - moved 28 animals from property ID 1859 (farm) to property ID 1479 (trader)
50,1868,1750,DAY 21/12/2024 - moved 6 animals from property ID 1868 (farm) to property ID 1750 (farm)
50,1877,1376,DAY 21/12/2024 - moved 3 animals from property ID 1877 (farm) to property ID 1376 (farm)
50,1923,1535,DAY 21/12/2024 - moved 19 animals from property ID 1923 (farm) to property ID 1535 (farm)
50,1929,1119,DAY 21/12/2024 - moved 2 animals from property ID 1929 (farm) to property ID 1119 (trader)
50,1939,92,DAY 21/12/2024 - moved 3 animals from property ID 1939 (farm) to property ID 92 (trader)
50,1955,585,DAY 21/12/2024 - moved 2 animals from property ID 1955 (farm) to property ID 585 (farm)
50,1965,415,DAY 21/12/2024 - moved 1 animals from property ID 1965 (farm) to property ID 415 (trader)
50,1971,424,DAY 21/12/2024 - moved 3 animals from property ID 1971 (farm) to property ID 424 (farm)
50,1982,782,DAY 21/12/2024 - moved 12 animals from property ID 1982 (farm) to property ID 782 (trader)
50,1985,415,DAY 21/12/2024 - moved 4 animals from property ID 1985 (farm) to property ID 415 (trader)
51,20,1479,DAY 22/12/2024 - moved 3 animals from property ID 20 (farm) to property ID 1479 (trader)
51,23,867,DAY 22/12/2024 - moved 4 animals from property ID 23 (farm) to property ID 867 (feedlot)
51,52,1301,DAY 22/12/2024 - moved 10 animals from property ID 52 (farm) to property ID 1301 (saleyard)
51,69,46,DAY 22/12/2024 - moved 16 animals from property ID 69 (farm) to property ID 46 (farm)
51,87,1666,DAY 22/12/2024 - moved 4 animals from property ID 87 (farm) to property ID 1666 (feedlot)
51,92,866,DAY 22/12/2024 - moved 35 animals from property ID 92 (trader) to property ID 866 (feedlot)
51,189,636,DAY 22/12/2024 - moved 11 animals from property ID 189 (saleyard) to property ID 636 (farm)
51,189,1542,DAY 22/12/2024 - moved 12 animals from property ID 189 (saleyard) to property ID 1542 (farm)
51,189,1412,DAY 22/12/2024 - moved 12 animals from property ID 189 (saleyard) to property ID 1412 (farm)
51,201,700,DAY 22/12/2024 - moved 6 animals from property ID 201 (farm) to property ID 700 (trader)
51,239,782,DAY 22/12/2024 - moved 4 animals from property ID 239 (farm) to property ID 782 (trader)
51,262,758,DAY 22/12/2024 - moved 7 animals from property ID 262 (farm) to property ID 758 (feedlot)
51,273,14,DAY 22/12/2024 - moved 13 animals from property ID 273 (farm) to property ID 14 (farm)
51,299,1160,DAY 22/12/2024 - moved 3 animals from property ID 299 (farm) to property ID 1160 (farm)
51,346,867,DAY 22/12/2024 - moved 7 animals from property ID 346 (farm) to property ID 867 (feedlot)
51,355,866,DAY 22/12/2024 - moved 6 animals from property ID 355 (farm) to property ID 866 (feedlot)
51,359,130,DAY 22/12/2024 - moved 2 animals from property ID 359 (farm) to property ID 130 (farm)
51,389,1119,DAY 22/12/2024 - moved 10 animals from property ID 389 (farm) to property ID 1119 (trader)
51,415,1109,DAY 22/12/2024 - moved 7 animals from property ID 415 (trader) to property ID 1109 (feedlot)
51,415,581,DAY 22/12/2024 - moved 7 animals from property ID 415 (trader) to property ID 581 (farm)
51,431,1273,DAY 22/12/2024 - moved 4 animals from property ID 431 (farm) to property ID 1273 (trader)
51,434,1160,DAY 22/12/2024 - moved 2 animals from property ID 434 (farm) to property ID 1160 (farm)
51,437,1119,DAY 22/12/2024 - moved 5 animals from property ID 437 (farm) to property ID 1119 (trader)
51,486,1273,DAY 22/12/2024 - moved 1 animals from property ID 486 (farm) to property ID 1273 (trader)
51,542,964,DAY 22/12/2024 - moved 2 animals from property ID 542 (farm) to property ID 964 (feedlot)
51,578,1479,DAY 22/12/2024 - moved 6 animals from property ID 578 (farm) to property ID 1479 (trader)
51,613,1095,DAY 22/12/2024 - moved 2 animals from property ID 613 (farm) to property ID 1095 (farm)
51,621,1301,DAY 22/12/2024 - moved 4 animals from property ID 621 (farm) to property ID 1301 (saleyard)
51,639,866,DAY 22/12/2024 - moved 94 animals from property ID 639 (farm) to property ID 866 (feedlot)
51,657,1273,DAY 22/12/2024 - moved 1 animals from property ID 657 (farm) to property ID 1273 (trader)
51,659,968,DAY 22/12/2024 - moved 5 animals from property ID 659 (farm) to property ID 968 (farm)
51,676,1406,DAY 22/12/2024 - moved 4 animals from property ID 676 (farm) to property ID 1406 (farm)
51,680,1479,DAY 22/12/2024 - moved 26 animals from property ID 680 (farm) to property ID 1479 (trader)
51,682,1981,DAY 22/12/2024 - moved 26 animals from property ID 682 (farm) to property ID 1981 (farm)
51,700,1854,DAY 22/12/2024 - moved 14 animals from property ID 700 (trader) to property ID 1854 (farm)
51,700,7,DAY 22/12/2024 - moved 14 animals from property ID 700 (trader) to property ID 7 (farm)
51,703,700,DAY 22/12/2024 - moved 3 animals from property ID 703 (farm) to property ID 700 (trader)
51,723,867,DAY 22/12/2024 - moved 3 animals from property ID 723 (farm) to property ID 867 (feedlot)
51,773,92,DAY 22/12/2024 - moved 2 animals from property ID 773 (farm) to property ID 92 (trader)
51,779,1602,DAY 22/12/2024 - moved 2 animals from property ID 779 (farm) to property ID 1602 (farm)
51,788,1889,DAY 22/12/2024 - moved 4 animals from property ID 788 (farm) to property ID 1889 (farm)
51,793,1823,DAY 22/12/2024 - moved 2 animals from property ID 793 (farm) to property ID 1823 (trader)
51,805,758,DAY 22/12/2024 - moved 6 animals from property ID 805 (farm) to property ID 758 (feedlot)
51,810,310,DAY 22/12/2024 - moved 7 animals from property ID 810 (farm) to property ID 310 (farm)
51,813,1217,DAY 22/12/2024 - moved 4 animals from property ID 813 (farm) to property ID 1217 (farm)
51,835,1339,DAY 22/12/2024 - moved 14 animals from property ID 835 (farm) to property ID 1339 (farm)
51,853,92,DAY 22/12/2024 - moved 1 animals from property ID 853 (farm) to property ID 92 (trader)
51,854,1479,DAY 22/12/2024 - moved 8 animals from property ID 854 (farm) to property ID 1479 (trader)
51,902,1541,DAY 22/12/2024 - moved 5 animals from property ID 902 (farm) to property ID 1541 (farm)
51,904,1110,DAY 22/12/2024 - moved 13 animals from property ID 904 (trader) to property ID 1110 (feedlot)
51,905,1479,DAY 22/12/2024 - moved 15 animals from property ID 905 (farm) to property ID 1479 (trader)
51,909,1140,DAY 22/12/2024 - moved 3 animals from property ID 909 (farm) to property ID 1140 (farm)
51,921,1119,DAY 22/12/2024 - moved 13 animals from property ID 921 (farm) to property ID 1119 (trader)
51,945,1301,DAY 22/12/2024 - moved 1 animals from property ID 945 (farm) to property ID 1301 (saleyard)
51,952,1479,DAY 22/12/2024 - moved 5 animals from property ID 952 (farm) to property ID 1479 (trader)
51,956,201,DAY 22/12/2024 - moved 4 animals from property ID 956 (farm) to property ID 201 (farm)
51,974,189,DAY 22/12/2024 - moved 16 animals from property ID 974 (farm) to property ID 189 (saleyard)
51,976,296,DAY 22/12/2024 - moved 4 animals from property ID 976 (farm) to property ID 296 (farm)
51,1001,92,DAY 22/12/2024 - moved 10 animals from property ID 1001 (farm) to property ID 92 (trader)
51,1034,822,DAY 22/12/2024 - moved 5 animals from property ID 1034 (farm) to property ID 822 (farm)
51,1046,1598,DAY 22/12/2024 - moved 17 animals from property ID 1046 (farm) to property ID 1598 (farm)
51,1095,415,DAY 22/12/2024 - moved 2 animals from property ID 1095 (farm) to property ID 415 (trader)
51,1103,1273,DAY 22/12/2024 - moved 4 animals from property ID 1103 (farm) to property ID 1273 (trader)
51,1122,1273,DAY 22/12/2024 - moved 5 animals from property ID 1122 (farm) to property ID 1273 (trader)
51,1160,719,DAY 22/12/2024 - moved 7 animals from property ID 1160 (farm) to property ID 719 (farm)
51,1166,1119,DAY 22/12/2024 - moved 18 animals from property ID 1166 (farm) to property ID 1119 (trader)
51,1202,769,DAY 22/12/2024 - moved 5 animals from property ID 1202 (farm) to property ID 769 (farm)
51,1219,1301,DAY 22/12/2024 - moved 14 animals from property ID 1219 (farm) to property ID 1301 (saleyard)
51,1228,483,DAY 22/12/2024 - moved 6 animals from property ID 1228 (farm) to property ID 483 (farm)
51,1273,609,DAY 22/12/2024 - moved 13 animals from property ID 1273 (trader) to property ID 609 (farm)
51,1273,1005,DAY 22/12/2024 - moved 12 animals from property ID 1273 (trader) to property ID 1005 (farm)
51,1274,985,DAY 22/12/2024 - moved 4 animals from property ID 1274 (farm) to property ID 985 (farm)
51,1301,1579,DAY 22/12/2024 - moved 8 animals from property ID 1301 (saleyard) to property ID 1579 (farm)
51,1301,897,DAY 22/12/2024 - moved 7 animals from property ID 1301 (saleyard) to property ID 897 (farm)
51,1301,867,DAY 22/12/2024 - moved 7 animals from property ID 1301 (saleyard) to property ID 867 (feedlot)
51,1301,1823,DAY 22/12/2024 - moved 7 animals from property ID 1301 (saleyard) to property ID 1823 (trader)
51,1301,1395,DAY 22/12/2024 - moved 7 animals from property ID 1301 (saleyard) to property ID 1395 (farm)
51,1316,773,DAY 22/12/2024 - moved 4 animals from property ID 1316 (farm) to property ID 773 (farm)
51,1369,1432,DAY 22/12/2024 - moved 13 animals from property ID 1369 (farm) to property ID 1432 (farm)
51,1374,469,DAY 22/12/2024 - moved 3 animals from property ID 1374 (farm) to property ID 469 (farm)
51,1390,967,DAY 22/12/2024 - moved 5 animals from property ID 1390 (farm) to property ID 967 (farm)
51,1395,1823,DAY 22/12/2024 - moved 8 animals from property ID 1395 (farm) to property ID 1823 (trader)
51,1398,1701,DAY 22/12/2024 - moved 5 animals from property ID 1398 (farm) to property ID 1701 (farm)
51,1412,1109,DAY 22/12/2024 - moved 10 animals from property ID 1412 (farm) to property ID 1109 (feedlot)
51,1415,964,DAY 22/12/2024 - moved 1 animals from property ID 1415 (farm) to property ID 964 (feedlot)
51,1422,103,DAY 22/12/2024 - moved 8 animals from property ID 1422 (farm) to property ID 103 (farm)
51,1427,108,DAY 22/12/2024 - moved 1 animals from property ID 1427 (farm) to property ID 108 (farm)
51,1475,1823,DAY 22/12/2024 - moved 4 animals from property ID 1475 (farm) to property ID 1823 (trader)
51,1479,758,DAY 22/12/2024 - moved 62 animals from property ID 1479 (trader) to property ID 758 (feedlot)
51,1495,1479,DAY 22/12/2024 - moved 10 animals from property ID 1495 (farm) to property ID 1479 (trader)
51,1502,1301,DAY 22/12/2024 - moved 2 animals from property ID 1502 (farm) to property ID 1301 (saleyard)
51,1512,188,DAY 22/12/2024 - moved 2 animals from property ID 1512 (farm) to property ID 188 (feedlot)
51,1519,1145,DAY 22/12/2024 - moved 1 animals from property ID 1519 (farm) to property ID 1145 (farm)
51,1547,1458,DAY 22/12/2024 - moved 6 animals from property ID 1547 (farm) to property ID 1458 (farm)
51,1565,1666,DAY 22/12/2024 - moved 2 animals from property ID 1565 (farm) to property ID 1666 (feedlot)
51,1568,1273,DAY 22/12/2024 - moved 2 animals from property ID 1568 (farm) to property ID 1273 (trader)
51,1582,1666,DAY 22/12/2024 - moved 4 animals from property ID 1582 (farm) to property ID 1666 (feedlot)
51,1590,1556,DAY 22/12/2024 - moved 5 animals from property ID 1590 (farm) to property ID 1556 (farm)
51,1593,92,DAY 22/12/2024 - moved 9 animals from property ID 1593 (farm) to property ID 92 (trader)
51,1608,1301,DAY 22/12/2024 - moved 1 animals from property ID 1608 (farm) to property ID 1301 (saleyard)
51,1612,1273,DAY 22/12/2024 - moved 4 animals from property ID 1612 (farm) to property ID 1273 (trader)
51,1624,1837,DAY 22/12/2024 - moved 52 animals from property ID 1624 (farm) to property ID 1837 (farm)
51,1634,694,DAY 22/12/2024 - moved 7 animals from property ID 1634 (farm) to property ID 694 (farm)
51,1646,867,DAY 22/12/2024 - moved 5 animals from property ID 1646 (farm) to property ID 867 (feedlot)
51,1652,161,DAY 22/12/2024 - moved 5 animals from property ID 1652 (farm) to property ID 161 (farm)
51,1668,211,DAY 22/12/2024 - moved 31 animals from property ID 1668 (farm) to property ID 211 (farm)
51,1671,262,DAY 22/12/2024 - moved 11 animals from property ID 1671 (farm) to property ID 262 (farm)
51,1691,909,DAY 22/12/2024 - moved 3 animals from property ID 1691 (farm) to property ID 909 (farm)
51,1700,1731,DAY 22/12/2024 - moved 4 animals from property ID 1700 (farm) to property ID 1731 (farm)
51,1701,361,DAY 22/12/2024 - moved 3 animals from property ID 1701 (farm) to property ID 361 (farm)
51,1714,1273,DAY 22/12/2024 - moved 2 animals from property ID 1714 (farm) to property ID 1273 (trader)
51,1720,443,DAY 22/12/2024 - moved 2 animals from property ID 1720 (farm) to property ID 443 (farm)
51,1742,238,DAY 22/12/2024 - moved 3 animals from property ID 1742 (farm) to property ID 238 (farm)
51,1787,1759,DAY 22/12/2024 - moved 13 animals from property ID 1787 (farm) to property ID 1759 (farm)
51,1794,189,DAY 22/12/2024 - moved 3 animals from property ID 1794 (farm) to property ID 189 (saleyard)
51,1806,957,DAY 22/12/2024 - moved 7 animals from property ID 1806 (farm) to property ID 957 (farm)
51,1810,171,DAY 22/12/2024 - moved 7 animals from property ID 1810 (farm) to property ID 171 (farm)
51,1823,867,DAY 22/12/2024 - moved 31 animals from property ID 1823 (trader) to property ID 867 (feedlot)
51,1854,437,DAY 22/12/2024 - moved 4 animals from property ID 1854 (farm) to property ID 437 (farm)
51,1861,92,DAY 22/12/2024 - moved 4 animals from property ID 1861 (farm) to property ID 92 (trader)
51,1864,866,DAY 22/12/2024 - moved 2 animals from property ID 1864 (farm) to property ID 866 (feedlot)
51,1878,275,DAY 22/12/2024 - moved 21 animals from property ID 1878 (farm) to property ID 275 (farm)
51,1893,1376,DAY 22/12/2024 - moved 3 animals from property ID 1893 (farm) to property ID 1376 (farm)
51,1918,489,DAY 22/12/2024 - moved 20 animals from property ID 1918 (farm) to property ID 489 (farm)
51,1922,201,DAY 22/12/2024 - moved 4 animals from property ID 1922 (farm) to property ID 201 (farm)
51,1933,1932,DAY 22/12/2024 - moved 18 animals from property ID 1933 (farm) to property ID 1932 (farm)
51,1934,1579,DAY 22/12/2024 - moved 1 animals from property ID 1934 (farm) to property ID 1579 (farm)
51,1942,1273,DAY 22/12/2024 - moved 3 animals from property ID 1942 (farm) to property ID 1273 (trader)
51,1945,89,DAY 22/12/2024 - moved 46 animals from property ID 1945 (farm) to property ID 89 (farm)
51,1953,524,DAY 22/12/2024 - moved 5 animals from property ID 1953 (farm) to property ID 524 (feedlot)
51,1973,1666,DAY 22/12/2024 - moved 8 animals from property ID 1973 (farm) to property ID 1666 (feedlot)
51,1980,92,DAY 22/12/2024 - moved 4 animals from property ID 1980 (farm) to property ID 92 (trader)
52,40,867,DAY 23/12/2024 - moved 3 animals from property ID 40 (farm) to property ID 867 (feedlot)
52,43,960,DAY 23/12/2024 - moved 3 animals from property ID 43 (farm) to property ID 960 (farm)
52,77,1292,DAY 23/12/2024 - moved 7 animals from property ID 77 (farm) to property ID 1292 (farm)
52,80,453,DAY 23/12/2024 - moved 1 animals from property ID 80 (farm) to property ID 453 (farm)
52,91,508,DAY 23/12/2024 - moved 4 animals from property ID 91 (farm) to property ID 508 (farm)
52,92,1666,DAY 23/12/2024 - moved 12 animals from property ID 92 (trader) to property ID 1666 (feedlot)
52,92,1911,DAY 23/12/2024 - moved 11 animals from property ID 92 (trader) to property ID 1911 (farm)
52,92,866,DAY 23/12/2024 - moved 11 animals from property ID 92 (trader) to property ID 866 (feedlot)
52,100,867,DAY 23/12/2024 - moved 6 animals from property ID 100 (farm) to property ID 867 (feedlot)
52,103,119,DAY 23/12/2024 - moved 8 animals from property ID 103 (farm) to property ID 119 (farm)
52,126,1479,DAY 23/12/2024 - moved 4 animals from property ID 126 (farm) to property ID 1479 (trader)
52,141,1301,DAY 23/12/2024 - moved 7 animals from property ID 141 (farm) to property ID 1301 (saleyard)
52,150,189,DAY 23/12/2024 - moved 18 animals from property ID 150 (farm) to property ID 189 (saleyard)
52,173,866,DAY 23/12/2024 - moved 2 animals from property ID 173 (farm) to property ID 866 (feedlot)
52,179,971,DAY 23/12/2024 - moved 6 animals from property ID 179 (farm) to property ID 971 (farm)
52,180,867,DAY 23/12/2024 - moved 3 animals from property ID 180 (farm) to property ID 867 (feedlot)
52,189,1661,DAY 23/12/2024 - moved 10 animals from property ID 189 (saleyard) to property ID 1661 (farm)
52,189,524,DAY 23/12/2024 - moved 11 animals from property ID 189 (saleyard) to property ID 524 (feedlot)
52,189,597,DAY 23/12/2024 - moved 11 animals from property ID 189 (saleyard) to property ID 597 (farm)
52,202,1666,DAY 23/12/2024 - moved 3 animals from property ID 202 (farm) to property ID 1666 (feedlot)
52,212,422,DAY 23/12/2024 - moved 2 animals from property ID 212 (farm) to property ID 422 (farm)
52,219,626,DAY 23/12/2024 - moved 15 animals from property ID 219 (farm) to property ID 626 (farm)
52,259,1936,DAY 23/12/2024 - moved 8 animals from property ID 259 (farm) to property ID 1936 (farm)
52,276,867,DAY 23/12/2024 - moved 3 animals from property ID 276 (farm) to property ID 867 (feedlot)
52,277,889,DAY 23/12/2024 - moved 5 animals from property ID 277 (farm) to property ID 889 (farm)
52,286,92,DAY 23/12/2024 - moved 9 animals from property ID 286 (farm) to property ID 92 (trader)
52,291,458,DAY 23/12/2024 - moved 6 animals from property ID 291 (farm) to property ID 458 (abbattoir)
52,296,964,DAY 23/12/2024 - moved 19 animals from property ID 296 (farm) to property ID 964 (feedlot)
52,302,1273,DAY 23/12/2024 - moved 3 animals from property ID 302 (farm) to property ID 1273 (trader)
52,311,189,DAY 23/12/2024 - moved 2 animals from property ID 311 (farm) to property ID 189 (saleyard)
52,328,700,DAY 23/12/2024 - moved 5 animals from property ID 328 (farm) to property ID 700 (trader)
52,344,1722,DAY 23/12/2024 - moved 8 animals from property ID 344 (farm) to property ID 1722 (farm)
52,347,862,DAY 23/12/2024 - moved 2 animals from property ID 347 (farm) to property ID 862 (farm)
52,357,1301,DAY 23/12/2024 - moved 1 animals from property ID 357 (farm) to property ID 1301 (saleyard)
52,365,458,DAY 23/12/2024 - moved 8 animals from property ID 365 (farm) to property ID 458 (abbattoir)
52,379,458,DAY 23/12/2024 - moved 3 animals from property ID 379 (farm) to property ID 458 (abbattoir)
52,385,1479,DAY 23/12/2024 - moved 42 animals from property ID 385 (farm) to property ID 1479 (trader)
52,399,458,DAY 23/12/2024 - moved 8 animals from property ID 399 (farm) to property ID 458 (abbattoir)
52,412,782,DAY 23/12/2024 - moved 8 animals from property ID 412 (farm) to property ID 782 (trader)
52,413,856,DAY 23/12/2024 - moved 3 animals from property ID 413 (farm) to property ID 856 (farm)
52,415,1301,DAY 23/12/2024 - moved 12 animals from property ID 415 (trader) to property ID 1301 (saleyard)
52,428,1273,DAY 23/12/2024 - moved 3 animals from property ID 428 (farm) to property ID 1273 (trader)
52,433,957,DAY 23/12/2024 - moved 5 animals from property ID 433 (farm) to property ID 957 (farm)
52,441,1301,DAY 23/12/2024 - moved 8 animals from property ID 441 (farm) to property ID 1301 (saleyard)
52,478,904,DAY 23/12/2024 - moved 6 animals from property ID 478 (farm) to property ID 904 (trader)
52,494,188,DAY 23/12/2024 - moved 6 animals from property ID 494 (farm) to property ID 188 (feedlot)
52,495,306,DAY 23/12/2024 - moved 3 animals from property ID 495 (farm) to property ID 306 (farm)
52,496,1615,DAY 23/12/2024 - moved 4 animals from property ID 496 (farm) to property ID 1615 (farm)
52,508,188,DAY 23/12/2024 - moved 7 animals from property ID 508 (farm) to property ID 188 (feedlot)
52,512,885,DAY 23/12/2024 - moved 5 animals from property ID 512 (farm) to property ID 885 (farm)
52,518,264,DAY 23/12/2024 - moved 4 animals from property ID 518 (farm) to property ID 264 (feedlot)
52,519,138,DAY 23/12/2024 - moved 3 animals from property ID 519 (farm) to property ID 138 (farm)
52,523,866,DAY 23/12/2024 - moved 14 animals from property ID 523 (farm) to property ID 866 (feedlot)
52,527,264,DAY 23/12/2024 - moved 4 animals from property ID 527 (farm) to property ID 264 (feedlot)
52,533,1823,DAY 23/12/2024 - moved 5 animals from property ID 533 (farm) to property ID 1823 (trader)
52,544,1659,DAY 23/12/2024 - moved 1 animals from property ID 544 (farm) to property ID 1659 (farm)
52,548,1479,DAY 23/12/2024 - moved 15 animals from property ID 548 (farm) to property ID 1479 (trader)
52,554,1202,DAY 23/12/2024 - moved 7 animals from property ID 554 (farm) to property ID 1202 (farm)
52,566,186,DAY 23/12/2024 - moved 1 animals from property ID 566 (farm) to property ID 186 (farm)
52,567,1889,DAY 23/12/2024 - moved 4 animals from property ID 567 (farm) to property ID 1889 (farm)
52,576,358,DAY 23/12/2024 - moved 2 animals from property ID 576 (farm) to property ID 358 (farm)
52,586,1109,DAY 23/12/2024 - moved 5 animals from property ID 586 (farm) to property ID 1109 (feedlot)
52,646,967,DAY 23/12/2024 - moved 12 animals from property ID 646 (farm) to property ID 967 (farm)
52,654,1704,DAY 23/12/2024 - moved 10 animals from property ID 654 (farm) to property ID 1704 (farm)
52,660,782,DAY 23/12/2024 - moved 13 animals from property ID 660 (farm) to property ID 782 (trader)
52,689,832,DAY 23/12/2024 - moved 11 animals from property ID 689 (farm) to property ID 832 (farm)
52,699,853,DAY 23/12/2024 - moved 10 animals from property ID 699 (farm) to property ID 853 (farm)
52,700,1110,DAY 23/12/2024 - moved 8 animals from property ID 700 (trader) to property ID 1110 (feedlot)
52,700,1336,DAY 23/12/2024 - moved 8 animals from property ID 700 (trader) to property ID 1336 (farm)
52,700,524,DAY 23/12/2024 - moved 8 animals from property ID 700 (trader) to property ID 524 (feedlot)
52,708,964,DAY 23/12/2024 - moved 20 animals from property ID 708 (farm) to property ID 964 (feedlot)
52,722,1859,DAY 23/12/2024 - moved 27 animals from property ID 722 (farm) to property ID 1859 (farm)
52,731,189,DAY 23/12/2024 - moved 10 animals from property ID 731 (farm) to property ID 189 (saleyard)
52,751,964,DAY 23/12/2024 - moved 6 animals from property ID 751 (farm) to property ID 964 (feedlot)
52,759,1826,DAY 23/12/2024 - moved 7 animals from property ID 759 (farm) to property ID 1826 (farm)
52,791,1877,DAY 23/12/2024 - moved 16 animals from property ID 791 (farm) to property ID 1877 (farm)
52,799,55,DAY 23/12/2024 - moved 27 animals from property ID 799 (farm) to property ID 55 (farm)
52,808,1715,DAY 23/12/2024 - moved 4 animals from property ID 808 (farm) to property ID 1715 (farm)
52,822,1747,DAY 23/12/2024 - moved 45 animals from property ID 822 (farm) to property ID 1747 (farm)
52,852,1809,DAY 23/12/2024 - moved 13 animals from property ID 852 (farm) to property ID 1809 (farm)
52,860,1148,DAY 23/12/2024 - moved 24 animals from property ID 860 (farm) to property ID 1148 (farm)
52,869,92,DAY 23/12/2024 - moved 26 animals from property ID 869 (farm) to property ID 92 (trader)
52,904,1609,DAY 23/12/2024 - moved 5 animals from property ID 904 (trader) to property ID 1609 (farm)
52,904,1607,DAY 23/12/2024 - moved 6 animals from property ID 904 (trader) to property ID 1607 (farm)
52,916,830,DAY 23/12/2024 - moved 4 animals from property ID 916 (farm) to property ID 830 (farm)
52,933,904,DAY 23/12/2024 - moved 8 animals from property ID 933 (farm) to property ID 904 (trader)
52,970,1273,DAY 23/12/2024 - moved 3 animals from property ID 970 (farm) to property ID 1273 (trader)
52,978,1273,DAY 23/12/2024 - moved 2 animals from property ID 978 (farm) to property ID 1273 (trader)
52,981,189,DAY 23/12/2024 - moved 10 animals from property ID 981 (farm) to property ID 189 (saleyard)
52,986,524,DAY 23/12/2024 - moved 3 animals from property ID 986 (farm) to property ID 524 (feedlot)
52,989,1479,DAY 23/12/2024 - moved 15 animals from property ID 989 (farm) to property ID 1479 (trader)
52,996,1479,DAY 23/12/2024 - moved 4 animals from property ID 996 (farm) to property ID 1479 (trader)
52,997,707,DAY 23/12/2024 - moved 2 animals from property ID 997 (farm) to property ID 707 (farm)
52,1030,264,DAY 23/12/2024 - moved 1 animals from property ID 1030 (farm) to property ID 264 (feedlot)
52,1054,1301,DAY 23/12/2024 - moved 6 animals from property ID 1054 (farm) to property ID 1301 (saleyard)
52,1074,458,DAY 23/12/2024 - moved 1 animals from property ID 1074 (farm) to property ID 458 (abbattoir)
52,1082,1273,DAY 23/12/2024 - moved 5 animals from property ID 1082 (farm) to property ID 1273 (trader)
52,1088,1612,DAY 23/12/2024 - moved 3 animals from property ID 1088 (farm) to property ID 1612 (farm)
52,1092,1033,DAY 23/12/2024 - moved 16 animals from property ID 1092 (farm) to property ID 1033 (farm)
52,1106,1909,DAY 23/12/2024 - moved 1 animals from property ID 1106 (farm) to property ID 1909 (farm)
52,1119,362,DAY 23/12/2024 - moved 31 animals from property ID 1119 (trader) to property ID 362 (farm)
52,1125,867,DAY 23/12/2024 - moved 3 animals from property ID 1125 (farm) to property ID 867 (feedlot)
52,1133,92,DAY 23/12/2024 - moved 2 animals from property ID 1133 (farm) to property ID 92 (trader)
52,1134,1590,DAY 23/12/2024 - moved 11 animals from property ID 1134 (farm) to property ID 1590 (farm)
52,1144,1907,DAY 23/12/2024 - moved 21 animals from property ID 1144 (farm) to property ID 1907 (feedlot)
52,1184,1314,DAY 23/12/2024 - moved 9 animals from property ID 1184 (farm) to property ID 1314 (farm)
52,1185,866,DAY 23/12/2024 - moved 9 animals from property ID 1185 (farm) to property ID 866 (feedlot)
52,1214,866,DAY 23/12/2024 - moved 9 animals from property ID 1214 (farm) to property ID 866 (feedlot)
52,1235,518,DAY 23/12/2024 - moved 4 animals from property ID 1235 (farm) to property ID 518 (farm)
52,1241,964,DAY 23/12/2024 - moved 5 animals from property ID 1241 (farm) to property ID 964 (feedlot)
52,1273,1881,DAY 23/12/2024 - moved 26 animals from property ID 1273 (trader) to property ID 1881 (farm)
52,1282,1666,DAY 23/12/2024 - moved 5 animals from property ID 1282 (farm) to property ID 1666 (feedlot)
52,1297,1261,DAY 23/12/2024 - moved 5 animals from property ID 1297 (farm) to property ID 1261 (farm)
52,1301,1469,DAY 23/12/2024 - moved 7 animals from property ID 1301 (saleyard) to property ID 1469 (farm)
52,1301,867,DAY 23/12/2024 - moved 7 animals from property ID 1301 (saleyard) to property ID 867 (feedlot)
52,1301,949,DAY 23/12/2024 - moved 7 animals from property ID 1301 (saleyard) to property ID 949 (farm)
52,1301,40,DAY 23/12/2024 - moved 7 animals from property ID 1301 (saleyard) to property ID 40 (farm)
52,1301,1256,DAY 23/12/2024 - moved 7 animals from property ID 1301 (saleyard) to property ID 1256 (farm)
52,1307,1823,DAY 23/12/2024 - moved 16 animals from property ID 1307 (farm) to property ID 1823 (trader)
52,1327,889,DAY 23/12/2024 - moved 3 animals from property ID 1327 (farm) to property ID 889 (farm)
52,1352,275,DAY 23/12/2024 - moved 38 animals from property ID 1352 (farm) to property ID 275 (farm)
52,1365,576,DAY 23/12/2024 - moved 5 animals from property ID 1365 (farm) to property ID 576 (farm)
52,1377,839,DAY 23/12/2024 - moved 8 animals from property ID 1377 (farm) to property ID 839 (farm)
52,1386,489,DAY 23/12/2024 - moved 18 animals from property ID 1386 (farm) to property ID 489 (farm)
52,1436,1750,DAY 23/12/2024 - moved 4 animals from property ID 1436 (farm) to property ID 1750 (farm)
52,1445,597,DAY 23/12/2024 - moved 18 animals from property ID 1445 (farm) to property ID 597 (farm)
52,1453,700,DAY 23/12/2024 - moved 25 animals from property ID 1453 (farm) to property ID 700 (trader)
52,1456,1479,DAY 23/12/2024 - moved 9 animals from property ID 1456 (farm) to property ID 1479 (trader)
52,1471,1881,DAY 23/12/2024 - moved 4 animals from property ID 1471 (farm) to property ID 1881 (farm)
52,1476,1823,DAY 23/12/2024 - moved 8 animals from property ID 1476 (farm) to property ID 1823 (trader)
52,1479,1251,DAY 23/12/2024 - moved 33 animals from property ID 1479 (trader) to property ID 1251 (farm)
52,1479,758,DAY 23/12/2024 - moved 32 animals from property ID 1479 (trader) to property ID 758 (feedlot)
52,1485,736,DAY 23/12/2024 - moved 6 animals from property ID 1485 (farm) to property ID 736 (farm)
52,1518,714,DAY 23/12/2024 - moved 3 animals from property ID 1518 (farm) to property ID 714 (farm)
52,1529,904,DAY 23/12/2024 - moved 5 animals from property ID 1529 (farm) to property ID 904 (trader)
52,1545,918,DAY 23/12/2024 - moved 3 animals from property ID 1545 (farm) to property ID 918 (farm)
52,1581,1030,DAY 23/12/2024 - moved 5 animals from property ID 1581 (farm) to property ID 1030 (farm)
52,1586,782,DAY 23/12/2024 - moved 29 animals from property ID 1586 (farm) to property ID 782 (trader)
52,1588,1110,DAY 23/12/2024 - moved 2 animals from property ID 1588 (farm) to property ID 1110 (feedlot)
52,1609,775,DAY 23/12/2024 - moved 15 animals from property ID 1609 (farm) to property ID 775 (farm)
52,1628,1479,DAY 23/12/2024 - moved 2 animals from property ID 1628 (farm) to property ID 1479 (trader)
52,1699,1479,DAY 23/12/2024 - moved 8 animals from property ID 1699 (farm) to property ID 1479 (trader)
52,1705,964,DAY 23/12/2024 - moved 3 animals from property ID 1705 (farm) to property ID 964 (feedlot)
52,1725,464,DAY 23/12/2024 - moved 2 animals from property ID 1725 (farm) to property ID 464 (farm)
52,1737,1666,DAY 23/12/2024 - moved 3 animals from property ID 1737 (farm) to property ID 1666 (feedlot)
52,1740,866,DAY 23/12/2024 - moved 9 animals from property ID 1740 (farm) to property ID 866 (feedlot)
52,1741,1119,DAY 23/12/2024 - moved 3 animals from property ID 1741 (farm) to property ID 1119 (trader)
52,1746,758,DAY 23/12/2024 - moved 13 animals from property ID 1746 (farm) to property ID 758 (feedlot)
52,1751,524,DAY 23/12/2024 - moved 1 animals from property ID 1751 (farm) to property ID 524 (feedlot)
52,1766,566,DAY 23/12/2024 - moved 6 animals from property ID 1766 (farm) to property ID 566 (farm)
52,1771,700,DAY 23/12/2024 - moved 7 animals from property ID 1771 (farm) to property ID 700 (trader)
52,1777,458,DAY 23/12/2024 - moved 17 animals from property ID 1777 (farm) to property ID 458 (abbattoir)
52,1778,700,DAY 23/12/2024 - moved 2 animals from property ID 1778 (farm) to property ID 700 (trader)
52,1780,1273,DAY 23/12/2024 - moved 1 animals from property ID 1780 (farm) to property ID 1273 (trader)
52,1789,468,DAY 23/12/2024 - moved 6 animals from property ID 1789 (farm) to property ID 468 (farm)
52,1797,1937,DAY 23/12/2024 - moved 5 animals from property ID 1797 (farm) to property ID 1937 (farm)
52,1800,1099,DAY 23/12/2024 - moved 29 animals from property ID 1800 (farm) to property ID 1099 (farm)
52,1804,1776,DAY 23/12/2024 - moved 17 animals from property ID 1804 (farm) to property ID 1776 (farm)
52,1807,1933,DAY 23/12/2024 - moved 12 animals from property ID 1807 (farm) to property ID 1933 (farm)
52,1823,257,DAY 23/12/2024 - moved 15 animals from property ID 1823 (trader) to property ID 257 (farm)
52,1823,968,DAY 23/12/2024 - moved 14 animals from property ID 1823 (trader) to property ID 968 (farm)
52,1839,263,DAY 23/12/2024 - moved 15 animals from property ID 1839 (farm) to property ID 263 (farm)
52,1889,1301,DAY 23/12/2024 - moved 4 animals from property ID 1889 (farm) to property ID 1301 (saleyard)
52,1897,1996,DAY 23/12/2024 - moved 2 animals from property ID 1897 (farm) to property ID 1996 (farm)
52,1903,1907,DAY 23/12/2024 - moved 8 animals from property ID 1903 (farm) to property ID 1907 (feedlot)
52,1906,723,DAY 23/12/2024 - moved 2 animals from property ID 1906 (farm) to property ID 723 (farm)
52,1917,458,DAY 23/12/2024 - moved 3 animals from property ID 1917 (farm) to property ID 458 (abbattoir)
52,1931,443,DAY 23/12/2024 - moved 9 animals from property ID 1931 (farm) to property ID 443 (farm)
52,1940,1663,DAY 23/12/2024 - moved 4 animals from property ID 1940 (farm) to property ID 1663 (farm)
52,1957,415,DAY 23/12/2024 - moved 3 animals from property ID 1957 (farm) to property ID 415 (trader)
52,1963,818,DAY 23/12/2024 - moved 2 animals from property ID 1963 (farm) to property ID 818 (farm)
52,1986,866,DAY 23/12/2024 - moved 8 animals from property ID 1986 (farm) to property ID 866 (feedlot)
53,1,700,DAY 24/12/2024 - moved 10 animals from property ID 1 (farm) to property ID 700 (trader)
53,34,1885,DAY 24/12/2024 - moved 9 animals from property ID 34 (farm) to property ID 1885 (farm)
53,35,746,DAY 24/12/2024 - moved 3 animals from property ID 35 (farm) to property ID 746 (farm)
53,39,755,DAY 24/12/2024 - moved 4 animals from property ID 39 (farm) to property ID 755 (farm)
53,68,1300,DAY 24/12/2024 - moved 13 animals from property ID 68 (farm) to property ID 1300 (farm)
53,81,139,DAY 24/12/2024 - moved 6 animals from property ID 81 (farm) to property ID 139 (farm)
53,92,1666,DAY 24/12/2024 - moved 12 animals from property ID 92 (trader) to property ID 1666 (feedlot)
53,92,1279,DAY 24/12/2024 - moved 11 animals from property ID 92 (trader) to property ID 1279 (farm)
53,92,1990,DAY 24/12/2024 - moved 11 animals from property ID 92 (trader) to property ID 1990 (farm)
53,121,1137,DAY 24/12/2024 - moved 1 animals from property ID 121 (farm) to property ID 1137 (farm)
53,132,1301,DAY 24/12/2024 - moved 4 animals from property ID 132 (farm) to property ID 1301 (saleyard)
53,143,1694,DAY 24/12/2024 - moved 1 animals from property ID 143 (farm) to property ID 1694 (farm)
53,162,1588,DAY 24/12/2024 - moved 11 animals from property ID 162 (farm) to property ID 1588 (farm)
53,174,1362,DAY 24/12/2024 - moved 4 animals from property ID 174 (farm) to property ID 1362 (farm)
53,183,5,DAY 24/12/2024 - moved 3 animals from property ID 183 (farm) to property ID 5 (farm)
53,189,1178,DAY 24/12/2024 - moved 33 animals from property ID 189 (saleyard) to property ID 1178 (farm)
53,199,1713,DAY 24/12/2024 - moved 12 animals from property ID 199 (farm) to property ID 1713 (farm)
53,203,458,DAY 24/12/2024 - moved 2 animals from property ID 203 (farm) to property ID 458 (abbattoir)
53,207,264,DAY 24/12/2024 - moved 7 animals from property ID 207 (farm) to property ID 264 (feedlot)
53,211,445,DAY 24/12/2024 - moved 26 animals from property ID 211 (farm) to property ID 445 (farm)
53,223,524,DAY 24/12/2024 - moved 2 animals from property ID 223 (farm) to property ID 524 (feedlot)
53,227,1301,DAY 24/12/2024 - moved 3 animals from property ID 227 (farm) to property ID 1301 (saleyard)
53,237,758,DAY 24/12/2024 - moved 7 animals from property ID 237 (farm) to property ID 758 (feedlot)
53,248,189,DAY 24/12/2024 - moved 3 animals from property ID 248 (farm) to property ID 189 (saleyard)
53,254,161,DAY 24/12/2024 - moved 3 animals from property ID 254 (farm) to property ID 161 (farm)
53,274,693,DAY 24/12/2024 - moved 2 animals from property ID 274 (farm) to property ID 693 (farm)
53,278,1119,DAY 24/12/2024 - moved 17 animals from property ID 278 (farm) to property ID 1119 (trader)
53,288,904,DAY 24/12/2024 - moved 1 animals from property ID 288 (farm) to property ID 904 (trader)
53,297,904,DAY 24/12/2024 - moved 3 animals from property ID 297 (farm) to property ID 904 (trader)
53,309,866,DAY 24/12/2024 - moved 8 animals from property ID 309 (farm) to property ID 866 (feedlot)
53,351,1479,DAY 24/12/2024 - moved 4 animals from property ID 351 (farm) to property ID 1479 (trader)
53,363,1273,DAY 24/12/2024 - moved 2 animals from property ID 363 (farm) to property ID 1273 (trader)
53,369,494,DAY 24/12/2024 - moved 2 animals from property ID 369 (farm) to property ID 494 (farm)
53,400,828,DAY 24/12/2024 - moved 9 animals from property ID 400 (farm) to property ID 828 (farm)
53,402,213,DAY 24/12/2024 - moved 3 animals from property ID 402 (farm) to property ID 213 (farm)
53,404,964,DAY 24/12/2024 - moved 23 animals from property ID 404 (farm) to property ID 964 (feedlot)
53,407,700,DAY 24/12/2024 - moved 6 animals from property ID 407 (farm) to property ID 700 (trader)
53,415,1048,DAY 24/12/2024 - moved 4 animals from property ID 415 (trader) to property ID 1048 (farm)
53,415,1266,DAY 24/12/2024 - moved 3 animals from property ID 415 (trader) to property ID 1266 (farm)
53,415,1109,DAY 24/12/2024 - moved 3 animals from property ID 415 (trader) to property ID 1109 (feedlot)
53,439,1119,DAY 24/12/2024 - moved 1 animals from property ID 439 (farm) to property ID 1119 (trader)
53,442,1109,DAY 24/12/2024 - moved 1 animals from property ID 442 (farm) to property ID 1109 (feedlot)
53,453,189,DAY 24/12/2024 - moved 11 animals from property ID 453 (farm) to property ID 189 (saleyard)
53,468,1273,DAY 24/12/2024 - moved 7 animals from property ID 468 (farm) to property ID 1273 (trader)
53,483,700,DAY 24/12/2024 - moved 13 animals from property ID 483 (farm) to property ID 700 (trader)
53,491,964,DAY 24/12/2024 - moved 38 animals from property ID 491 (farm) to property ID 964 (feedlot)
53,502,758,DAY 24/12/2024 - moved 4 animals from property ID 502 (farm) to property ID 758 (feedlot)
53,505,1069,DAY 24/12/2024 - moved 1 animals from property ID 505 (farm) to property ID 1069 (farm)
53,517,1112,DAY 24/12/2024 - moved 7 animals from property ID 517 (farm) to property ID 1112 (farm)
53,539,1301,DAY 24/12/2024 - moved 3 animals from property ID 539 (farm) to property ID 1301 (saleyard)
53,546,1015,DAY 24/12/2024 - moved 10 animals from property ID 546 (farm) to property ID 1015 (farm)
53,572,782,DAY 24/12/2024 - moved 23 animals from property ID 572 (farm) to property ID 782 (trader)
53,579,1825,DAY 24/12/2024 - moved 3 animals from property ID 579 (farm) to property ID 1825 (farm)
53,584,152,DAY 24/12/2024 - moved 47 animals from property ID 584 (farm) to property ID 152 (farm)
53,597,189,DAY 24/12/2024 - moved 6 animals from property ID 597 (farm) to property ID 189 (saleyard)
53,612,182,DAY 24/12/2024 - moved 8 animals from property ID 612 (farm) to property ID 182 (farm)
53,665,1301,DAY 24/12/2024 - moved 3 animals from property ID 665 (farm) to property ID 1301 (saleyard)
53,671,1479,DAY 24/12/2024 - moved 4 animals from property ID 671 (farm) to property ID 1479 (trader)
53,673,867,DAY 24/12/2024 - moved 5 animals from property ID 673 (farm) to property ID 867 (feedlot)
53,700,1058,DAY 24/12/2024 - moved 13 animals from property ID 700 (trader) to property ID 1058 (farm)
53,700,904,DAY 24/12/2024 - moved 14 animals from property ID 700 (trader) to property ID 904 (trader)
53,715,397,DAY 24/12/2024 - moved 17 animals from property ID 715 (farm) to property ID 397 (farm)
53,736,958,DAY 24/12/2024 - moved 6 animals from property ID 736 (farm) to property ID 958 (farm)
53,766,1956,DAY 24/12/2024 - moved 4 animals from property ID 766 (farm) to property ID 1956 (farm)
53,775,904,DAY 24/12/2024 - moved 2 animals from property ID 775 (farm) to property ID 904 (trader)
53,782,399,DAY 24/12/2024 - moved 79 animals from property ID 782 (trader) to property ID 399 (farm)
53,801,1119,DAY 24/12/2024 - moved 13 animals from property ID 801 (farm) to property ID 1119 (trader)
53,831,1950,DAY 24/12/2024 - moved 4 animals from property ID 831 (farm) to property ID 1950 (farm)
53,836,146,DAY 24/12/2024 - moved 2 animals from property ID 836 (farm) to property ID 146 (farm)
53,846,867,DAY 24/12/2024 - moved 2 animals from property ID 846 (farm) to property ID 867 (feedlot)
53,847,904,DAY 24/12/2024 - moved 10 animals from property ID 847 (farm) to property ID 904 (trader)
53,857,189,DAY 24/12/2024 - moved 2 animals from property ID 857 (farm) to property ID 189 (saleyard)
53,879,1109,DAY 24/12/2024 - moved 10 animals from property ID 879 (farm) to property ID 1109 (feedlot)
53,901,866,DAY 24/12/2024 - moved 7 animals from property ID 901 (farm) to property ID 866 (feedlot)
53,904,917,DAY 24/12/2024 - moved 12 animals from property ID 904 (trader) to property ID 917 (farm)
53,926,1782,DAY 24/12/2024 - moved 2 animals from property ID 926 (farm) to property ID 1782 (farm)
53,939,188,DAY 24/12/2024 - moved 6 animals from property ID 939 (farm) to property ID 188 (feedlot)
53,940,1110,DAY 24/12/2024 - moved 3 animals from property ID 940 (farm) to property ID 1110 (feedlot)
53,944,700,DAY 24/12/2024 - moved 4 animals from property ID 944 (farm) to property ID 700 (trader)
53,987,92,DAY 24/12/2024 - moved 6 animals from property ID 987 (farm) to property ID 92 (trader)
53,990,1160,DAY 24/12/2024 - moved 5 animals from property ID 990 (farm) to property ID 1160 (farm)
53,1011,561,DAY 24/12/2024 - moved 3 animals from property ID 1011 (farm) to property ID 561 (farm)
53,1013,866,DAY 24/12/2024 - moved 3 animals from property ID 1013 (farm) to property ID 866 (feedlot)
53,1022,458,DAY 24/12/2024 - moved 46 animals from property ID 1022 (farm) to property ID 458 (abbattoir)
53,1029,866,DAY 24/12/2024 - moved 3 animals from property ID 1029 (farm) to property ID 866 (feedlot)
53,1033,1823,DAY 24/12/2024 - moved 14 animals from property ID 1033 (farm) to property ID 1823 (trader)
53,1049,1301,DAY 24/12/2024 - moved 4 animals from property ID 1049 (farm) to property ID 1301 (saleyard)
53,1052,1109,DAY 24/12/2024 - moved 14 animals from property ID 1052 (farm) to property ID 1109 (feedlot)
53,1085,92,DAY 24/12/2024 - moved 6 animals from property ID 1085 (farm) to property ID 92 (trader)
53,1117,1518,DAY 24/12/2024 - moved 7 animals from property ID 1117 (farm) to property ID 1518 (farm)
53,1128,358,DAY 24/12/2024 - moved 5 animals from property ID 1128 (farm) to property ID 358 (farm)
53,1142,782,DAY 24/12/2024 - moved 7 animals from property ID 1142 (farm) to property ID 782 (trader)
53,1150,714,DAY 24/12/2024 - moved 2 animals from property ID 1150 (farm) to property ID 714 (farm)
53,1163,264,DAY 24/12/2024 - moved 2 animals from property ID 1163 (farm) to property ID 264 (feedlot)
53,1175,867,DAY 24/12/2024 - moved 4 animals from property ID 1175 (farm) to property ID 867 (feedlot)
53,1178,189,DAY 24/12/2024 - moved 5 animals from property ID 1178 (farm) to property ID 189 (saleyard)
53,1209,1825,DAY 24/12/2024 - moved 3 animals from property ID 1209 (farm) to property ID 1825 (farm)
53,1229,1554,DAY 24/12/2024 - moved 5 animals from property ID 1229 (farm) to property ID 1554 (farm)
53,1240,700,DAY 24/12/2024 - moved 2 animals from property ID 1240 (farm) to property ID 700 (trader)
53,1243,458,DAY 24/12/2024 - moved 13 animals from property ID 1243 (farm) to property ID 458 (abbattoir)
53,1244,1215,DAY 24/12/2024 - moved 2 animals from property ID 1244 (farm) to property ID 1215 (farm)
53,1262,68,DAY 24/12/2024 - moved 3 animals from property ID 1262 (farm) to property ID 68 (farm)
53,1272,796,DAY 24/12/2024 - moved 9 animals from property ID 1272 (farm) to property ID 796 (farm)
53,1276,867,DAY 24/12/2024 - moved 3 animals from property ID 1276 (farm) to property ID 867 (feedlot)
53,1289,886,DAY 24/12/2024 - moved 7 animals from property ID 1289 (farm) to property ID 886 (farm)
53,1300,758,DAY 24/12/2024 - moved 14 animals from property ID 1300 (farm) to property ID 758 (feedlot)
53,1321,1109,DAY 24/12/2024 - moved 5 animals from property ID 1321 (farm) to property ID 1109 (feedlot)
53,1355,457,DAY 24/12/2024 - moved 5 animals from property ID 1355 (farm) to property ID 457 (farm)
53,1364,288,DAY 24/12/2024 - moved 4 animals from property ID 1364 (farm) to property ID 288 (farm)
53,1403,1273,DAY 24/12/2024 - moved 11 animals from property ID 1403 (farm) to property ID 1273 (trader)
53,1429,1909,DAY 24/12/2024 - moved 6 animals from property ID 1429 (farm) to property ID 1909 (farm)
53,1434,1301,DAY 24/12/2024 - moved 2 animals from property ID 1434 (farm) to property ID 1301 (saleyard)
53,1479,758,DAY 24/12/2024 - moved 35 animals from property ID 1479 (trader) to property ID 758 (feedlot)
53,1479,758,DAY 24/12/2024 - moved 36 animals from property ID 1479 (trader) to property ID 758 (feedlot)
53,1481,1109,DAY 24/12/2024 - moved 4 animals from property ID 1481 (farm) to property ID 1109 (feedlot)
53,1507,1110,DAY 24/12/2024 - moved 8 animals from property ID 1507 (farm) to property ID 1110 (feedlot)
53,1511,415,DAY 24/12/2024 - moved 2 animals from property ID 1511 (farm) to property ID 415 (trader)
53,1526,1134,DAY 24/12/2024 - moved 8 animals from property ID 1526 (farm) to property ID 1134 (farm)
53,1541,1273,DAY 24/12/2024 - moved 2 animals from property ID 1541 (farm) to property ID 1273 (trader)
53,1561,307,DAY 24/12/2024 - moved 3 animals from property ID 1561 (farm) to property ID 307 (farm)
53,1575,1301,DAY 24/12/2024 - moved 13 animals from property ID 1575 (farm) to property ID 1301 (saleyard)
53,1621,549,DAY 24/12/2024 - moved 6 animals from property ID 1621 (farm) to property ID 549 (farm)
53,1625,866,DAY 24/12/2024 - moved 4 animals from property ID 1625 (farm) to property ID 866 (feedlot)
53,1656,93,DAY 24/12/2024 - moved 7 animals from property ID 1656 (farm) to property ID 93 (farm)
53,1678,531,DAY 24/12/2024 - moved 12 animals from property ID 1678 (farm) to property ID 531 (farm)
53,1696,92,DAY 24/12/2024 - moved 3 animals from property ID 1696 (farm) to property ID 92 (trader)
53,1750,517,DAY 24/12/2024 - moved 6 animals from property ID 1750 (farm) to property ID 517 (farm)
53,1760,92,DAY 24/12/2024 - moved 2 animals from property ID 1760 (farm) to property ID 92 (trader)
53,1823,1301,DAY 24/12/2024 - moved 9 animals from property ID 1823 (trader) to property ID 1301 (saleyard)
53,1823,539,DAY 24/12/2024 - moved 10 animals from property ID 1823 (trader) to property ID 539 (farm)
53,1823,1129,DAY 24/12/2024 - moved 10 animals from property ID 1823 (trader) to property ID 1129 (farm)
53,1894,700,DAY 24/12/2024 - moved 6 animals from property ID 1894 (farm) to property ID 700 (trader)
53,1960,626,DAY 24/12/2024 - moved 3 animals from property ID 1960 (farm) to property ID 626 (farm)
53,1964,1110,DAY 24/12/2024 - moved 6 animals from property ID 1964 (farm) to property ID 1110 (feedlot)
53,1974,782,DAY 24/12/2024 - moved 14 animals from property ID 1974 (farm) to property ID 782 (trader)
53,1977,1816,DAY 24/12/2024 - moved 15 animals from property ID 1977 (farm) to property ID 1816 (farm)
53,1978,964,DAY 24/12/2024 - moved 2 animals from property ID 1978 (farm) to property ID 964 (feedlot)
53,1995,867,DAY 24/12/2024 - moved 2 animals from property ID 1995 (farm) to property ID 867 (feedlot)
54,3,1823,DAY 25/12/2024 - moved 4 animals from property ID 3 (farm) to property ID 1823 (trader)
54,13,964,DAY 25/12/2024 - moved 12 animals from property ID 13 (farm) to property ID 964 (feedlot)
54,17,1744,DAY 25/12/2024 - moved 8 animals from property ID 17 (farm) to property ID 1744 (farm)
54,42,219,DAY 25/12/2024 - moved 41 animals from property ID 42 (farm) to property ID 219 (farm)
54,45,344,DAY 25/12/2024 - moved 4 animals from property ID 45 (farm) to property ID 344 (farm)
54,84,1869,DAY 25/12/2024 - moved 4 animals from property ID 84 (farm) to property ID 1869 (farm)
54,96,1666,DAY 25/12/2024 - moved 2 animals from property ID 96 (farm) to property ID 1666 (feedlot)
54,107,700,DAY 25/12/2024 - moved 10 animals from property ID 107 (farm) to property ID 700 (trader)
54,136,92,DAY 25/12/2024 - moved 8 animals from property ID 136 (farm) to property ID 92 (trader)
54,146,1119,DAY 25/12/2024 - moved 5 animals from property ID 146 (farm) to property ID 1119 (trader)
54,147,700,DAY 25/12/2024 - moved 6 animals from property ID 147 (farm) to property ID 700 (trader)
54,158,189,DAY 25/12/2024 - moved 36 animals from property ID 158 (farm) to property ID 189 (saleyard)
54,164,1109,DAY 25/12/2024 - moved 4 animals from property ID 164 (farm) to property ID 1109 (feedlot)
54,189,1274,DAY 25/12/2024 - moved 32 animals from property ID 189 (saleyard) to property ID 1274 (farm)
54,191,875,DAY 25/12/2024 - moved 6 animals from property ID 191 (farm) to property ID 875 (farm)
54,287,1241,DAY 25/12/2024 - moved 3 animals from property ID 287 (farm) to property ID 1241 (farm)
54,304,273,DAY 25/12/2024 - moved 6 animals from property ID 304 (farm) to property ID 273 (farm)
54,384,1907,DAY 25/12/2024 - moved 7 animals from property ID 384 (farm) to property ID 1907 (feedlot)
54,398,42,DAY 25/12/2024 - moved 22 animals from property ID 398 (farm) to property ID 42 (farm)
54,408,1479,DAY 25/12/2024 - moved 24 animals from property ID 408 (farm) to property ID 1479 (trader)
54,411,1058,DAY 25/12/2024 - moved 9 animals from property ID 411 (farm) to property ID 1058 (farm)
54,415,188,DAY 25/12/2024 - moved 5 animals from property ID 415 (trader) to property ID 188 (feedlot)
54,415,1427,DAY 25/12/2024 - moved 4 animals from property ID 415 (trader) to property ID 1427 (farm)
54,427,1297,DAY 25/12/2024 - moved 5 animals from property ID 427 (farm) to property ID 1297 (farm)
54,450,1823,DAY 25/12/2024 - moved 2 animals from property ID 450 (farm) to property ID 1823 (trader)
54,456,1301,DAY 25/12/2024 - moved 6 animals from property ID 456 (farm) to property ID 1301 (saleyard)
54,476,1110,DAY 25/12/2024 - moved 16 animals from property ID 476 (farm) to property ID 1110 (feedlot)
54,479,1693,DAY 25/12/2024 - moved 27 animals from property ID 479 (farm) to property ID 1693 (farm)
54,487,712,DAY 25/12/2024 - moved 17 animals from property ID 487 (farm) to property ID 712 (farm)
54,511,1109,DAY 25/12/2024 - moved 3 animals from property ID 511 (farm) to property ID 1109 (feedlot)
54,513,866,DAY 25/12/2024 - moved 2 animals from property ID 513 (farm) to property ID 866 (feedlot)
54,526,166,DAY 25/12/2024 - moved 7 animals from property ID 526 (farm) to property ID 166 (farm)
54,549,1596,DAY 25/12/2024 - moved 9 animals from property ID 549 (farm) to property ID 1596 (farm)
54,571,867,DAY 25/12/2024 - moved 3 animals from property ID 571 (farm) to property ID 867 (feedlot)
54,590,866,DAY 25/12/2024 - moved 4 animals from property ID 590 (farm) to property ID 866 (feedlot)
54,592,424,DAY 25/12/2024 - moved 11 animals from property ID 592 (farm) to property ID 424 (farm)
54,600,1273,DAY 25/12/2024 - moved 1 animals from property ID 600 (farm) to property ID 1273 (trader)
54,625,448,DAY 25/12/2024 - moved 26 animals from property ID 625 (farm) to property ID 448 (farm)
54,635,1301,DAY 25/12/2024 - moved 3 animals from property ID 635 (farm) to property ID 1301 (saleyard)
54,636,1273,DAY 25/12/2024 - moved 11 animals from property ID 636 (farm) to property ID 1273 (trader)
54,675,1479,DAY 25/12/2024 - moved 11 animals from property ID 675 (farm) to property ID 1479 (trader)
54,685,415,DAY 25/12/2024 - moved 5 animals from property ID 685 (farm) to property ID 415 (trader)
54,687,1690,DAY 25/12/2024 - moved 4 animals from property ID 687 (farm) to property ID 1690 (farm)
54,700,938,DAY 25/12/2024 - moved 15 animals from property ID 700 (trader) to property ID 938 (farm)
54,700,419,DAY 25/12/2024 - moved 15 animals from property ID 700 (trader) to property ID 419 (farm)
54,710,189,DAY 25/12/2024 - moved 5 animals from property ID 710 (farm) to property ID 189 (saleyard)
54,714,623,DAY 25/12/2024 - moved 4 animals from property ID 714 (farm) to property ID 623 (farm)
54,741,1391,DAY 25/12/2024 - moved 4 animals from property ID 741 (farm) to property ID 1391 (farm)
54,746,189,DAY 25/12/2024 - moved 3 animals from property ID 746 (farm) to property ID 189 (saleyard)
54,756,1273,DAY 25/12/2024 - moved 5 animals from property ID 756 (farm) to property ID 1273 (trader)
54,769,1110,DAY 25/12/2024 - moved 6 animals from property ID 769 (farm) to property ID 1110 (feedlot)
54,770,867,DAY 25/12/2024 - moved 2 animals from property ID 770 (farm) to property ID 867 (feedlot)
54,778,1852,DAY 25/12/2024 - moved 1 animals from property ID 778 (farm) to property ID 1852 (farm)
54,781,502,DAY 25/12/2024 - moved 10 animals from property ID 781 (farm) to property ID 502 (farm)
54,782,458,DAY 25/12/2024 - moved 36 animals from property ID 782 (trader) to property ID 458 (abbattoir)
54,782,1982,DAY 25/12/2024 - moved 36 animals from property ID 782 (trader) to property ID 1982 (farm)
54,789,1505,DAY 25/12/2024 - moved 9 animals from property ID 789 (farm) to property ID 1505 (farm)
54,794,1666,DAY 25/12/2024 - moved 7 animals from property ID 794 (farm) to property ID 1666 (feedlot)
54,825,209,DAY 25/12/2024 - moved 3 animals from property ID 825 (farm) to property ID 209 (farm)
54,828,1119,DAY 25/12/2024 - moved 10 animals from property ID 828 (farm) to property ID 1119 (trader)
54,861,700,DAY 25/12/2024 - moved 19 animals from property ID 861 (farm) to property ID 700 (trader)
54,881,1479,DAY 25/12/2024 - moved 5 animals from property ID 881 (farm) to property ID 1479 (trader)
54,895,189,DAY 25/12/2024 - moved 14 animals from property ID 895 (farm) to property ID 189 (saleyard)
54,896,1803,DAY 25/12/2024 - moved 2 animals from property ID 896 (farm) to property ID 1803 (farm)
54,897,1094,DAY 25/12/2024 - moved 9 animals from property ID 897 (farm) to property ID 1094 (farm)
54,898,1771,DAY 25/12/2024 - moved 7 animals from property ID 898 (farm) to property ID 1771 (farm)
54,904,940,DAY 25/12/2024 - moved 8 animals from property ID 904 (trader) to property ID 940 (farm)
54,904,1110,DAY 25/12/2024 - moved 8 animals from property ID 904 (trader) to property ID 1110 (feedlot)
54,917,524,DAY 25/12/2024 - moved 5 animals from property ID 917 (farm) to property ID 524 (feedlot)
54,918,92,DAY 25/12/2024 - moved 4 animals from property ID 918 (farm) to property ID 92 (trader)
54,919,1301,DAY 25/12/2024 - moved 10 animals from property ID 919 (farm) to property ID 1301 (saleyard)
54,927,1109,DAY 25/12/2024 - moved 3 animals from property ID 927 (farm) to property ID 1109 (feedlot)
54,1041,173,DAY 25/12/2024 - moved 12 animals from property ID 1041 (farm) to property ID 173 (farm)
54,1048,1301,DAY 25/12/2024 - moved 3 animals from property ID 1048 (farm) to property ID 1301 (saleyard)
54,1057,189,DAY 25/12/2024 - moved 39 animals from property ID 1057 (farm) to property ID 189 (saleyard)
54,1070,866,DAY 25/12/2024 - moved 2 animals from property ID 1070 (farm) to property ID 866 (feedlot)
54,1119,1301,DAY 25/12/2024 - moved 16 animals from property ID 1119 (trader) to property ID 1301 (saleyard)
54,1119,960,DAY 25/12/2024 - moved 16 animals from property ID 1119 (trader) to property ID 960 (farm)
54,1127,797,DAY 25/12/2024 - moved 2 animals from property ID 1127 (farm) to property ID 797 (farm)
54,1129,1301,DAY 25/12/2024 - moved 2 animals from property ID 1129 (farm) to property ID 1301 (saleyard)
54,1153,1783,DAY 25/12/2024 - moved 4 animals from property ID 1153 (farm) to property ID 1783 (farm)
54,1172,867,DAY 25/12/2024 - moved 1 animals from property ID 1172 (farm) to property ID 867 (feedlot)
54,1194,1479,DAY 25/12/2024 - moved 11 animals from property ID 1194 (farm) to property ID 1479 (trader)
54,1199,249,DAY 25/12/2024 - moved 7 animals from property ID 1199 (farm) to property ID 249 (farm)
54,1212,1273,DAY 25/12/2024 - moved 2 animals from property ID 1212 (farm) to property ID 1273 (trader)
54,1217,447,DAY 25/12/2024 - moved 4 animals from property ID 1217 (farm) to property ID 447 (farm)
54,1247,866,DAY 25/12/2024 - moved 12 animals from property ID 1247 (farm) to property ID 866 (feedlot)
54,1255,578,DAY 25/12/2024 - moved 11 animals from property ID 1255 (farm) to property ID 578 (farm)
54,1273,978,DAY 25/12/2024 - moved 14 animals from property ID 1273 (trader) to property ID 978 (farm)
54,1273,1235,DAY 25/12/2024 - moved 14 animals from property ID 1273 (trader) to property ID 1235 (farm)
54,1279,92,DAY 25/12/2024 - moved 13 animals from property ID 1279 (farm) to property ID 92 (trader)
54,1283,325,DAY 25/12/2024 - moved 11 animals from property ID 1283 (farm) to property ID 325 (farm)
54,1301,1120,DAY 25/12/2024 - moved 22 animals from property ID 1301 (saleyard) to property ID 1120 (farm)
54,1301,939,DAY 25/12/2024 - moved 22 animals from property ID 1301 (saleyard) to property ID 939 (farm)
54,1310,1997,DAY 25/12/2024 - moved 13 animals from property ID 1310 (farm) to property ID 1997 (farm)
54,1317,866,DAY 25/12/2024 - moved 57 animals from property ID 1317 (farm) to property ID 866 (feedlot)
54,1348,309,DAY 25/12/2024 - moved 4 animals from property ID 1348 (farm) to property ID 309 (farm)
54,1367,1109,DAY 25/12/2024 - moved 16 animals from property ID 1367 (farm) to property ID 1109 (feedlot)
54,1376,773,DAY 25/12/2024 - moved 2 animals from property ID 1376 (farm) to property ID 773 (farm)
54,1380,524,DAY 25/12/2024 - moved 3 animals from property ID 1380 (farm) to property ID 524 (feedlot)
54,1417,838,DAY 25/12/2024 - moved 19 animals from property ID 1417 (farm) to property ID 838 (farm)
54,1431,188,DAY 25/12/2024 - moved 5 animals from property ID 1431 (farm) to property ID 188 (feedlot)
54,1448,1391,DAY 25/12/2024 - moved 3 animals from property ID 1448 (farm) to property ID 1391 (farm)
54,1458,562,DAY 25/12/2024 - moved 18 animals from property ID 1458 (farm) to property ID 562 (farm)
54,1460,1099,DAY 25/12/2024 - moved 11 animals from property ID 1460 (farm) to property ID 1099 (farm)
54,1466,268,DAY 25/12/2024 - moved 7 animals from property ID 1466 (farm) to property ID 268 (farm)
54,1469,867,DAY 25/12/2024 - moved 2 animals from property ID 1469 (farm) to property ID 867 (feedlot)
54,1470,1324,DAY 25/12/2024 - moved 4 animals from property ID 1470 (farm) to property ID 1324 (farm)
54,1479,1144,DAY 25/12/2024 - moved 59 animals from property ID 1479 (trader) to property ID 1144 (farm)
54,1488,902,DAY 25/12/2024 - moved 11 animals from property ID 1488 (farm) to property ID 902 (farm)
54,1494,1224,DAY 25/12/2024 - moved 5 animals from property ID 1494 (farm) to property ID 1224 (farm)
54,1509,904,DAY 25/12/2024 - moved 3 animals from property ID 1509 (farm) to property ID 904 (trader)
54,1515,1301,DAY 25/12/2024 - moved 7 animals from property ID 1515 (farm) to property ID 1301 (saleyard)
54,1525,1907,DAY 25/12/2024 - moved 27 animals from property ID 1525 (farm) to property ID 1907 (feedlot)
54,1530,524,DAY 25/12/2024 - moved 1 animals from property ID 1530 (farm) to property ID 524 (feedlot)
54,1548,1273,DAY 25/12/2024 - moved 4 animals from property ID 1548 (farm) to property ID 1273 (trader)
54,1572,867,DAY 25/12/2024 - moved 1 animals from property ID 1572 (farm) to property ID 867 (feedlot)
54,1604,188,DAY 25/12/2024 - moved 3 animals from property ID 1604 (farm) to property ID 188 (feedlot)
54,1637,1479,DAY 25/12/2024 - moved 19 animals from property ID 1637 (farm) to property ID 1479 (trader)
54,1640,689,DAY 25/12/2024 - moved 2 animals from property ID 1640 (farm) to property ID 689 (farm)
54,1645,926,DAY 25/12/2024 - moved 3 animals from property ID 1645 (farm) to property ID 926 (farm)
54,1650,458,DAY 25/12/2024 - moved 3 animals from property ID 1650 (farm) to property ID 458 (abbattoir)
54,1654,867,DAY 25/12/2024 - moved 3 animals from property ID 1654 (farm) to property ID 867 (feedlot)
54,1670,1909,DAY 25/12/2024 - moved 1 animals from property ID 1670 (farm) to property ID 1909 (farm)
54,1673,1301,DAY 25/12/2024 - moved 2 animals from property ID 1673 (farm) to property ID 1301 (saleyard)
54,1676,92,DAY 25/12/2024 - moved 6 animals from property ID 1676 (farm) to property ID 92 (trader)
54,1679,1365,DAY 25/12/2024 - moved 1 animals from property ID 1679 (farm) to property ID 1365 (farm)
54,1684,951,DAY 25/12/2024 - moved 19 animals from property ID 1684 (farm) to property ID 951 (farm)
54,1715,1301,DAY 25/12/2024 - moved 5 animals from property ID 1715 (farm) to property ID 1301 (saleyard)
54,1785,1022,DAY 25/12/2024 - moved 62 animals from property ID 1785 (farm) to property ID 1022 (farm)
54,1799,92,DAY 25/12/2024 - moved 17 animals from property ID 1799 (farm) to property ID 92 (trader)
54,1805,189,DAY 25/12/2024 - moved 5 animals from property ID 1805 (farm) to property ID 189 (saleyard)
54,1812,524,DAY 25/12/2024 - moved 5 animals from property ID 1812 (farm) to property ID 524 (feedlot)
54,1823,867,DAY 25/12/2024 - moved 26 animals from property ID 1823 (trader) to property ID 867 (feedlot)
54,1841,1823,DAY 25/12/2024 - moved 7 animals from property ID 1841 (farm) to property ID 1823 (trader)
54,1866,1666,DAY 25/12/2024 - moved 16 animals from property ID 1866 (farm) to property ID 1666 (feedlot)
54,1883,1841,DAY 25/12/2024 - moved 2 animals from property ID 1883 (farm) to property ID 1841 (farm)
54,1904,873,DAY 25/12/2024 - moved 2 animals from property ID 1904 (farm) to property ID 873 (farm)
54,1905,524,DAY 25/12/2024 - moved 4 animals from property ID 1905 (farm) to property ID 524 (feedlot)
54,1919,1301,DAY 25/12/2024 - moved 3 animals from property ID 1919 (farm) to property ID 1301 (saleyard)
54,1938,1273,DAY 25/12/2024 - moved 5 animals from property ID 1938 (farm) to property ID 1273 (trader)
54,1950,1461,DAY 25/12/2024 - moved 4 animals from property ID 1950 (farm) to property ID 1461 (farm)
54,1969,1666,DAY 25/12/2024 - moved 4 animals from property ID 1969 (farm) to property ID 1666 (feedlot)
54,1975,1301,DAY 25/12/2024 - moved 1 animals from property ID 1975 (farm) to property ID 1301 (saleyard)
54,1981,905,DAY 25/12/2024 - moved 31 animals from property ID 1981 (farm) to property ID 905 (farm)
54,1984,1895,DAY 25/12/2024 - moved 2 animals from property ID 1984 (farm) to property ID 1895 (farm)
54,1992,1110,DAY 25/12/2024 - moved 7 animals from property ID 1992 (farm) to property ID 1110 (feedlot)
55,10,373,DAY 26/12/2024 - moved 19 animals from property ID 10 (farm) to property ID 373 (farm)
55,53,92,DAY 26/12/2024 - moved 12 animals from property ID 53 (farm) to property ID 92 (trader)
55,54,1671,DAY 26/12/2024 - moved 7 animals from property ID 54 (farm) to property ID 1671 (farm)
55,92,866,DAY 26/12/2024 - moved 14 animals from property ID 92 (trader) to property ID 866 (feedlot)
55,92,364,DAY 26/12/2024 - moved 13 animals from property ID 92 (trader) to property ID 364 (farm)
55,92,1666,DAY 26/12/2024 - moved 13 animals from property ID 92 (trader) to property ID 1666 (feedlot)
55,93,1273,DAY 26/12/2024 - moved 3 animals from property ID 93 (farm) to property ID 1273 (trader)
55,108,1301,DAY 26/12/2024 - moved 3 animals from property ID 108 (farm) to property ID 1301 (saleyard)
55,117,782,DAY 26/12/2024 - moved 9 animals from property ID 117 (farm) to property ID 782 (trader)
55,128,928,DAY 26/12/2024 - moved 3 animals from property ID 128 (farm) to property ID 928 (farm)
55,137,1663,DAY 26/12/2024 - moved 6 animals from property ID 137 (farm) to property ID 1663 (farm)
55,166,1140,DAY 26/12/2024 - moved 10 animals from property ID 166 (farm) to property ID 1140 (farm)
55,170,1907,DAY 26/12/2024 - moved 8 animals from property ID 170 (farm) to property ID 1907 (feedlot)
55,209,1823,DAY 26/12/2024 - moved 13 animals from property ID 209 (farm) to property ID 1823 (trader)
55,226,973,DAY 26/12/2024 - moved 19 animals from property ID 226 (farm) to property ID 973 (farm)
55,229,1273,DAY 26/12/2024 - moved 4 animals from property ID 229 (farm) to property ID 1273 (trader)
55,234,356,DAY 26/12/2024 - moved 12 animals from property ID 234 (farm) to property ID 356 (farm)
55,242,80,DAY 26/12/2024 - moved 4 animals from property ID 242 (farm) to property ID 80 (farm)
55,279,415,DAY 26/12/2024 - moved 2 animals from property ID 279 (farm) to property ID 415 (trader)
55,282,1666,DAY 26/12/2024 - moved 5 animals from property ID 282 (farm) to property ID 1666 (feedlot)
55,308,964,DAY 26/12/2024 - moved 3 animals from property ID 308 (farm) to property ID 964 (feedlot)
55,325,574,DAY 26/12/2024 - moved 18 animals from property ID 325 (farm) to property ID 574 (farm)
55,354,321,DAY 26/12/2024 - moved 5 animals from property ID 354 (farm) to property ID 321 (farm)
55,364,418,DAY 26/12/2024 - moved 5 animals from property ID 364 (farm) to property ID 418 (farm)
55,366,1550,DAY 26/12/2024 - moved 3 animals from property ID 366 (farm) to property ID 1550 (farm)
55,368,205,DAY 26/12/2024 - moved 7 animals from property ID 368 (farm) to property ID 205 (farm)
55,395,1823,DAY 26/12/2024 - moved 36 animals from property ID 395 (farm) to property ID 1823 (trader)
55,415,1301,DAY 26/12/2024 - moved 8 animals from property ID 415 (trader) to property ID 1301 (saleyard)
55,424,1569,DAY 26/12/2024 - moved 6 animals from property ID 424 (farm) to property ID 1569 (farm)
55,446,784,DAY 26/12/2024 - moved 17 animals from property ID 446 (farm) to property ID 784 (farm)
55,447,424,DAY 26/12/2024 - moved 20 animals from property ID 447 (farm) to property ID 424 (farm)
55,454,524,DAY 26/12/2024 - moved 3 animals from property ID 454 (farm) to property ID 524 (feedlot)
55,455,1987,DAY 26/12/2024 - moved 9 animals from property ID 455 (farm) to property ID 1987 (farm)
55,499,524,DAY 26/12/2024 - moved 3 animals from property ID 499 (farm) to property ID 524 (feedlot)
55,509,828,DAY 26/12/2024 - moved 3 animals from property ID 509 (farm) to property ID 828 (farm)
55,528,1273,DAY 26/12/2024 - moved 4 animals from property ID 528 (farm) to property ID 1273 (trader)
55,562,1251,DAY 26/12/2024 - moved 19 animals from property ID 562 (farm) to property ID 1251 (farm)
55,580,1823,DAY 26/12/2024 - moved 3 animals from property ID 580 (farm) to property ID 1823 (trader)
55,632,524,DAY 26/12/2024 - moved 4 animals from property ID 632 (farm) to property ID 524 (feedlot)
55,668,1823,DAY 26/12/2024 - moved 7 animals from property ID 668 (farm) to property ID 1823 (trader)
55,694,1479,DAY 26/12/2024 - moved 5 animals from property ID 694 (farm) to property ID 1479 (trader)
55,700,929,DAY 26/12/2024 - moved 15 animals from property ID 700 (trader) to property ID 929 (farm)
55,700,524,DAY 26/12/2024 - moved 16 animals from property ID 700 (trader) to property ID 524 (feedlot)
55,705,53,DAY 26/12/2024 - moved 8 animals from property ID 705 (farm) to property ID 53 (farm)
55,717,188,DAY 26/12/2024 - moved 5 animals from property ID 717 (farm) to property ID 188 (feedlot)
55,719,668,DAY 26/12/2024 - moved 5 animals from property ID 719 (farm) to property ID 668 (farm)
55,721,671,DAY 26/12/2024 - moved 11 animals from property ID 721 (farm) to property ID 671 (farm)
55,782,399,DAY 26/12/2024 - moved 20 animals from property ID 782 (trader) to property ID 399 (farm)
55,782,1974,DAY 26/12/2024 - moved 19 animals from property ID 782 (trader) to property ID 1974 (farm)
55,782,379,DAY 26/12/2024 - moved 19 animals from property ID 782 (trader) to property ID 379 (farm)
55,795,1699,DAY 26/12/2024 - moved 8 animals from property ID 795 (farm) to property ID 1699 (farm)
55,815,230,DAY 26/12/2024 - moved 28 animals from property ID 815 (farm) to property ID 230 (farm)
55,818,964,DAY 26/12/2024 - moved 10 animals from property ID 818 (farm) to property ID 964 (feedlot)
55,823,1119,DAY 26/12/2024 - moved 4 animals from property ID 823 (farm) to property ID 1119 (trader)
55,824,1823,DAY 26/12/2024 - moved 15 animals from property ID 824 (farm) to property ID 1823 (trader)
55,876,700,DAY 26/12/2024 - moved 4 animals from property ID 876 (farm) to property ID 700 (trader)
55,882,700,DAY 26/12/2024 - moved 14 animals from property ID 882 (farm) to property ID 700 (trader)
55,883,415,DAY 26/12/2024 - moved 3 animals from property ID 883 (farm) to property ID 415 (trader)
55,890,415,DAY 26/12/2024 - moved 1 animals from property ID 890 (farm) to property ID 415 (trader)
55,900,1525,DAY 26/12/2024 - moved 33 animals from property ID 900 (farm) to property ID 1525 (farm)
55,904,1110,DAY 26/12/2024 - moved 7 animals from property ID 904 (trader) to property ID 1110 (feedlot)
55,904,1110,DAY 26/12/2024 - moved 6 animals from property ID 904 (trader) to property ID 1110 (feedlot)
55,928,380,DAY 26/12/2024 - moved 5 animals from property ID 928 (farm) to property ID 380 (farm)
55,935,866,DAY 26/12/2024 - moved 9 animals from property ID 935 (farm) to property ID 866 (feedlot)
55,947,867,DAY 26/12/2024 - moved 6 animals from property ID 947 (farm) to property ID 867 (feedlot)
55,967,94,DAY 26/12/2024 - moved 7 animals from property ID 967 (farm) to property ID 94 (farm)
55,1028,1301,DAY 26/12/2024 - moved 8 animals from property ID 1028 (farm) to property ID 1301 (saleyard)
55,1069,189,DAY 26/12/2024 - moved 5 animals from property ID 1069 (farm) to property ID 189 (saleyard)
55,1073,1823,DAY 26/12/2024 - moved 24 animals from property ID 1073 (farm) to property ID 1823 (trader)
55,1090,189,DAY 26/12/2024 - moved 6 animals from property ID 1090 (farm) to property ID 189 (saleyard)
55,1097,1297,DAY 26/12/2024 - moved 3 animals from property ID 1097 (farm) to property ID 1297 (farm)
55,1100,863,DAY 26/12/2024 - moved 12 animals from property ID 1100 (farm) to property ID 863 (farm)
55,1112,1910,DAY 26/12/2024 - moved 4 animals from property ID 1112 (farm) to property ID 1910 (farm)
55,1119,1605,DAY 26/12/2024 - moved 29 animals from property ID 1119 (trader) to property ID 1605 (farm)
55,1140,526,DAY 26/12/2024 - moved 4 animals from property ID 1140 (farm) to property ID 526 (farm)
55,1147,1243,DAY 26/12/2024 - moved 24 animals from property ID 1147 (farm) to property ID 1243 (farm)
55,1158,1480,DAY 26/12/2024 - moved 8 animals from property ID 1158 (farm) to property ID 1480 (farm)
55,1182,1823,DAY 26/12/2024 - moved 9 animals from property ID 1182 (farm) to property ID 1823 (trader)
55,1201,1906,DAY 26/12/2024 - moved 1 animals from property ID 1201 (farm) to property ID 1906 (farm)
55,1208,867,DAY 26/12/2024 - moved 1 animals from property ID 1208 (farm) to property ID 867 (feedlot)
55,1232,1301,DAY 26/12/2024 - moved 2 animals from property ID 1232 (farm) to property ID 1301 (saleyard)
55,1273,234,DAY 26/12/2024 - moved 14 animals from property ID 1273 (trader) to property ID 234 (farm)
55,1273,614,DAY 26/12/2024 - moved 14 animals from property ID 1273 (trader) to property ID 614 (farm)
55,1293,92,DAY 26/12/2024 - moved 7 animals from property ID 1293 (farm) to property ID 92 (trader)
55,1296,780,DAY 26/12/2024 - moved 5 animals from property ID 1296 (farm) to property ID 780 (farm)
55,1299,1823,DAY 26/12/2024 - moved 4 animals from property ID 1299 (farm) to property ID 1823 (trader)
55,1301,867,DAY 26/12/2024 - moved 10 animals from property ID 1301 (saleyard) to property ID 867 (feedlot)
55,1301,1119,DAY 26/12/2024 - moved 10 animals from property ID 1301 (saleyard) to property ID 1119 (trader)
55,1301,1823,DAY 26/12/2024 - moved 9 animals from property ID 1301 (saleyard) to property ID 1823 (trader)
55,1301,867,DAY 26/12/2024 - moved 9 animals from property ID 1301 (saleyard) to property ID 867 (feedlot)
55,1301,439,DAY 26/12/2024 - moved 9 animals from property ID 1301 (saleyard) to property ID 439 (farm)
55,1312,653,DAY 26/12/2024 - moved 15 animals from property ID 1312 (farm) to property ID 653 (farm)
55,1334,1899,DAY 26/12/2024 - moved 4 animals from property ID 1334 (farm) to property ID 1899 (farm)
55,1356,1823,DAY 26/12/2024 - moved 3 animals from property ID 1356 (farm) to property ID 1823 (trader)
55,1381,1168,DAY 26/12/2024 - moved 15 animals from property ID 1381 (farm) to property ID 1168 (farm)
55,1425,1520,DAY 26/12/2024 - moved 2 animals from property ID 1425 (farm) to property ID 1520 (farm)
55,1446,864,DAY 26/12/2024 - moved 6 animals from property ID 1446 (farm) to property ID 864 (farm)
55,1455,458,DAY 26/12/2024 - moved 22 animals from property ID 1455 (farm) to property ID 458 (abbattoir)
55,1461,964,DAY 26/12/2024 - moved 20 animals from property ID 1461 (farm) to property ID 964 (feedlot)
55,1479,1194,DAY 26/12/2024 - moved 21 animals from property ID 1479 (trader) to property ID 1194 (farm)
55,1479,758,DAY 26/12/2024 - moved 20 animals from property ID 1479 (trader) to property ID 758 (feedlot)
55,1479,1704,DAY 26/12/2024 - moved 20 animals from property ID 1479 (trader) to property ID 1704 (farm)
55,1499,1301,DAY 26/12/2024 - moved 6 animals from property ID 1499 (farm) to property ID 1301 (saleyard)
55,1521,1386,DAY 26/12/2024 - moved 4 animals from property ID 1521 (farm) to property ID 1386 (farm)
55,1531,114,DAY 26/12/2024 - moved 3 animals from property ID 1531 (farm) to property ID 114 (farm)
55,1560,867,DAY 26/12/2024 - moved 5 animals from property ID 1560 (farm) to property ID 867 (feedlot)
55,1566,1830,DAY 26/12/2024 - moved 10 animals from property ID 1566 (farm) to property ID 1830 (farm)
55,1578,700,DAY 26/12/2024 - moved 9 animals from property ID 1578 (farm) to property ID 700 (trader)
55,1584,1494,DAY 26/12/2024 - moved 11 animals from property ID 1584 (farm) to property ID 1494 (farm)
55,1597,183,DAY 26/12/2024 - moved 3 animals from property ID 1597 (farm) to property ID 183 (farm)
55,1607,264,DAY 26/12/2024 - moved 2 animals from property ID 1607 (farm) to property ID 264 (feedlot)
55,1613,152,DAY 26/12/2024 - moved 14 animals from property ID 1613 (farm) to property ID 152 (farm)
55,1618,117,DAY 26/12/2024 - moved 29 animals from property ID 1618 (farm) to property ID 117 (farm)
55,1619,1893,DAY 26/12/2024 - moved 4 animals from property ID 1619 (farm) to property ID 1893 (farm)
55,1623,1109,DAY 26/12/2024 - moved 7 animals from property ID 1623 (farm) to property ID 1109 (feedlot)
55,1661,334,DAY 26/12/2024 - moved 20 animals from property ID 1661 (farm) to property ID 334 (farm)
55,1663,835,DAY 26/12/2024 - moved 13 animals from property ID 1663 (farm) to property ID 835 (farm)
55,1682,1110,DAY 26/12/2024 - moved 3 animals from property ID 1682 (farm) to property ID 1110 (feedlot)
55,1706,442,DAY 26/12/2024 - moved 3 animals from property ID 1706 (farm) to property ID 442 (farm)
55,1796,942,DAY 26/12/2024 - moved 4 animals from property ID 1796 (farm) to property ID 942 (farm)
55,1818,1301,DAY 26/12/2024 - moved 19 animals from property ID 1818 (farm) to property ID 1301 (saleyard)
55,1823,1299,DAY 26/12/2024 - moved 11 animals from property ID 1823 (trader) to property ID 1299 (farm)
55,1823,867,DAY 26/12/2024 - moved 12 animals from property ID 1823 (trader) to property ID 867 (feedlot)
55,1825,400,DAY 26/12/2024 - moved 8 animals from property ID 1825 (farm) to property ID 400 (farm)
55,1830,188,DAY 26/12/2024 - moved 4 animals from property ID 1830 (farm) to property ID 188 (feedlot)
55,1834,1823,DAY 26/12/2024 - moved 6 animals from property ID 1834 (farm) to property ID 1823 (trader)
55,1842,92,DAY 26/12/2024 - moved 9 animals from property ID 1842 (farm) to property ID 92 (trader)
55,1847,1273,DAY 26/12/2024 - moved 3 animals from property ID 1847 (farm) to property ID 1273 (trader)
55,1859,1746,DAY 26/12/2024 - moved 28 animals from property ID 1859 (farm) to property ID 1746 (farm)
55,1880,867,DAY 26/12/2024 - moved 7 animals from property ID 1880 (farm) to property ID 867 (feedlot)
55,1892,1712,DAY 26/12/2024 - moved 2 animals from property ID 1892 (farm) to property ID 1712 (farm)
55,1909,1273,DAY 26/12/2024 - moved 4 animals from property ID 1909 (farm) to property ID 1273 (trader)
55,1923,1388,DAY 26/12/2024 - moved 17 animals from property ID 1923 (farm) to property ID 1388 (farm)
55,1939,92,DAY 26/12/2024 - moved 3 animals from property ID 1939 (farm) to property ID 92 (trader)
55,1955,1044,DAY 26/12/2024 - moved 1 animals from property ID 1955 (farm) to property ID 1044 (farm)
55,1979,144,DAY 26/12/2024 - moved 1 animals from property ID 1979 (farm) to property ID 144 (farm)
55,1988,264,DAY 26/12/2024 - moved 3 animals from property ID 1988 (farm) to property ID 264 (feedlot)
55,1997,585,DAY 26/12/2024 - moved 12 animals from property ID 1997 (farm) to property ID 585 (farm)
56,7,189,DAY 27/12/2024 - moved 7 animals from property ID 7 (farm) to property ID 189 (saleyard)
56,12,1119,DAY 27/12/2024 - moved 4 animals from property ID 12 (farm) to property ID 1119 (trader)
56,24,532,DAY 27/12/2024 - moved 6 animals from property ID 24 (farm) to property ID 532 (farm)
56,30,1666,DAY 27/12/2024 - moved 1 animals from property ID 30 (farm) to property ID 1666 (feedlot)
56,33,1930,DAY 27/12/2024 - moved 14 animals from property ID 33 (farm) to property ID 1930 (farm)
56,46,758,DAY 27/12/2024 - moved 7 animals from property ID 46 (farm) to property ID 758 (feedlot)
56,57,1273,DAY 27/12/2024 - moved 2 animals from property ID 57 (farm) to property ID 1273 (trader)
56,87,1128,DAY 27/12/2024 - moved 3 animals from property ID 87 (farm) to property ID 1128 (farm)
56,92,173,DAY 27/12/2024 - moved 19 animals from property ID 92 (trader) to property ID 173 (farm)
56,92,1931,DAY 27/12/2024 - moved 20 animals from property ID 92 (trader) to property ID 1931 (farm)
56,156,1568,DAY 27/12/2024 - moved 1 animals from property ID 156 (farm) to property ID 1568 (farm)
56,189,1336,DAY 27/12/2024 - moved 24 animals from property ID 189 (saleyard) to property ID 1336 (farm)
56,189,1623,DAY 27/12/2024 - moved 24 animals from property ID 189 (saleyard) to property ID 1623 (farm)
56,197,867,DAY 27/12/2024 - moved 12 animals from property ID 197 (farm) to property ID 867 (feedlot)
56,198,1395,DAY 27/12/2024 - moved 5 animals from property ID 198 (farm) to property ID 1395 (farm)
56,239,782,DAY 27/12/2024 - moved 3 animals from property ID 239 (farm) to property ID 782 (trader)
56,253,1518,DAY 27/12/2024 - moved 46 animals from property ID 253 (farm) to property ID 1518 (farm)
56,262,758,DAY 27/12/2024 - moved 7 animals from property ID 262 (farm) to property ID 758 (feedlot)
56,273,298,DAY 27/12/2024 - moved 12 animals from property ID 273 (farm) to property ID 298 (farm)
56,294,700,DAY 27/12/2024 - moved 2 animals from property ID 294 (farm) to property ID 700 (trader)
56,298,1823,DAY 27/12/2024 - moved 5 animals from property ID 298 (farm) to property ID 1823 (trader)
56,300,1666,DAY 27/12/2024 - moved 6 animals from property ID 300 (farm) to property ID 1666 (feedlot)
56,307,1273,DAY 27/12/2024 - moved 5 animals from property ID 307 (farm) to property ID 1273 (trader)
56,356,700,DAY 27/12/2024 - moved 3 animals from property ID 356 (farm) to property ID 700 (trader)
56,359,1823,DAY 27/12/2024 - moved 2 animals from property ID 359 (farm) to property ID 1823 (trader)
56,373,1666,DAY 27/12/2024 - moved 5 animals from property ID 373 (farm) to property ID 1666 (feedlot)
56,415,1109,DAY 27/12/2024 - moved 3 animals from property ID 415 (trader) to property ID 1109 (feedlot)
56,415,834,DAY 27/12/2024 - moved 4 animals from property ID 415 (trader) to property ID 834 (farm)
56,431,1418,DAY 27/12/2024 - moved 4 animals from property ID 431 (farm) to property ID 1418 (farm)
56,437,1069,DAY 27/12/2024 - moved 5 animals from property ID 437 (farm) to property ID 1069 (farm)
56,438,92,DAY 27/12/2024 - moved 7 animals from property ID 438 (farm) to property ID 92 (trader)
56,452,1701,DAY 27/12/2024 - moved 10 animals from property ID 452 (farm) to property ID 1701 (farm)
56,507,92,DAY 27/12/2024 - moved 7 animals from property ID 507 (farm) to property ID 92 (trader)
56,542,377,DAY 27/12/2024 - moved 2 animals from property ID 542 (farm) to property ID 377 (farm)
56,553,1012,DAY 27/12/2024 - moved 18 animals from property ID 553 (farm) to property ID 1012 (farm)
56,556,159,DAY 27/12/2024 - moved 6 animals from property ID 556 (farm) to property ID 159 (farm)
56,574,165,DAY 27/12/2024 - moved 12 animals from property ID 574 (farm) to property ID 165 (farm)
56,578,1479,DAY 27/12/2024 - moved 7 animals from property ID 578 (farm) to property ID 1479 (trader)
56,581,1468,DAY 27/12/2024 - moved 3 animals from property ID 581 (farm) to property ID 1468 (farm)
56,639,866,DAY 27/12/2024 - moved 85 animals from property ID 639 (farm) to property ID 866 (feedlot)
56,676,1823,DAY 27/12/2024 - moved 3 animals from property ID 676 (farm) to property ID 1823 (trader)
56,678,11,DAY 27/12/2024 - moved 57 animals from property ID 678 (farm) to property ID 11 (farm)
56,682,409,DAY 27/12/2024 - moved 23 animals from property ID 682 (farm) to property ID 409 (farm)
56,683,867,DAY 27/12/2024 - moved 2 animals from property ID 683 (farm) to property ID 867 (feedlot)
56,696,656,DAY 27/12/2024 - moved 13 animals from property ID 696 (farm) to property ID 656 (farm)
56,700,1384,DAY 27/12/2024 - moved 30 animals from property ID 700 (trader) to property ID 1384 (farm)
56,712,1479,DAY 27/12/2024 - moved 6 animals from property ID 712 (farm) to property ID 1479 (trader)
56,723,1177,DAY 27/12/2024 - moved 3 animals from property ID 723 (farm) to property ID 1177 (farm)
56,727,1479,DAY 27/12/2024 - moved 20 animals from property ID 727 (farm) to property ID 1479 (trader)
56,773,92,DAY 27/12/2024 - moved 3 animals from property ID 773 (farm) to property ID 92 (trader)
56,782,1917,DAY 27/12/2024 - moved 16 animals from property ID 782 (trader) to property ID 1917 (farm)
56,782,1080,DAY 27/12/2024 - moved 16 animals from property ID 782 (trader) to property ID 1080 (farm)
56,782,1098,DAY 27/12/2024 - moved 16 animals from property ID 782 (trader) to property ID 1098 (farm)
56,788,188,DAY 27/12/2024 - moved 3 animals from property ID 788 (farm) to property ID 188 (feedlot)
56,805,385,DAY 27/12/2024 - moved 5 animals from property ID 805 (farm) to property ID 385 (farm)
56,810,1273,DAY 27/12/2024 - moved 6 animals from property ID 810 (farm) to property ID 1273 (trader)
56,813,359,DAY 27/12/2024 - moved 3 animals from property ID 813 (farm) to property ID 359 (farm)
56,821,1241,DAY 27/12/2024 - moved 2 animals from property ID 821 (farm) to property ID 1241 (farm)
56,832,782,DAY 27/12/2024 - moved 15 animals from property ID 832 (farm) to property ID 782 (trader)
56,850,458,DAY 27/12/2024 - moved 18 animals from property ID 850 (farm) to property ID 458 (abbattoir)
56,853,92,DAY 27/12/2024 - moved 2 animals from property ID 853 (farm) to property ID 92 (trader)
56,854,1479,DAY 27/12/2024 - moved 7 animals from property ID 854 (farm) to property ID 1479 (trader)
56,880,1301,DAY 27/12/2024 - moved 6 animals from property ID 880 (farm) to property ID 1301 (saleyard)
56,904,1826,DAY 27/12/2024 - moved 3 animals from property ID 904 (trader) to property ID 1826 (farm)
56,904,938,DAY 27/12/2024 - moved 4 animals from property ID 904 (trader) to property ID 938 (farm)
56,904,264,DAY 27/12/2024 - moved 4 animals from property ID 904 (trader) to property ID 264 (feedlot)
56,925,700,DAY 27/12/2024 - moved 7 animals from property ID 925 (farm) to property ID 700 (trader)
56,955,448,DAY 27/12/2024 - moved 8 animals from property ID 955 (farm) to property ID 448 (farm)
56,956,524,DAY 27/12/2024 - moved 4 animals from property ID 956 (farm) to property ID 524 (feedlot)
56,971,188,DAY 27/12/2024 - moved 5 animals from property ID 971 (farm) to property ID 188 (feedlot)
56,973,782,DAY 27/12/2024 - moved 12 animals from property ID 973 (farm) to property ID 782 (trader)
56,992,1273,DAY 27/12/2024 - moved 2 animals from property ID 992 (farm) to property ID 1273 (trader)
56,1001,92,DAY 27/12/2024 - moved 9 animals from property ID 1001 (farm) to property ID 92 (trader)
56,1024,666,DAY 27/12/2024 - moved 12 animals from property ID 1024 (farm) to property ID 666 (farm)
56,1034,472,DAY 27/12/2024 - moved 4 animals from property ID 1034 (farm) to property ID 472 (farm)
56,1062,363,DAY 27/12/2024 - moved 2 animals from property ID 1062 (farm) to property ID 363 (farm)
56,1105,1301,DAY 27/12/2024 - moved 8 animals from property ID 1105 (farm) to property ID 1301 (saleyard)
56,1119,1301,DAY 27/12/2024 - moved 13 animals from property ID 1119 (trader) to property ID 1301 (saleyard)
56,1119,415,DAY 27/12/2024 - moved 13 animals from property ID 1119 (trader) to property ID 415 (trader)
56,1149,964,DAY 27/12/2024 - moved 8 animals from property ID 1149 (farm) to property ID 964 (feedlot)
56,1169,1742,DAY 27/12/2024 - moved 4 animals from property ID 1169 (farm) to property ID 1742 (farm)
56,1179,878,DAY 27/12/2024 - moved 6 animals from property ID 1179 (farm) to property ID 878 (farm)
56,1197,92,DAY 27/12/2024 - moved 3 animals from property ID 1197 (farm) to property ID 92 (trader)
56,1202,1110,DAY 27/12/2024 - moved 5 animals from property ID 1202 (farm) to property ID 1110 (feedlot)
56,1203,758,DAY 27/12/2024 - moved 14 animals from property ID 1203 (farm) to property ID 758 (feedlot)
56,1219,867,DAY 27/12/2024 - moved 12 animals from property ID 1219 (farm) to property ID 867 (feedlot)
56,1273,1530,DAY 27/12/2024 - moved 8 animals from property ID 1273 (trader) to property ID 1530 (farm)
56,1273,435,DAY 27/12/2024 - moved 9 animals from property ID 1273 (trader) to property ID 435 (farm)
56,1273,77,DAY 27/12/2024 - moved 9 animals from property ID 1273 (trader) to property ID 77 (farm)
56,1274,964,DAY 27/12/2024 - moved 7 animals from property ID 1274 (farm) to property ID 964 (feedlot)
56,1278,1823,DAY 27/12/2024 - moved 6 animals from property ID 1278 (farm) to property ID 1823 (trader)
56,1284,1943,DAY 27/12/2024 - moved 16 animals from property ID 1284 (farm) to property ID 1943 (farm)
56,1301,1575,DAY 27/12/2024 - moved 23 animals from property ID 1301 (saleyard) to property ID 1575 (farm)
56,1301,867,DAY 27/12/2024 - moved 24 animals from property ID 1301 (saleyard) to property ID 867 (feedlot)
56,1304,1666,DAY 27/12/2024 - moved 2 animals from property ID 1304 (farm) to property ID 1666 (feedlot)
56,1313,1815,DAY 27/12/2024 - moved 17 animals from property ID 1313 (farm) to property ID 1815 (farm)
56,1314,1109,DAY 27/12/2024 - moved 5 animals from property ID 1314 (farm) to property ID 1109 (feedlot)
56,1318,1273,DAY 27/12/2024 - moved 2 animals from property ID 1318 (farm) to property ID 1273 (trader)
56,1395,867,DAY 27/12/2024 - moved 8 animals from property ID 1395 (farm) to property ID 867 (feedlot)
56,1412,1461,DAY 27/12/2024 - moved 10 animals from property ID 1412 (farm) to property ID 1461 (farm)
56,1415,77,DAY 27/12/2024 - moved 1 animals from property ID 1415 (farm) to property ID 77 (farm)
56,1421,1823,DAY 27/12/2024 - moved 6 animals from property ID 1421 (farm) to property ID 1823 (trader)
56,1427,1119,DAY 27/12/2024 - moved 2 animals from property ID 1427 (farm) to property ID 1119 (trader)
56,1441,758,DAY 27/12/2024 - moved 12 animals from property ID 1441 (farm) to property ID 758 (feedlot)
56,1479,758,DAY 27/12/2024 - moved 16 animals from property ID 1479 (trader) to property ID 758 (feedlot)
56,1479,645,DAY 27/12/2024 - moved 17 animals from property ID 1479 (trader) to property ID 645 (farm)
56,1479,69,DAY 27/12/2024 - moved 17 animals from property ID 1479 (trader) to property ID 69 (farm)
56,1498,951,DAY 27/12/2024 - moved 2 animals from property ID 1498 (farm) to property ID 951 (farm)
56,1502,1301,DAY 27/12/2024 - moved 2 animals from property ID 1502 (farm) to property ID 1301 (saleyard)
56,1512,188,DAY 27/12/2024 - moved 2 animals from property ID 1512 (farm) to property ID 188 (feedlot)
56,1522,1476,DAY 27/12/2024 - moved 4 animals from property ID 1522 (farm) to property ID 1476 (farm)
56,1532,189,DAY 27/12/2024 - moved 1 animals from property ID 1532 (farm) to property ID 189 (saleyard)
56,1533,1273,DAY 27/12/2024 - moved 2 animals from property ID 1533 (farm) to property ID 1273 (trader)
56,1568,524,DAY 27/12/2024 - moved 2 animals from property ID 1568 (farm) to property ID 524 (feedlot)
56,1574,867,DAY 27/12/2024 - moved 7 animals from property ID 1574 (farm) to property ID 867 (feedlot)
56,1590,19,DAY 27/12/2024 - moved 6 animals from property ID 1590 (farm) to property ID 19 (farm)
56,1593,866,DAY 27/12/2024 - moved 8 animals from property ID 1593 (farm) to property ID 866 (feedlot)
56,1600,991,DAY 27/12/2024 - moved 26 animals from property ID 1600 (farm) to property ID 991 (farm)
56,1608,1301,DAY 27/12/2024 - moved 1 animals from property ID 1608 (farm) to property ID 1301 (saleyard)
56,1615,758,DAY 27/12/2024 - moved 5 animals from property ID 1615 (farm) to property ID 758 (feedlot)
56,1620,1301,DAY 27/12/2024 - moved 2 animals from property ID 1620 (farm) to property ID 1301 (saleyard)
56,1622,935,DAY 27/12/2024 - moved 5 animals from property ID 1622 (farm) to property ID 935 (farm)
56,1624,1044,DAY 27/12/2024 - moved 46 animals from property ID 1624 (farm) to property ID 1044 (farm)
56,1626,782,DAY 27/12/2024 - moved 13 animals from property ID 1626 (farm) to property ID 782 (trader)
56,1652,1273,DAY 27/12/2024 - moved 4 animals from property ID 1652 (farm) to property ID 1273 (trader)
56,1664,964,DAY 27/12/2024 - moved 6 animals from property ID 1664 (farm) to property ID 964 (feedlot)
56,1695,1273,DAY 27/12/2024 - moved 7 animals from property ID 1695 (farm) to property ID 1273 (trader)
56,1719,1586,DAY 27/12/2024 - moved 4 animals from property ID 1719 (farm) to property ID 1586 (farm)
56,1736,1691,DAY 27/12/2024 - moved 9 animals from property ID 1736 (farm) to property ID 1691 (farm)
56,1767,1119,DAY 27/12/2024 - moved 5 animals from property ID 1767 (farm) to property ID 1119 (trader)
56,1787,996,DAY 27/12/2024 - moved 12 animals from property ID 1787 (farm) to property ID 996 (farm)
56,1819,700,DAY 27/12/2024 - moved 2 animals from property ID 1819 (farm) to property ID 700 (trader)
56,1823,1301,DAY 27/12/2024 - moved 14 animals from property ID 1823 (trader) to property ID 1301 (saleyard)
56,1823,867,DAY 27/12/2024 - moved 15 animals from property ID 1823 (trader) to property ID 867 (feedlot)
56,1823,1105,DAY 27/12/2024 - moved 15 animals from property ID 1823 (trader) to property ID 1105 (farm)
56,1861,1622,DAY 27/12/2024 - moved 3 animals from property ID 1861 (farm) to property ID 1622 (farm)
56,1864,866,DAY 27/12/2024 - moved 2 animals from property ID 1864 (farm) to property ID 866 (feedlot)
56,1867,782,DAY 27/12/2024 - moved 5 animals from property ID 1867 (farm) to property ID 782 (trader)
56,1893,1990,DAY 27/12/2024 - moved 4 animals from property ID 1893 (farm) to property ID 1990 (farm)
56,1918,1387,DAY 27/12/2024 - moved 18 animals from property ID 1918 (farm) to property ID 1387 (farm)
56,1922,1438,DAY 27/12/2024 - moved 4 animals from property ID 1922 (farm) to property ID 1438 (farm)
56,1927,92,DAY 27/12/2024 - moved 6 animals from property ID 1927 (farm) to property ID 92 (trader)
56,1933,1022,DAY 27/12/2024 - moved 18 animals from property ID 1933 (farm) to property ID 1022 (farm)
56,1936,1843,DAY 27/12/2024 - moved 3 animals from property ID 1936 (farm) to property ID 1843 (farm)
56,1948,973,DAY 27/12/2024 - moved 15 animals from property ID 1948 (farm) to property ID 973 (farm)
56,1949,1044,DAY 27/12/2024 - moved 12 animals from property ID 1949 (farm) to property ID 1044 (farm)
56,1953,524,DAY 27/12/2024 - moved 5 animals from property ID 1953 (farm) to property ID 524 (feedlot)
56,1989,1301,DAY 27/12/2024 - moved 1 animals from property ID 1989 (farm) to property ID 1301 (saleyard)
56,1998,189,DAY 27/12/2024 - moved 8 animals from property ID 1998 (farm) to property ID 189 (saleyard)
57,58,1301,DAY 28/12/2024 - moved 3 animals from property ID 58 (farm) to property ID 1301 (saleyard)
57,77,904,DAY 28/12/2024 - moved 8 animals from property ID 77 (farm) to property ID 904 (trader)
57,80,264,DAY 28/12/2024 - moved 1 animals from property ID 80 (farm) to property ID 264 (feedlot)
57,92,866,DAY 28/12/2024 - moved 38 animals from property ID 92 (trader) to property ID 866 (feedlot)
57,105,240,DAY 28/12/2024 - moved 12 animals from property ID 105 (farm) to property ID 240 (farm)
57,125,1273,DAY 28/12/2024 - moved 7 animals from property ID 125 (farm) to property ID 1273 (trader)
57,126,1479,DAY 28/12/2024 - moved 3 animals from property ID 126 (farm) to property ID 1479 (trader)
57,130,1823,DAY 28/12/2024 - moved 6 animals from property ID 130 (farm) to property ID 1823 (trader)
57,134,1109,DAY 28/12/2024 - moved 10 animals from property ID 134 (farm) to property ID 1109 (feedlot)
57,179,204,DAY 28/12/2024 - moved 5 animals from property ID 179 (farm) to property ID 204 (farm)
57,189,615,DAY 28/12/2024 - moved 7 animals from property ID 189 (saleyard) to property ID 615 (farm)
57,189,59,DAY 28/12/2024 - moved 7 animals from property ID 189 (saleyard) to property ID 59 (farm)
57,189,964,DAY 28/12/2024 - moved 7 animals from property ID 189 (saleyard) to property ID 964 (feedlot)
57,189,1076,DAY 28/12/2024 - moved 7 animals from property ID 189 (saleyard) to property ID 1076 (farm)
57,189,836,DAY 28/12/2024 - moved 7 animals from property ID 189 (saleyard) to property ID 836 (farm)
57,189,453,DAY 28/12/2024 - moved 7 animals from property ID 189 (saleyard) to property ID 453 (farm)
57,200,866,DAY 28/12/2024 - moved 8 animals from property ID 200 (farm) to property ID 866 (feedlot)
57,225,673,DAY 28/12/2024 - moved 5 animals from property ID 225 (farm) to property ID 673 (farm)
57,249,1598,DAY 28/12/2024 - moved 21 animals from property ID 249 (farm) to property ID 1598 (farm)
57,266,1479,DAY 28/12/2024 - moved 3 animals from property ID 266 (farm) to property ID 1479 (trader)
57,276,1301,DAY 28/12/2024 - moved 3 animals from property ID 276 (farm) to property ID 1301 (saleyard)
57,301,1743,DAY 28/12/2024 - moved 4 animals from property ID 301 (farm) to property ID 1743 (farm)
57,321,1109,DAY 28/12/2024 - moved 3 animals from property ID 321 (farm) to property ID 1109 (feedlot)
57,347,467,DAY 28/12/2024 - moved 2 animals from property ID 347 (farm) to property ID 467 (farm)
57,357,1109,DAY 28/12/2024 - moved 1 animals from property ID 357 (farm) to property ID 1109 (feedlot)
57,365,782,DAY 28/12/2024 - moved 7 animals from property ID 365 (farm) to property ID 782 (trader)
57,379,399,DAY 28/12/2024 - moved 5 animals from property ID 379 (farm) to property ID 399 (farm)
57,399,1080,DAY 28/12/2024 - moved 17 animals from property ID 399 (farm) to property ID 1080 (farm)
57,412,1948,DAY 28/12/2024 - moved 8 animals from property ID 412 (farm) to property ID 1948 (farm)
57,441,1301,DAY 28/12/2024 - moved 7 animals from property ID 441 (farm) to property ID 1301 (saleyard)
57,457,1823,DAY 28/12/2024 - moved 4 animals from property ID 457 (farm) to property ID 1823 (trader)
57,471,1273,DAY 28/12/2024 - moved 10 animals from property ID 471 (farm) to property ID 1273 (trader)
57,477,986,DAY 28/12/2024 - moved 6 animals from property ID 477 (farm) to property ID 986 (farm)
57,478,904,DAY 28/12/2024 - moved 5 animals from property ID 478 (farm) to property ID 904 (trader)
57,480,964,DAY 28/12/2024 - moved 20 animals from property ID 480 (farm) to property ID 964 (feedlot)
57,506,264,DAY 28/12/2024 - moved 1 animals from property ID 506 (farm) to property ID 264 (feedlot)
57,523,92,DAY 28/12/2024 - moved 13 animals from property ID 523 (farm) to property ID 92 (trader)
57,530,933,DAY 28/12/2024 - moved 5 animals from property ID 530 (farm) to property ID 933 (farm)
57,532,1119,DAY 28/12/2024 - moved 15 animals from property ID 532 (farm) to property ID 1119 (trader)
57,533,999,DAY 28/12/2024 - moved 4 animals from property ID 533 (farm) to property ID 999 (farm)
57,536,782,DAY 28/12/2024 - moved 27 animals from property ID 536 (farm) to property ID 782 (trader)
57,540,188,DAY 28/12/2024 - moved 8 animals from property ID 540 (farm) to property ID 188 (feedlot)
57,548,1479,DAY 28/12/2024 - moved 13 animals from property ID 548 (farm) to property ID 1479 (trader)
57,552,1057,DAY 28/12/2024 - moved 1 animals from property ID 552 (farm) to property ID 1057 (farm)
57,554,1464,DAY 28/12/2024 - moved 7 animals from property ID 554 (farm) to property ID 1464 (farm)
57,566,1312,DAY 28/12/2024 - moved 2 animals from property ID 566 (farm) to property ID 1312 (farm)
57,567,867,DAY 28/12/2024 - moved 4 animals from property ID 567 (farm) to property ID 867 (feedlot)
57,576,173,DAY 28/12/2024 - moved 2 animals from property ID 576 (farm) to property ID 173 (farm)
57,586,1301,DAY 28/12/2024 - moved 4 animals from property ID 586 (farm) to property ID 1301 (saleyard)
57,594,1301,DAY 28/12/2024 - moved 11 animals from property ID 594 (farm) to property ID 1301 (saleyard)
57,626,545,DAY 28/12/2024 - moved 27 animals from property ID 626 (farm) to property ID 545 (farm)
57,627,1666,DAY 28/12/2024 - moved 7 animals from property ID 627 (farm) to property ID 1666 (feedlot)
57,634,700,DAY 28/12/2024 - moved 4 animals from property ID 634 (farm) to property ID 700 (trader)
57,646,791,DAY 28/12/2024 - moved 11 animals from property ID 646 (farm) to property ID 791 (farm)
57,648,1092,DAY 28/12/2024 - moved 4 animals from property ID 648 (farm) to property ID 1092 (farm)
57,654,1479,DAY 28/12/2024 - moved 9 animals from property ID 654 (farm) to property ID 1479 (trader)
57,660,782,DAY 28/12/2024 - moved 12 animals from property ID 660 (farm) to property ID 782 (trader)
57,666,458,DAY 28/12/2024 - moved 27 animals from property ID 666 (farm) to property ID 458 (abbattoir)
57,700,524,DAY 28/12/2024 - moved 9 animals from property ID 700 (trader) to property ID 524 (feedlot)
57,700,938,DAY 28/12/2024 - moved 9 animals from property ID 700 (trader) to property ID 938 (farm)
57,700,1110,DAY 28/12/2024 - moved 9 animals from property ID 700 (trader) to property ID 1110 (feedlot)
57,708,524,DAY 28/12/2024 - moved 18 animals from property ID 708 (farm) to property ID 524 (feedlot)
57,731,964,DAY 28/12/2024 - moved 9 animals from property ID 731 (farm) to property ID 964 (feedlot)
57,782,458,DAY 28/12/2024 - moved 24 animals from property ID 782 (trader) to property ID 458 (abbattoir)
57,782,666,DAY 28/12/2024 - moved 24 animals from property ID 782 (trader) to property ID 666 (farm)
57,790,1109,DAY 28/12/2024 - moved 3 animals from property ID 790 (farm) to property ID 1109 (feedlot)
57,802,505,DAY 28/12/2024 - moved 3 animals from property ID 802 (farm) to property ID 505 (farm)
57,808,374,DAY 28/12/2024 - moved 4 animals from property ID 808 (farm) to property ID 374 (farm)
57,834,1301,DAY 28/12/2024 - moved 4 animals from property ID 834 (farm) to property ID 1301 (saleyard)
57,838,576,DAY 28/12/2024 - moved 7 animals from property ID 838 (farm) to property ID 576 (farm)
57,842,1911,DAY 28/12/2024 - moved 4 animals from property ID 842 (farm) to property ID 1911 (farm)
57,843,1209,DAY 28/12/2024 - moved 4 animals from property ID 843 (farm) to property ID 1209 (farm)
57,891,1472,DAY 28/12/2024 - moved 9 animals from property ID 891 (farm) to property ID 1472 (farm)
57,904,700,DAY 28/12/2024 - moved 9 animals from property ID 904 (trader) to property ID 700 (trader)
57,916,1273,DAY 28/12/2024 - moved 3 animals from property ID 916 (farm) to property ID 1273 (trader)
57,924,194,DAY 28/12/2024 - moved 10 animals from property ID 924 (farm) to property ID 194 (farm)
57,933,1110,DAY 28/12/2024 - moved 7 animals from property ID 933 (farm) to property ID 1110 (feedlot)
57,941,593,DAY 28/12/2024 - moved 1 animals from property ID 941 (farm) to property ID 593 (farm)
57,942,1301,DAY 28/12/2024 - moved 3 animals from property ID 942 (farm) to property ID 1301 (saleyard)
57,960,788,DAY 28/12/2024 - moved 9 animals from property ID 960 (farm) to property ID 788 (farm)
57,978,113,DAY 28/12/2024 - moved 3 animals from property ID 978 (farm) to property ID 113 (farm)
57,981,188,DAY 28/12/2024 - moved 9 animals from property ID 981 (farm) to property ID 188 (feedlot)
57,986,1795,DAY 28/12/2024 - moved 3 animals from property ID 986 (farm) to property ID 1795 (farm)
57,989,758,DAY 28/12/2024 - moved 13 animals from property ID 989 (farm) to property ID 758 (feedlot)
57,996,1479,DAY 28/12/2024 - moved 5 animals from property ID 996 (farm) to property ID 1479 (trader)
57,997,964,DAY 28/12/2024 - moved 2 animals from property ID 997 (farm) to property ID 964 (feedlot)
57,1018,1548,DAY 28/12/2024 - moved 1 animals from property ID 1018 (farm) to property ID 1548 (farm)
57,1021,1956,DAY 28/12/2024 - moved 1 animals from property ID 1021 (farm) to property ID 1956 (farm)
57,1030,1497,DAY 28/12/2024 - moved 1 animals from property ID 1030 (farm) to property ID 1497 (farm)
57,1031,92,DAY 28/12/2024 - moved 10 animals from property ID 1031 (farm) to property ID 92 (trader)
57,1088,1881,DAY 28/12/2024 - moved 3 animals from property ID 1088 (farm) to property ID 1881 (farm)
57,1114,189,DAY 28/12/2024 - moved 7 animals from property ID 1114 (farm) to property ID 189 (saleyard)
57,1119,321,DAY 28/12/2024 - moved 11 animals from property ID 1119 (trader) to property ID 321 (farm)
57,1119,867,DAY 28/12/2024 - moved 12 animals from property ID 1119 (trader) to property ID 867 (feedlot)
57,1134,1044,DAY 28/12/2024 - moved 10 animals from property ID 1134 (farm) to property ID 1044 (farm)
57,1139,81,DAY 28/12/2024 - moved 17 animals from property ID 1139 (farm) to property ID 81 (farm)
57,1165,238,DAY 28/12/2024 - moved 15 animals from property ID 1165 (farm) to property ID 238 (farm)
57,1180,415,DAY 28/12/2024 - moved 3 animals from property ID 1180 (farm) to property ID 415 (trader)
57,1185,866,DAY 28/12/2024 - moved 8 animals from property ID 1185 (farm) to property ID 866 (feedlot)
57,1214,866,DAY 28/12/2024 - moved 8 animals from property ID 1214 (farm) to property ID 866 (feedlot)
57,1223,1666,DAY 28/12/2024 - moved 5 animals from property ID 1223 (farm) to property ID 1666 (feedlot)
57,1235,57,DAY 28/12/2024 - moved 5 animals from property ID 1235 (farm) to property ID 57 (farm)
57,1273,1122,DAY 28/12/2024 - moved 27 animals from property ID 1273 (trader) to property ID 1122 (farm)
57,1282,1625,DAY 28/12/2024 - moved 5 animals from property ID 1282 (farm) to property ID 1625 (farm)
57,1306,797,DAY 28/12/2024 - moved 10 animals from property ID 1306 (farm) to property ID 797 (farm)
57,1311,782,DAY 28/12/2024 - moved 33 animals from property ID 1311 (farm) to property ID 782 (trader)
57,1326,866,DAY 28/12/2024 - moved 2 animals from property ID 1326 (farm) to property ID 866 (feedlot)
57,1336,700,DAY 28/12/2024 - moved 12 animals from property ID 1336 (farm) to property ID 700 (trader)
57,1352,1823,DAY 28/12/2024 - moved 34 animals from property ID 1352 (farm) to property ID 1823 (trader)
57,1362,867,DAY 28/12/2024 - moved 6 animals from property ID 1362 (farm) to property ID 867 (feedlot)
57,1397,1301,DAY 28/12/2024 - moved 4 animals from property ID 1397 (farm) to property ID 1301 (saleyard)
57,1454,1949,DAY 28/12/2024 - moved 29 animals from property ID 1454 (farm) to property ID 1949 (farm)
57,1459,451,DAY 28/12/2024 - moved 5 animals from property ID 1459 (farm) to property ID 451 (farm)
57,1471,61,DAY 28/12/2024 - moved 3 animals from property ID 1471 (farm) to property ID 61 (farm)
57,1510,1823,DAY 28/12/2024 - moved 15 animals from property ID 1510 (farm) to property ID 1823 (trader)
57,1518,860,DAY 28/12/2024 - moved 8 animals from property ID 1518 (farm) to property ID 860 (farm)
57,1529,188,DAY 28/12/2024 - moved 5 animals from property ID 1529 (farm) to property ID 188 (feedlot)
57,1545,838,DAY 28/12/2024 - moved 3 animals from property ID 1545 (farm) to property ID 838 (farm)
57,1546,1109,DAY 28/12/2024 - moved 6 animals from property ID 1546 (farm) to property ID 1109 (feedlot)
57,1609,904,DAY 28/12/2024 - moved 14 animals from property ID 1609 (farm) to property ID 904 (trader)
57,1628,1547,DAY 28/12/2024 - moved 2 animals from property ID 1628 (farm) to property ID 1547 (farm)
57,1642,866,DAY 28/12/2024 - moved 2 animals from property ID 1642 (farm) to property ID 866 (feedlot)
57,1647,901,DAY 28/12/2024 - moved 23 animals from property ID 1647 (farm) to property ID 901 (farm)
57,1733,723,DAY 28/12/2024 - moved 5 animals from property ID 1733 (farm) to property ID 723 (farm)
57,1738,1907,DAY 28/12/2024 - moved 8 animals from property ID 1738 (farm) to property ID 1907 (feedlot)
57,1741,1119,DAY 28/12/2024 - moved 3 animals from property ID 1741 (farm) to property ID 1119 (trader)
57,1746,1479,DAY 28/12/2024 - moved 14 animals from property ID 1746 (farm) to property ID 1479 (trader)
57,1747,1660,DAY 28/12/2024 - moved 9 animals from property ID 1747 (farm) to property ID 1660 (farm)
57,1751,125,DAY 28/12/2024 - moved 1 animals from property ID 1751 (farm) to property ID 125 (farm)
57,1771,1110,DAY 28/12/2024 - moved 7 animals from property ID 1771 (farm) to property ID 1110 (feedlot)
57,1776,1823,DAY 28/12/2024 - moved 18 animals from property ID 1776 (farm) to property ID 1823 (trader)
57,1778,700,DAY 28/12/2024 - moved 2 animals from property ID 1778 (farm) to property ID 700 (trader)
57,1781,700,DAY 28/12/2024 - moved 7 animals from property ID 1781 (farm) to property ID 700 (trader)
57,1782,1073,DAY 28/12/2024 - moved 6 animals from property ID 1782 (farm) to property ID 1073 (farm)
57,1803,1907,DAY 28/12/2024 - moved 21 animals from property ID 1803 (farm) to property ID 1907 (feedlot)
57,1823,692,DAY 28/12/2024 - moved 14 animals from property ID 1823 (trader) to property ID 692 (farm)
57,1823,867,DAY 28/12/2024 - moved 13 animals from property ID 1823 (trader) to property ID 867 (feedlot)
57,1823,867,DAY 28/12/2024 - moved 13 animals from property ID 1823 (trader) to property ID 867 (feedlot)
57,1839,1031,DAY 28/12/2024 - moved 13 animals from property ID 1839 (farm) to property ID 1031 (farm)
57,1913,1836,DAY 28/12/2024 - moved 2 animals from property ID 1913 (farm) to property ID 1836 (farm)
57,1917,782,DAY 28/12/2024 - moved 4 animals from property ID 1917 (farm) to property ID 782 (trader)
57,1931,918,DAY 28/12/2024 - moved 10 animals from property ID 1931 (farm) to property ID 918 (farm)
57,1940,1273,DAY 28/12/2024 - moved 4 animals from property ID 1940 (farm) to property ID 1273 (trader)
57,1963,302,DAY 28/12/2024 - moved 2 animals from property ID 1963 (farm) to property ID 302 (farm)
58,0,1013,DAY 29/12/2024 - moved 26 animals from property ID 0 (farm) to property ID 1013 (farm)
58,14,867,DAY 29/12/2024 - moved 9 animals from property ID 14 (farm) to property ID 867 (feedlot)
58,25,1722,DAY 29/12/2024 - moved 15 animals from property ID 25 (farm) to property ID 1722 (farm)
58,62,1301,DAY 29/12/2024 - moved 7 animals from property ID 62 (farm) to property ID 1301 (saleyard)
58,79,1024,DAY 29/12/2024 - moved 10 animals from property ID 79 (farm) to property ID 1024 (farm)
58,92,1139,DAY 29/12/2024 - moved 17 animals from property ID 92 (trader) to property ID 1139 (farm)
58,92,190,DAY 29/12/2024 - moved 18 animals from property ID 92 (trader) to property ID 190 (farm)
58,94,524,DAY 29/12/2024 - moved 6 animals from property ID 94 (farm) to property ID 524 (feedlot)
58,109,1389,DAY 29/12/2024 - moved 10 animals from property ID 109 (farm) to property ID 1389 (farm)
58,114,1137,DAY 29/12/2024 - moved 6 animals from property ID 114 (farm) to property ID 1137 (farm)
58,116,1119,DAY 29/12/2024 - moved 4 animals from property ID 116 (farm) to property ID 1119 (trader)
58,132,188,DAY 29/12/2024 - moved 4 animals from property ID 132 (farm) to property ID 188 (feedlot)
58,143,1958,DAY 29/12/2024 - moved 1 animals from property ID 143 (farm) to property ID 1958 (farm)
58,149,1541,DAY 29/12/2024 - moved 3 animals from property ID 149 (farm) to property ID 1541 (farm)
58,178,1273,DAY 29/12/2024 - moved 7 animals from property ID 178 (farm) to property ID 1273 (trader)
58,189,925,DAY 29/12/2024 - moved 17 animals from property ID 189 (saleyard) to property ID 925 (farm)
58,189,1805,DAY 29/12/2024 - moved 18 animals from property ID 189 (saleyard) to property ID 1805 (farm)
58,207,264,DAY 29/12/2024 - moved 6 animals from property ID 207 (farm) to property ID 264 (feedlot)
58,251,702,DAY 29/12/2024 - moved 4 animals from property ID 251 (farm) to property ID 702 (farm)
58,268,1250,DAY 29/12/2024 - moved 13 animals from property ID 268 (farm) to property ID 1250 (farm)
58,306,1294,DAY 29/12/2024 - moved 2 animals from property ID 306 (farm) to property ID 1294 (farm)
58,309,397,DAY 29/12/2024 - moved 8 animals from property ID 309 (farm) to property ID 397 (farm)
58,315,1110,DAY 29/12/2024 - moved 1 animals from property ID 315 (farm) to property ID 1110 (feedlot)
58,316,653,DAY 29/12/2024 - moved 3 animals from property ID 316 (farm) to property ID 653 (farm)
58,322,192,DAY 29/12/2024 - moved 24 animals from property ID 322 (farm) to property ID 192 (farm)
58,342,1848,DAY 29/12/2024 - moved 10 animals from property ID 342 (farm) to property ID 1848 (farm)
58,345,1147,DAY 29/12/2024 - moved 3 animals from property ID 345 (farm) to property ID 1147 (farm)
58,362,357,DAY 29/12/2024 - moved 3 animals from property ID 362 (farm) to property ID 357 (farm)
58,394,1297,DAY 29/12/2024 - moved 4 animals from property ID 394 (farm) to property ID 1297 (farm)
58,397,866,DAY 29/12/2024 - moved 6 animals from property ID 397 (farm) to property ID 866 (feedlot)
58,402,866,DAY 29/12/2024 - moved 3 animals from property ID 402 (farm) to property ID 866 (feedlot)
58,403,418,DAY 29/12/2024 - moved 6 animals from property ID 403 (farm) to property ID 418 (farm)
58,407,904,DAY 29/12/2024 - moved 6 animals from property ID 407 (farm) to property ID 904 (trader)
58,415,188,DAY 29/12/2024 - moved 5 animals from property ID 415 (trader) to property ID 188 (feedlot)
58,415,43,DAY 29/12/2024 - moved 4 animals from property ID 415 (trader) to property ID 43 (farm)
58,442,867,DAY 29/12/2024 - moved 1 animals from property ID 442 (farm) to property ID 867 (feedlot)
58,445,1848,DAY 29/12/2024 - moved 7 animals from property ID 445 (farm) to property ID 1848 (farm)
58,449,1823,DAY 29/12/2024 - moved 3 animals from property ID 449 (farm) to property ID 1823 (trader)
58,483,264,DAY 29/12/2024 - moved 11 animals from property ID 483 (farm) to property ID 264 (feedlot)
58,517,1080,DAY 29/12/2024 - moved 7 animals from property ID 517 (farm) to property ID 1080 (farm)
58,577,309,DAY 29/12/2024 - moved 9 animals from property ID 577 (farm) to property ID 309 (farm)
58,597,1425,DAY 29/12/2024 - moved 5 animals from property ID 597 (farm) to property ID 1425 (farm)
58,612,1273,DAY 29/12/2024 - moved 7 animals from property ID 612 (farm) to property ID 1273 (trader)
58,616,740,DAY 29/12/2024 - moved 19 animals from property ID 616 (farm) to property ID 740 (farm)
58,658,782,DAY 29/12/2024 - moved 16 animals from property ID 658 (farm) to property ID 782 (trader)
58,700,188,DAY 29/12/2024 - moved 28 animals from property ID 700 (trader) to property ID 188 (feedlot)
58,701,1273,DAY 29/12/2024 - moved 2 animals from property ID 701 (farm) to property ID 1273 (trader)
58,736,990,DAY 29/12/2024 - moved 5 animals from property ID 736 (farm) to property ID 990 (farm)
58,742,458,DAY 29/12/2024 - moved 11 animals from property ID 742 (farm) to property ID 458 (abbattoir)
58,749,148,DAY 29/12/2024 - moved 8 animals from property ID 749 (farm) to property ID 148 (farm)
58,782,1885,DAY 29/12/2024 - moved 19 animals from property ID 782 (trader) to property ID 1885 (farm)
58,782,458,DAY 29/12/2024 - moved 18 animals from property ID 782 (trader) to property ID 458 (abbattoir)
58,782,458,DAY 29/12/2024 - moved 18 animals from property ID 782 (trader) to property ID 458 (abbattoir)
58,796,782,DAY 29/12/2024 - moved 5 animals from property ID 796 (farm) to property ID 782 (trader)
58,809,675,DAY 29/12/2024 - moved 4 animals from property ID 809 (farm) to property ID 675 (farm)
58,816,700,DAY 29/12/2024 - moved 4 animals from property ID 816 (farm) to property ID 700 (trader)
58,846,1823,DAY 29/12/2024 - moved 2 animals from property ID 846 (farm) to property ID 1823 (trader)
58,857,189,DAY 29/12/2024 - moved 2 animals from property ID 857 (farm) to property ID 189 (saleyard)
58,858,782,DAY 29/12/2024 - moved 6 animals from property ID 858 (farm) to property ID 782 (trader)
58,901,866,DAY 29/12/2024 - moved 9 animals from property ID 901 (farm) to property ID 866 (feedlot)
58,911,188,DAY 29/12/2024 - moved 7 animals from property ID 911 (farm) to property ID 188 (feedlot)
58,915,1694,DAY 29/12/2024 - moved 1 animals from property ID 915 (farm) to property ID 1694 (farm)
58,939,1109,DAY 29/12/2024 - moved 8 animals from property ID 939 (farm) to property ID 1109 (feedlot)
58,944,264,DAY 29/12/2024 - moved 3 animals from property ID 944 (farm) to property ID 264 (feedlot)
58,946,670,DAY 29/12/2024 - moved 2 animals from property ID 946 (farm) to property ID 670 (farm)
58,991,878,DAY 29/12/2024 - moved 4 animals from property ID 991 (farm) to property ID 878 (farm)
58,1049,3,DAY 29/12/2024 - moved 3 animals from property ID 1049 (farm) to property ID 3 (farm)
58,1117,440,DAY 29/12/2024 - moved 7 animals from property ID 1117 (farm) to property ID 440 (farm)
58,1118,1823,DAY 29/12/2024 - moved 1 animals from property ID 1118 (farm) to property ID 1823 (trader)
58,1119,1305,DAY 29/12/2024 - moved 22 animals from property ID 1119 (trader) to property ID 1305 (farm)
58,1121,458,DAY 29/12/2024 - moved 16 animals from property ID 1121 (farm) to property ID 458 (abbattoir)
58,1145,989,DAY 29/12/2024 - moved 9 animals from property ID 1145 (farm) to property ID 989 (farm)
58,1148,841,DAY 29/12/2024 - moved 6 animals from property ID 1148 (farm) to property ID 841 (farm)
58,1204,1903,DAY 29/12/2024 - moved 6 animals from property ID 1204 (farm) to property ID 1903 (farm)
58,1205,490,DAY 29/12/2024 - moved 2 animals from property ID 1205 (farm) to property ID 490 (farm)
58,1229,498,DAY 29/12/2024 - moved 4 animals from property ID 1229 (farm) to property ID 498 (farm)
58,1239,1301,DAY 29/12/2024 - moved 9 animals from property ID 1239 (farm) to property ID 1301 (saleyard)
58,1252,1479,DAY 29/12/2024 - moved 3 animals from property ID 1252 (farm) to property ID 1479 (trader)
58,1266,867,DAY 29/12/2024 - moved 2 animals from property ID 1266 (farm) to property ID 867 (feedlot)
58,1272,117,DAY 29/12/2024 - moved 8 animals from property ID 1272 (farm) to property ID 117 (farm)
58,1273,775,DAY 29/12/2024 - moved 13 animals from property ID 1273 (trader) to property ID 775 (farm)
58,1273,1474,DAY 29/12/2024 - moved 13 animals from property ID 1273 (trader) to property ID 1474 (farm)
58,1276,726,DAY 29/12/2024 - moved 3 animals from property ID 1276 (farm) to property ID 726 (farm)
58,1300,1907,DAY 29/12/2024 - moved 14 animals from property ID 1300 (farm) to property ID 1907 (feedlot)
58,1301,867,DAY 29/12/2024 - moved 54 animals from property ID 1301 (saleyard) to property ID 867 (feedlot)
58,1319,1632,DAY 29/12/2024 - moved 2 animals from property ID 1319 (farm) to property ID 1632 (farm)
58,1384,1814,DAY 29/12/2024 - moved 11 animals from property ID 1384 (farm) to property ID 1814 (farm)
58,1387,92,DAY 29/12/2024 - moved 10 animals from property ID 1387 (farm) to property ID 92 (trader)
58,1396,1868,DAY 29/12/2024 - moved 6 animals from property ID 1396 (farm) to property ID 1868 (farm)
58,1407,867,DAY 29/12/2024 - moved 6 animals from property ID 1407 (farm) to property ID 867 (feedlot)
58,1414,1301,DAY 29/12/2024 - moved 4 animals from property ID 1414 (farm) to property ID 1301 (saleyard)
58,1465,626,DAY 29/12/2024 - moved 4 animals from property ID 1465 (farm) to property ID 626 (farm)
58,1472,1395,DAY 29/12/2024 - moved 6 animals from property ID 1472 (farm) to property ID 1395 (farm)
58,1479,25,DAY 29/12/2024 - moved 19 animals from property ID 1479 (trader) to property ID 25 (farm)
58,1479,805,DAY 29/12/2024 - moved 19 animals from property ID 1479 (trader) to property ID 805 (farm)
58,1479,351,DAY 29/12/2024 - moved 19 animals from property ID 1479 (trader) to property ID 351 (farm)
58,1481,964,DAY 29/12/2024 - moved 4 animals from property ID 1481 (farm) to property ID 964 (feedlot)
58,1483,1488,DAY 29/12/2024 - moved 11 animals from property ID 1483 (farm) to property ID 1488 (farm)
58,1491,189,DAY 29/12/2024 - moved 7 animals from property ID 1491 (farm) to property ID 189 (saleyard)
58,1508,1090,DAY 29/12/2024 - moved 12 animals from property ID 1508 (farm) to property ID 1090 (farm)
58,1534,443,DAY 29/12/2024 - moved 5 animals from property ID 1534 (farm) to property ID 443 (farm)
58,1541,1273,DAY 29/12/2024 - moved 1 animals from property ID 1541 (farm) to property ID 1273 (trader)
58,1542,189,DAY 29/12/2024 - moved 3 animals from property ID 1542 (farm) to property ID 189 (saleyard)
58,1575,1301,DAY 29/12/2024 - moved 14 animals from property ID 1575 (farm) to property ID 1301 (saleyard)
58,1594,782,DAY 29/12/2024 - moved 8 animals from property ID 1594 (farm) to property ID 782 (trader)
58,1596,561,DAY 29/12/2024 - moved 7 animals from property ID 1596 (farm) to property ID 561 (farm)
58,1605,1706,DAY 29/12/2024 - moved 6 animals from property ID 1605 (farm) to property ID 1706 (farm)
58,1625,1428,DAY 29/12/2024 - moved 4 animals from property ID 1625 (farm) to property ID 1428 (farm)
58,1655,867,DAY 29/12/2024 - moved 2 animals from property ID 1655 (farm) to property ID 867 (feedlot)
58,1656,1273,DAY 29/12/2024 - moved 6 animals from property ID 1656 (farm) to property ID 1273 (trader)
58,1678,909,DAY 29/12/2024 - moved 11 animals from property ID 1678 (farm) to property ID 909 (farm)
58,1760,92,DAY 29/12/2024 - moved 2 animals from property ID 1760 (farm) to property ID 92 (trader)
58,1802,1695,DAY 29/12/2024 - moved 13 animals from property ID 1802 (farm) to property ID 1695 (farm)
58,1813,1666,DAY 29/12/2024 - moved 3 animals from property ID 1813 (farm) to property ID 1666 (feedlot)
58,1823,867,DAY 29/12/2024 - moved 47 animals from property ID 1823 (trader) to property ID 867 (feedlot)
58,1837,1299,DAY 29/12/2024 - moved 7 animals from property ID 1837 (farm) to property ID 1299 (farm)
58,1894,700,DAY 29/12/2024 - moved 5 animals from property ID 1894 (farm) to property ID 700 (trader)
58,1908,904,DAY 29/12/2024 - moved 5 animals from property ID 1908 (farm) to property ID 904 (trader)
58,1911,148,DAY 29/12/2024 - moved 13 animals from property ID 1911 (farm) to property ID 148 (farm)
58,1937,27,DAY 29/12/2024 - moved 3 animals from property ID 1937 (farm) to property ID 27 (farm)
58,1964,560,DAY 29/12/2024 - moved 5 animals from property ID 1964 (farm) to property ID 560 (farm)
58,1977,644,DAY 29/12/2024 - moved 14 animals from property ID 1977 (farm) to property ID 644 (farm)
58,1999,92,DAY 29/12/2024 - moved 34 animals from property ID 1999 (farm) to property ID 92 (trader)
59,2,1389,DAY 30/12/2024 - moved 3 animals from property ID 2 (farm) to property ID 1389 (farm)
59,4,1704,DAY 30/12/2024 - moved 15 animals from property ID 4 (farm) to property ID 1704 (farm)
59,13,189,DAY 30/12/2024 - moved 11 animals from property ID 13 (farm) to property ID 189 (saleyard)
59,17,1907,DAY 30/12/2024 - moved 7 animals from property ID 17 (farm) to property ID 1907 (feedlot)
59,26,1935,DAY 30/12/2024 - moved 6 animals from property ID 26 (farm) to property ID 1935 (farm)
59,32,1052,DAY 30/12/2024 - moved 1 animals from property ID 32 (farm) to property ID 1052 (farm)
59,42,458,DAY 30/12/2024 - moved 39 animals from property ID 42 (farm) to property ID 458 (abbattoir)
59,45,492,DAY 30/12/2024 - moved 4 animals from property ID 45 (farm) to property ID 492 (farm)
59,83,317,DAY 30/12/2024 - moved 12 animals from property ID 83 (farm) to property ID 317 (farm)
59,84,415,DAY 30/12/2024 - moved 3 animals from property ID 84 (farm) to property ID 415 (trader)
59,92,866,DAY 30/12/2024 - moved 37 animals from property ID 92 (trader) to property ID 866 (feedlot)
59,146,1119,DAY 30/12/2024 - moved 5 animals from property ID 146 (farm) to property ID 1119 (trader)
59,158,681,DAY 30/12/2024 - moved 32 animals from property ID 158 (farm) to property ID 681 (farm)
59,161,1273,DAY 30/12/2024 - moved 6 animals from property ID 161 (farm) to property ID 1273 (trader)
59,186,866,DAY 30/12/2024 - moved 9 animals from property ID 186 (farm) to property ID 866 (feedlot)
59,190,388,DAY 30/12/2024 - moved 4 animals from property ID 190 (farm) to property ID 388 (farm)
59,191,92,DAY 30/12/2024 - moved 5 animals from property ID 191 (farm) to property ID 92 (trader)
59,235,1273,DAY 30/12/2024 - moved 1 animals from property ID 235 (farm) to property ID 1273 (trader)
59,284,1110,DAY 30/12/2024 - moved 2 animals from property ID 284 (farm) to property ID 1110 (feedlot)
59,287,554,DAY 30/12/2024 - moved 2 animals from property ID 287 (farm) to property ID 554 (farm)
59,358,148,DAY 30/12/2024 - moved 13 animals from property ID 358 (farm) to property ID 148 (farm)
59,361,782,DAY 30/12/2024 - moved 7 animals from property ID 361 (farm) to property ID 782 (trader)
59,408,1479,DAY 30/12/2024 - moved 22 animals from property ID 408 (farm) to property ID 1479 (trader)
59,409,1310,DAY 30/12/2024 - moved 37 animals from property ID 409 (farm) to property ID 1310 (farm)
59,415,1119,DAY 30/12/2024 - moved 7 animals from property ID 415 (trader) to property ID 1119 (trader)
59,440,1852,DAY 30/12/2024 - moved 10 animals from property ID 440 (farm) to property ID 1852 (farm)
59,451,1479,DAY 30/12/2024 - moved 8 animals from property ID 451 (farm) to property ID 1479 (trader)
59,456,1895,DAY 30/12/2024 - moved 6 animals from property ID 456 (farm) to property ID 1895 (farm)
59,474,1180,DAY 30/12/2024 - moved 2 animals from property ID 474 (farm) to property ID 1180 (farm)
59,482,92,DAY 30/12/2024 - moved 12 animals from property ID 482 (farm) to property ID 92 (trader)
59,511,189,DAY 30/12/2024 - moved 3 animals from property ID 511 (farm) to property ID 189 (saleyard)
59,526,1261,DAY 30/12/2024 - moved 7 animals from property ID 526 (farm) to property ID 1261 (farm)
59,541,1273,DAY 30/12/2024 - moved 2 animals from property ID 541 (farm) to property ID 1273 (trader)
59,549,866,DAY 30/12/2024 - moved 8 animals from property ID 549 (farm) to property ID 866 (feedlot)
59,585,782,DAY 30/12/2024 - moved 7 animals from property ID 585 (farm) to property ID 782 (trader)
59,590,779,DAY 30/12/2024 - moved 4 animals from property ID 590 (farm) to property ID 779 (farm)
59,592,782,DAY 30/12/2024 - moved 10 animals from property ID 592 (farm) to property ID 782 (trader)
59,640,1678,DAY 30/12/2024 - moved 1 animals from property ID 640 (farm) to property ID 1678 (farm)
59,651,1301,DAY 30/12/2024 - moved 3 animals from property ID 651 (farm) to property ID 1301 (saleyard)
59,653,92,DAY 30/12/2024 - moved 7 animals from property ID 653 (farm) to property ID 92 (trader)
59,664,1726,DAY 30/12/2024 - moved 19 animals from property ID 664 (farm) to property ID 1726 (farm)
59,675,758,DAY 30/12/2024 - moved 10 animals from property ID 675 (farm) to property ID 758 (feedlot)
59,685,415,DAY 30/12/2024 - moved 4 animals from property ID 685 (farm) to property ID 415 (trader)
59,714,113,DAY 30/12/2024 - moved 4 animals from property ID 714 (farm) to property ID 113 (farm)
59,745,1077,DAY 30/12/2024 - moved 8 animals from property ID 745 (farm) to property ID 1077 (farm)
59,754,502,DAY 30/12/2024 - moved 23 animals from property ID 754 (farm) to property ID 502 (farm)
59,762,1479,DAY 30/12/2024 - moved 20 animals from property ID 762 (farm) to property ID 1479 (trader)
59,782,1181,DAY 30/12/2024 - moved 51 animals from property ID 782 (trader) to property ID 1181 (farm)
59,784,1666,DAY 30/12/2024 - moved 5 animals from property ID 784 (farm) to property ID 1666 (feedlot)
59,789,999,DAY 30/12/2024 - moved 8 animals from property ID 789 (farm) to property ID 999 (farm)
59,794,92,DAY 30/12/2024 - moved 6 animals from property ID 794 (farm) to property ID 92 (trader)
59,825,648,DAY 30/12/2024 - moved 3 animals from property ID 825 (farm) to property ID 648 (farm)
59,830,524,DAY 30/12/2024 - moved 10 animals from property ID 830 (farm) to property ID 524 (feedlot)
59,837,1778,DAY 30/12/2024 - moved 6 animals from property ID 837 (farm) to property ID 1778 (farm)
59,878,263,DAY 30/12/2024 - moved 11 animals from property ID 878 (farm) to property ID 263 (farm)
59,896,866,DAY 30/12/2024 - moved 2 animals from property ID 896 (farm) to property ID 866 (feedlot)
59,898,188,DAY 30/12/2024 - moved 6 animals from property ID 898 (farm) to property ID 188 (feedlot)
59,904,7,DAY 30/12/2024 - moved 4 animals from property ID 904 (trader) to property ID 7 (farm)
59,904,264,DAY 30/12/2024 - moved 5 animals from property ID 904 (trader) to property ID 264 (feedlot)
59,904,876,DAY 30/12/2024 - moved 5 animals from property ID 904 (trader) to property ID 876 (farm)
59,907,92,DAY 30/12/2024 - moved 1 animals from property ID 907 (farm) to property ID 92 (trader)
59,917,700,DAY 30/12/2024 - moved 5 animals from property ID 917 (farm) to property ID 700 (trader)
59,927,1109,DAY 30/12/2024 - moved 3 animals from property ID 927 (farm) to property ID 1109 (feedlot)
59,929,524,DAY 30/12/2024 - moved 14 animals from property ID 929 (farm) to property ID 524 (feedlot)
59,932,1547,DAY 30/12/2024 - moved 14 animals from property ID 932 (farm) to property ID 1547 (farm)
59,999,1750,DAY 30/12/2024 - moved 11 animals from property ID 999 (farm) to property ID 1750 (farm)
59,1008,1145,DAY 30/12/2024 - moved 10 animals from property ID 1008 (farm) to property ID 1145 (farm)
59,1042,81,DAY 30/12/2024 - moved 5 animals from property ID 1042 (farm) to property ID 81 (farm)
59,1048,532,DAY 30/12/2024 - moved 3 animals from property ID 1048 (farm) to property ID 532 (farm)
59,1098,458,DAY 30/12/2024 - moved 8 animals from property ID 1098 (farm) to property ID 458 (abbattoir)
59,1113,1301,DAY 30/12/2024 - moved 3 animals from property ID 1113 (farm) to property ID 1301 (saleyard)
59,1119,1301,DAY 30/12/2024 - moved 9 animals from property ID 1119 (trader) to property ID 1301 (saleyard)
59,1119,960,DAY 30/12/2024 - moved 9 animals from property ID 1119 (trader) to property ID 960 (farm)
59,1127,1301,DAY 30/12/2024 - moved 1 animals from property ID 1127 (farm) to property ID 1301 (saleyard)
59,1129,1823,DAY 30/12/2024 - moved 2 animals from property ID 1129 (farm) to property ID 1823 (trader)
59,1167,904,DAY 30/12/2024 - moved 1 animals from property ID 1167 (farm) to property ID 904 (trader)
59,1177,867,DAY 30/12/2024 - moved 4 animals from property ID 1177 (farm) to property ID 867 (feedlot)
59,1188,644,DAY 30/12/2024 - moved 14 animals from property ID 1188 (farm) to property ID 644 (farm)
59,1195,92,DAY 30/12/2024 - moved 12 animals from property ID 1195 (farm) to property ID 92 (trader)
59,1206,264,DAY 30/12/2024 - moved 2 animals from property ID 1206 (farm) to property ID 264 (feedlot)
59,1226,1263,DAY 30/12/2024 - moved 1 animals from property ID 1226 (farm) to property ID 1263 (farm)
59,1245,748,DAY 30/12/2024 - moved 3 animals from property ID 1245 (farm) to property ID 748 (farm)
59,1260,1823,DAY 30/12/2024 - moved 14 animals from property ID 1260 (farm) to property ID 1823 (trader)
59,1271,189,DAY 30/12/2024 - moved 7 animals from property ID 1271 (farm) to property ID 189 (saleyard)
59,1273,229,DAY 30/12/2024 - moved 26 animals from property ID 1273 (trader) to property ID 229 (farm)
59,1286,758,DAY 30/12/2024 - moved 20 animals from property ID 1286 (farm) to property ID 758 (feedlot)
59,1292,524,DAY 30/12/2024 - moved 1 animals from property ID 1292 (farm) to property ID 524 (feedlot)
59,1301,1993,DAY 30/12/2024 - moved 25 animals from property ID 1301 (saleyard) to property ID 1993 (farm)
59,1301,867,DAY 30/12/2024 - moved 25 animals from property ID 1301 (saleyard) to property ID 867 (feedlot)
59,1310,1594,DAY 30/12/2024 - moved 12 animals from property ID 1310 (farm) to property ID 1594 (farm)
59,1317,866,DAY 30/12/2024 - moved 52 animals from property ID 1317 (farm) to property ID 866 (feedlot)
59,1339,296,DAY 30/12/2024 - moved 9 animals from property ID 1339 (farm) to property ID 296 (farm)
59,1347,1301,DAY 30/12/2024 - moved 4 animals from property ID 1347 (farm) to property ID 1301 (saleyard)
59,1348,92,DAY 30/12/2024 - moved 4 animals from property ID 1348 (farm) to property ID 92 (trader)
59,1367,415,DAY 30/12/2024 - moved 15 animals from property ID 1367 (farm) to property ID 415 (trader)
59,1368,904,DAY 30/12/2024 - moved 2 animals from property ID 1368 (farm) to property ID 904 (trader)
59,1372,1923,DAY 30/12/2024 - moved 12 animals from property ID 1372 (farm) to property ID 1923 (farm)
59,1380,122,DAY 30/12/2024 - moved 3 animals from property ID 1380 (farm) to property ID 122 (farm)
59,1392,1823,DAY 30/12/2024 - moved 15 animals from property ID 1392 (farm) to property ID 1823 (trader)
59,1393,524,DAY 30/12/2024 - moved 9 animals from property ID 1393 (farm) to property ID 524 (feedlot)
59,1409,1301,DAY 30/12/2024 - moved 6 animals from property ID 1409 (farm) to property ID 1301 (saleyard)
59,1417,1035,DAY 30/12/2024 - moved 17 animals from property ID 1417 (farm) to property ID 1035 (farm)
59,1418,235,DAY 30/12/2024 - moved 3 animals from property ID 1418 (farm) to property ID 235 (farm)
59,1431,1109,DAY 30/12/2024 - moved 4 animals from property ID 1431 (farm) to property ID 1109 (feedlot)
59,1458,1613,DAY 30/12/2024 - moved 17 animals from property ID 1458 (farm) to property ID 1613 (farm)
59,1460,1098,DAY 30/12/2024 - moved 10 animals from property ID 1460 (farm) to property ID 1098 (farm)
59,1464,1877,DAY 30/12/2024 - moved 5 animals from property ID 1464 (farm) to property ID 1877 (farm)
59,1466,758,DAY 30/12/2024 - moved 6 animals from property ID 1466 (farm) to property ID 758 (feedlot)
59,1470,1147,DAY 30/12/2024 - moved 4 animals from property ID 1470 (farm) to property ID 1147 (farm)
59,1479,433,DAY 30/12/2024 - moved 46 animals from property ID 1479 (trader) to property ID 433 (farm)
59,1501,1409,DAY 30/12/2024 - moved 3 animals from property ID 1501 (farm) to property ID 1409 (farm)
59,1548,1448,DAY 30/12/2024 - moved 4 animals from property ID 1548 (farm) to property ID 1448 (farm)
59,1579,1301,DAY 30/12/2024 - moved 3 animals from property ID 1579 (farm) to property ID 1301 (saleyard)
59,1650,782,DAY 30/12/2024 - moved 2 animals from property ID 1650 (farm) to property ID 782 (trader)
59,1676,1877,DAY 30/12/2024 - moved 6 animals from property ID 1676 (farm) to property ID 1877 (farm)
59,1692,1558,DAY 30/12/2024 - moved 3 animals from property ID 1692 (farm) to property ID 1558 (farm)
59,1710,866,DAY 30/12/2024 - moved 6 animals from property ID 1710 (farm) to property ID 866 (feedlot)
59,1711,1856,DAY 30/12/2024 - moved 5 animals from property ID 1711 (farm) to property ID 1856 (farm)
59,1715,1301,DAY 30/12/2024 - moved 5 animals from property ID 1715 (farm) to property ID 1301 (saleyard)
59,1718,21,DAY 30/12/2024 - moved 5 animals from property ID 1718 (farm) to property ID 21 (farm)
59,1722,194,DAY 30/12/2024 - moved 26 animals from property ID 1722 (farm) to property ID 194 (farm)
59,1727,1823,DAY 30/12/2024 - moved 2 animals from property ID 1727 (farm) to property ID 1823 (trader)
59,1731,1666,DAY 30/12/2024 - moved 7 animals from property ID 1731 (farm) to property ID 1666 (feedlot)
59,1743,1910,DAY 30/12/2024 - moved 10 animals from property ID 1743 (farm) to property ID 1910 (farm)
59,1759,1738,DAY 30/12/2024 - moved 9 animals from property ID 1759 (farm) to property ID 1738 (farm)
59,1783,1301,DAY 30/12/2024 - moved 4 animals from property ID 1783 (farm) to property ID 1301 (saleyard)
59,1785,214,DAY 30/12/2024 - moved 56 animals from property ID 1785 (farm) to property ID 214 (farm)
59,1799,1666,DAY 30/12/2024 - moved 15 animals from property ID 1799 (farm) to property ID 1666 (feedlot)
59,1823,1301,DAY 30/12/2024 - moved 19 animals from property ID 1823 (trader) to property ID 1301 (saleyard)
59,1823,867,DAY 30/12/2024 - moved 20 animals from property ID 1823 (trader) to property ID 867 (feedlot)
59,1827,415,DAY 30/12/2024 - moved 17 animals from property ID 1827 (farm) to property ID 415 (trader)
59,1866,1666,DAY 30/12/2024 - moved 15 animals from property ID 1866 (farm) to property ID 1666 (feedlot)
59,1872,1082,DAY 30/12/2024 - moved 13 animals from property ID 1872 (farm) to property ID 1082 (farm)
59,1883,1569,DAY 30/12/2024 - moved 2 animals from property ID 1883 (farm) to property ID 1569 (farm)
59,1899,188,DAY 30/12/2024 - moved 4 animals from property ID 1899 (farm) to property ID 188 (feedlot)
59,1902,7,DAY 30/12/2024 - moved 1 animals from property ID 1902 (farm) to property ID 7 (farm)
59,1905,288,DAY 30/12/2024 - moved 4 animals from property ID 1905 (farm) to property ID 288 (farm)
59,1919,1371,DAY 30/12/2024 - moved 3 animals from property ID 1919 (farm) to property ID 1371 (farm)
59,1941,1666,DAY 30/12/2024 - moved 4 animals from property ID 1941 (farm) to property ID 1666 (feedlot)
59,1975,867,DAY 30/12/2024 - moved 1 animals from property ID 1975 (farm) to property ID 867 (feedlot)
59,1981,1346,DAY 30/12/2024 - moved 28 animals from property ID 1981 (farm) to property ID 1346 (farm)
59,1984,1147,DAY 30/12/2024 - moved 2 animals from property ID 1984 (farm) to property ID 1147 (farm)
59,1992,1110,DAY 30/12/2024 - moved 6 animals from property ID 1992 (farm) to property ID 1110 (feedlot)
59,1993,1301,DAY 30/12/2024 - moved 4 animals from property ID 1993 (farm) to property ID 1301 (saleyard)
60,5,1324,DAY 31/12/2024 - moved 7 animals from property ID 5 (farm) to property ID 1324 (farm)
60,54,1479,DAY 31/12/2024 - moved 6 animals from property ID 54 (farm) to property ID 1479 (trader)
60,92,213,DAY 31/12/2024 - moved 13 animals from property ID 92 (trader) to property ID 213 (farm)
60,92,866,DAY 31/12/2024 - moved 13 animals from property ID 92 (trader) to property ID 866 (feedlot)
60,92,866,DAY 31/12/2024 - moved 13 animals from property ID 92 (trader) to property ID 866 (feedlot)
60,93,1273,DAY 31/12/2024 - moved 3 animals from property ID 93 (farm) to property ID 1273 (trader)
60,166,424,DAY 31/12/2024 - moved 9 animals from property ID 166 (farm) to property ID 424 (farm)
60,216,1499,DAY 31/12/2024 - moved 2 animals from property ID 216 (farm) to property ID 1499 (farm)
60,226,782,DAY 31/12/2024 - moved 17 animals from property ID 226 (farm) to property ID 782 (trader)
60,247,92,DAY 31/12/2024 - moved 9 animals from property ID 247 (farm) to property ID 92 (trader)
60,255,1301,DAY 31/12/2024 - moved 8 animals from property ID 255 (farm) to property ID 1301 (saleyard)
60,265,524,DAY 31/12/2024 - moved 14 animals from property ID 265 (farm) to property ID 524 (feedlot)
60,279,651,DAY 31/12/2024 - moved 1 animals from property ID 279 (farm) to property ID 651 (farm)
60,325,1479,DAY 31/12/2024 - moved 16 animals from property ID 325 (farm) to property ID 1479 (trader)
60,368,189,DAY 31/12/2024 - moved 6 animals from property ID 368 (farm) to property ID 189 (saleyard)
60,372,1574,DAY 31/12/2024 - moved 2 animals from property ID 372 (farm) to property ID 1574 (farm)
60,405,1301,DAY 31/12/2024 - moved 16 animals from property ID 405 (farm) to property ID 1301 (saleyard)
60,414,306,DAY 31/12/2024 - moved 1 animals from property ID 414 (farm) to property ID 306 (farm)
60,422,867,DAY 31/12/2024 - moved 5 animals from property ID 422 (farm) to property ID 867 (feedlot)
60,424,822,DAY 31/12/2024 - moved 8 animals from property ID 424 (farm) to property ID 822 (farm)
60,447,275,DAY 31/12/2024 - moved 18 animals from property ID 447 (farm) to property ID 275 (farm)
60,454,700,DAY 31/12/2024 - moved 3 animals from property ID 454 (farm) to property ID 700 (trader)
60,455,700,DAY 31/12/2024 - moved 8 animals from property ID 455 (farm) to property ID 700 (trader)
60,560,524,DAY 31/12/2024 - moved 5 animals from property ID 560 (farm) to property ID 524 (feedlot)
60,580,1823,DAY 31/12/2024 - moved 3 animals from property ID 580 (farm) to property ID 1823 (trader)
60,598,904,DAY 31/12/2024 - moved 8 animals from property ID 598 (farm) to property ID 904 (trader)
60,615,802,DAY 31/12/2024 - moved 3 animals from property ID 615 (farm) to property ID 802 (farm)
60,623,1518,DAY 31/12/2024 - moved 3 animals from property ID 623 (farm) to property ID 1518 (farm)
60,632,189,DAY 31/12/2024 - moved 3 animals from property ID 632 (farm) to property ID 189 (saleyard)
60,633,1119,DAY 31/12/2024 - moved 3 animals from property ID 633 (farm) to property ID 1119 (trader)
60,647,1796,DAY 31/12/2024 - moved 3 animals from property ID 647 (farm) to property ID 1796 (farm)
60,668,1823,DAY 31/12/2024 - moved 7 animals from property ID 668 (farm) to property ID 1823 (trader)
60,694,1360,DAY 31/12/2024 - moved 5 animals from property ID 694 (farm) to property ID 1360 (farm)
60,698,1610,DAY 31/12/2024 - moved 5 animals from property ID 698 (farm) to property ID 1610 (farm)
60,700,1109,DAY 31/12/2024 - moved 13 animals from property ID 700 (trader) to property ID 1109 (feedlot)
60,700,134,DAY 31/12/2024 - moved 12 animals from property ID 700 (trader) to property ID 134 (farm)
60,705,29,DAY 31/12/2024 - moved 7 animals from property ID 705 (farm) to property ID 29 (farm)
60,706,904,DAY 31/12/2024 - moved 3 animals from property ID 706 (farm) to property ID 904 (trader)
60,707,964,DAY 31/12/2024 - moved 1 animals from property ID 707 (farm) to property ID 964 (feedlot)
60,717,964,DAY 31/12/2024 - moved 5 animals from property ID 717 (farm) to property ID 964 (feedlot)
60,718,334,DAY 31/12/2024 - moved 4 animals from property ID 718 (farm) to property ID 334 (farm)
60,719,1422,DAY 31/12/2024 - moved 4 animals from property ID 719 (farm) to property ID 1422 (farm)
60,721,758,DAY 31/12/2024 - moved 10 animals from property ID 721 (farm) to property ID 758 (feedlot)
60,726,1119,DAY 31/12/2024 - moved 2 animals from property ID 726 (farm) to property ID 1119 (trader)
60,782,1080,DAY 31/12/2024 - moved 16 animals from property ID 782 (trader) to property ID 1080 (farm)
60,782,365,DAY 31/12/2024 - moved 15 animals from property ID 782 (trader) to property ID 365 (farm)
60,782,1528,DAY 31/12/2024 - moved 15 animals from property ID 782 (trader) to property ID 1528 (farm)
60,800,1301,DAY 31/12/2024 - moved 5 animals from property ID 800 (farm) to property ID 1301 (saleyard)
60,804,373,DAY 31/12/2024 - moved 2 animals from property ID 804 (farm) to property ID 373 (farm)
60,807,1301,DAY 31/12/2024 - moved 1 animals from property ID 807 (farm) to property ID 1301 (saleyard)
60,818,986,DAY 31/12/2024 - moved 9 animals from property ID 818 (farm) to property ID 986 (farm)
60,824,1127,DAY 31/12/2024 - moved 13 animals from property ID 824 (farm) to property ID 1127 (farm)
60,875,1666,DAY 31/12/2024 - moved 3 animals from property ID 875 (farm) to property ID 1666 (feedlot)
60,892,238,DAY 31/12/2024 - moved 20 animals from property ID 892 (farm) to property ID 238 (farm)
60,893,1542,DAY 31/12/2024 - moved 2 animals from property ID 893 (farm) to property ID 1542 (farm)
60,904,147,DAY 31/12/2024 - moved 12 animals from property ID 904 (trader) to property ID 147 (farm)
60,958,1823,DAY 31/12/2024 - moved 13 animals from property ID 958 (farm) to property ID 1823 (trader)
60,961,1479,DAY 31/12/2024 - moved 10 animals from property ID 961 (farm) to property ID 1479 (trader)
60,965,141,DAY 31/12/2024 - moved 6 animals from property ID 965 (farm) to property ID 141 (farm)
60,967,1870,DAY 31/12/2024 - moved 6 animals from property ID 967 (farm) to property ID 1870 (farm)
60,984,1109,DAY 31/12/2024 - moved 8 animals from property ID 984 (farm) to property ID 1109 (feedlot)
60,1020,1823,DAY 31/12/2024 - moved 18 animals from property ID 1020 (farm) to property ID 1823 (trader)
60,1028,1120,DAY 31/12/2024 - moved 7 animals from property ID 1028 (farm) to property ID 1120 (farm)
60,1069,1109,DAY 31/12/2024 - moved 5 animals from property ID 1069 (farm) to property ID 1109 (feedlot)
60,1078,606,DAY 31/12/2024 - moved 17 animals from property ID 1078 (farm) to property ID 606 (farm)
60,1083,867,DAY 31/12/2024 - moved 1 animals from property ID 1083 (farm) to property ID 867 (feedlot)
60,1084,524,DAY 31/12/2024 - moved 2 animals from property ID 1084 (farm) to property ID 524 (feedlot)
60,1090,189,DAY 31/12/2024 - moved 7 animals from property ID 1090 (farm) to property ID 189 (saleyard)
60,1096,524,DAY 31/12/2024 - moved 9 animals from property ID 1096 (farm) to property ID 524 (feedlot)
60,1097,103,DAY 31/12/2024 - moved 3 animals from property ID 1097 (farm) to property ID 103 (farm)
60,1102,970,DAY 31/12/2024 - moved 3 animals from property ID 1102 (farm) to property ID 970 (farm)
60,1123,993,DAY 31/12/2024 - moved 3 animals from property ID 1123 (farm) to property ID 993 (farm)
60,1135,1942,DAY 31/12/2024 - moved 2 animals from property ID 1135 (farm) to property ID 1942 (farm)
60,1173,449,DAY 31/12/2024 - moved 13 animals from property ID 1173 (farm) to property ID 449 (farm)
60,1181,782,DAY 31/12/2024 - moved 22 animals from property ID 1181 (farm) to property ID 782 (trader)
60,1201,1119,DAY 31/12/2024 - moved 1 animals from property ID 1201 (farm) to property ID 1119 (trader)
60,1211,867,DAY 31/12/2024 - moved 3 animals from property ID 1211 (farm) to property ID 867 (feedlot)
60,1215,1301,DAY 31/12/2024 - moved 3 animals from property ID 1215 (farm) to property ID 1301 (saleyard)
60,1232,621,DAY 31/12/2024 - moved 2 animals from property ID 1232 (farm) to property ID 621 (farm)
60,1236,1303,DAY 31/12/2024 - moved 5 animals from property ID 1236 (farm) to property ID 1303 (farm)
60,1238,1613,DAY 31/12/2024 - moved 28 animals from property ID 1238 (farm) to property ID 1613 (farm)
60,1242,524,DAY 31/12/2024 - moved 4 animals from property ID 1242 (farm) to property ID 524 (feedlot)
60,1251,758,DAY 31/12/2024 - moved 12 animals from property ID 1251 (farm) to property ID 758 (feedlot)
60,1273,145,DAY 31/12/2024 - moved 8 animals from property ID 1273 (trader) to property ID 145 (farm)
60,1273,1170,DAY 31/12/2024 - moved 7 animals from property ID 1273 (trader) to property ID 1170 (farm)
60,1273,1953,DAY 31/12/2024 - moved 7 animals from property ID 1273 (trader) to property ID 1953 (farm)
60,1280,1840,DAY 31/12/2024 - moved 8 animals from property ID 1280 (farm) to property ID 1840 (farm)
60,1294,1301,DAY 31/12/2024 - moved 17 animals from property ID 1294 (farm) to property ID 1301 (saleyard)
60,1296,1110,DAY 31/12/2024 - moved 5 animals from property ID 1296 (farm) to property ID 1110 (feedlot)
60,1301,460,DAY 31/12/2024 - moved 10 animals from property ID 1301 (saleyard) to property ID 460 (farm)
60,1301,867,DAY 31/12/2024 - moved 10 animals from property ID 1301 (saleyard) to property ID 867 (feedlot)
60,1301,1119,DAY 31/12/2024 - moved 11 animals from property ID 1301 (saleyard) to property ID 1119 (trader)
60,1301,867,DAY 31/12/2024 - moved 11 animals from property ID 1301 (saleyard) to property ID 867 (feedlot)
60,1301,415,DAY 31/12/2024 - moved 11 animals from property ID 1301 (saleyard) to property ID 415 (trader)
60,1312,866,DAY 31/12/2024 - moved 14 animals from property ID 1312 (farm) to property ID 866 (feedlot)
60,1323,487,DAY 31/12/2024 - moved 44 animals from property ID 1323 (farm) to property ID 487 (farm)
60,1381,188,DAY 31/12/2024 - moved 13 animals from property ID 1381 (farm) to property ID 188 (feedlot)
60,1425,1109,DAY 31/12/2024 - moved 2 animals from property ID 1425 (farm) to property ID 1109 (feedlot)
60,1438,1817,DAY 31/12/2024 - moved 4 animals from property ID 1438 (farm) to property ID 1817 (farm)
60,1446,782,DAY 31/12/2024 - moved 5 animals from property ID 1446 (farm) to property ID 782 (trader)
60,1461,964,DAY 31/12/2024 - moved 19 animals from property ID 1461 (farm) to property ID 964 (feedlot)
60,1468,1301,DAY 31/12/2024 - moved 3 animals from property ID 1468 (farm) to property ID 1301 (saleyard)
60,1479,1251,DAY 31/12/2024 - moved 47 animals from property ID 1479 (trader) to property ID 1251 (farm)
60,1499,836,DAY 31/12/2024 - moved 5 animals from property ID 1499 (farm) to property ID 836 (farm)
60,1523,92,DAY 31/12/2024 - moved 6 animals from property ID 1523 (farm) to property ID 92 (trader)
60,1528,782,DAY 31/12/2024 - moved 6 animals from property ID 1528 (farm) to property ID 782 (trader)
60,1556,782,DAY 31/12/2024 - moved 11 animals from property ID 1556 (farm) to property ID 782 (trader)
60,1566,40,DAY 31/12/2024 - moved 9 animals from property ID 1566 (farm) to property ID 40 (farm)
60,1578,264,DAY 31/12/2024 - moved 8 animals from property ID 1578 (farm) to property ID 264 (feedlot)
60,1585,1301,DAY 31/12/2024 - moved 2 animals from property ID 1585 (farm) to property ID 1301 (saleyard)
60,1597,1276,DAY 31/12/2024 - moved 3 animals from property ID 1597 (farm) to property ID 1276 (farm)
60,1611,863,DAY 31/12/2024 - moved 5 animals from property ID 1611 (farm) to property ID 863 (farm)
60,1613,799,DAY 31/12/2024 - moved 14 animals from property ID 1613 (farm) to property ID 799 (farm)
60,1618,782,DAY 31/12/2024 - moved 26 animals from property ID 1618 (farm) to property ID 782 (trader)
60,1619,1185,DAY 31/12/2024 - moved 4 animals from property ID 1619 (farm) to property ID 1185 (farm)
60,1638,700,DAY 31/12/2024 - moved 1 animals from property ID 1638 (farm) to property ID 700 (trader)
60,1682,940,DAY 31/12/2024 - moved 3 animals from property ID 1682 (farm) to property ID 940 (farm)
60,1693,340,DAY 31/12/2024 - moved 21 animals from property ID 1693 (farm) to property ID 340 (farm)
60,1702,1823,DAY 31/12/2024 - moved 4 animals from property ID 1702 (farm) to property ID 1823 (trader)
60,1706,189,DAY 31/12/2024 - moved 3 animals from property ID 1706 (farm) to property ID 189 (saleyard)
60,1716,964,DAY 31/12/2024 - moved 3 animals from property ID 1716 (farm) to property ID 964 (feedlot)
60,1796,415,DAY 31/12/2024 - moved 4 animals from property ID 1796 (farm) to property ID 415 (trader)
60,1823,867,DAY 31/12/2024 - moved 12 animals from property ID 1823 (trader) to property ID 867 (feedlot)
60,1823,1289,DAY 31/12/2024 - moved 13 animals from property ID 1823 (trader) to property ID 1289 (farm)
60,1823,1502,DAY 31/12/2024 - moved 13 animals from property ID 1823 (trader) to property ID 1502 (farm)
60,1830,1119,DAY 31/12/2024 - moved 5 animals from property ID 1830 (farm) to property ID 1119 (trader)
60,1847,1273,DAY 31/12/2024 - moved 3 animals from property ID 1847 (farm) to property ID 1273 (trader)
60,1853,1119,DAY 31/12/2024 - moved 14 animals from property ID 1853 (farm) to property ID 1119 (trader)
60,1859,742,DAY 31/12/2024 - moved 26 animals from property ID 1859 (farm) to property ID 742 (farm)
60,1923,1417,DAY 31/12/2024 - moved 16 animals from property ID 1923 (farm) to property ID 1417 (farm)
60,1930,1091,DAY 31/12/2024 - moved 22 animals from property ID 1930 (farm) to property ID 1091 (farm)
60,1939,1931,DAY 31/12/2024 - moved 3 animals from property ID 1939 (farm) to property ID 1931 (farm)
61,20,1479,DAY 01/01/2025 - moved 3 animals from property ID 20 (farm) to property ID 1479 (trader)
61,23,867,DAY 01/01/2025 - moved 3 animals from property ID 23 (farm) to property ID 867 (feedlot)
61,27,867,DAY 01/01/2025 - moved 2 animals from property ID 27 (farm) to property ID 867 (feedlot)
61,46,344,DAY 01/01/2025 - moved 7 animals from property ID 46 (farm) to property ID 344 (farm)
61,52,1574,DAY 01/01/2025 - moved 9 animals from property ID 52 (farm) to property ID 1574 (farm)
61,69,758,DAY 01/01/2025 - moved 16 animals from property ID 69 (farm) to property ID 758 (feedlot)
61,92,1832,DAY 01/01/2025 - moved 11 animals from property ID 92 (trader) to property ID 1832 (farm)
61,92,866,DAY 01/01/2025 - moved 12 animals from property ID 92 (trader) to property ID 866 (feedlot)
61,92,213,DAY 01/01/2025 - moved 12 animals from property ID 92 (trader) to property ID 213 (farm)
61,189,964,DAY 01/01/2025 - moved 19 animals from property ID 189 (saleyard) to property ID 964 (feedlot)
61,189,421,DAY 01/01/2025 - moved 19 animals from property ID 189 (saleyard) to property ID 421 (farm)
61,197,133,DAY 01/01/2025 - moved 10 animals from property ID 197 (farm) to property ID 133 (farm)
61,204,964,DAY 01/01/2025 - moved 13 animals from property ID 204 (farm) to property ID 964 (feedlot)
61,205,1119,DAY 01/01/2025 - moved 4 animals from property ID 205 (farm) to property ID 1119 (trader)
61,208,576,DAY 01/01/2025 - moved 9 animals from property ID 208 (farm) to property ID 576 (farm)
61,231,1479,DAY 01/01/2025 - moved 9 animals from property ID 231 (farm) to property ID 1479 (trader)
61,240,1666,DAY 01/01/2025 - moved 6 animals from property ID 240 (farm) to property ID 1666 (feedlot)
61,263,1207,DAY 01/01/2025 - moved 5 animals from property ID 263 (farm) to property ID 1207 (farm)
61,267,1119,DAY 01/01/2025 - moved 4 animals from property ID 267 (farm) to property ID 1119 (trader)
61,300,918,DAY 01/01/2025 - moved 5 animals from property ID 300 (farm) to property ID 918 (farm)
61,335,25,DAY 01/01/2025 - moved 4 animals from property ID 335 (farm) to property ID 25 (farm)
61,341,1982,DAY 01/01/2025 - moved 11 animals from property ID 341 (farm) to property ID 1982 (farm)
61,346,867,DAY 01/01/2025 - moved 6 animals from property ID 346 (farm) to property ID 867 (feedlot)
61,373,1666,DAY 01/01/2025 - moved 4 animals from property ID 373 (farm) to property ID 1666 (feedlot)
61,378,1479,DAY 01/01/2025 - moved 19 animals from property ID 378 (farm) to property ID 1479 (trader)
61,415,188,DAY 01/01/2025 - moved 17 animals from property ID 415 (trader) to property ID 188 (feedlot)
61,420,1273,DAY 01/01/2025 - moved 1 animals from property ID 420 (farm) to property ID 1273 (trader)
61,452,800,DAY 01/01/2025 - moved 9 animals from property ID 452 (farm) to property ID 800 (farm)
61,473,1294,DAY 01/01/2025 - moved 5 animals from property ID 473 (farm) to property ID 1294 (farm)
61,531,782,DAY 01/01/2025 - moved 6 animals from property ID 531 (farm) to property ID 782 (trader)
61,545,1479,DAY 01/01/2025 - moved 12 animals from property ID 545 (farm) to property ID 1479 (trader)
61,574,1343,DAY 01/01/2025 - moved 11 animals from property ID 574 (farm) to property ID 1343 (farm)
61,578,1008,DAY 01/01/2025 - moved 6 animals from property ID 578 (farm) to property ID 1008 (farm)
61,613,867,DAY 01/01/2025 - moved 2 animals from property ID 613 (farm) to property ID 867 (feedlot)
61,639,866,DAY 01/01/2025 - moved 76 animals from property ID 639 (farm) to property ID 866 (feedlot)
61,649,782,DAY 01/01/2025 - moved 3 animals from property ID 649 (farm) to property ID 782 (trader)
61,659,1301,DAY 01/01/2025 - moved 5 animals from property ID 659 (farm) to property ID 1301 (saleyard)
61,663,904,DAY 01/01/2025 - moved 5 animals from property ID 663 (farm) to property ID 904 (trader)
61,670,108,DAY 01/01/2025 - moved 1 animals from property ID 670 (farm) to property ID 108 (farm)
61,678,1353,DAY 01/01/2025 - moved 52 animals from property ID 678 (farm) to property ID 1353 (farm)
61,680,152,DAY 01/01/2025 - moved 24 animals from property ID 680 (farm) to property ID 152 (farm)
61,682,1859,DAY 01/01/2025 - moved 21 animals from property ID 682 (farm) to property ID 1859 (farm)
61,700,524,DAY 01/01/2025 - moved 7 animals from property ID 700 (trader) to property ID 524 (feedlot)
61,700,882,DAY 01/01/2025 - moved 8 animals from property ID 700 (trader) to property ID 882 (farm)
61,700,524,DAY 01/01/2025 - moved 8 animals from property ID 700 (trader) to property ID 524 (feedlot)
61,702,458,DAY 01/01/2025 - moved 16 animals from property ID 702 (farm) to property ID 458 (abbattoir)
61,703,700,DAY 01/01/2025 - moved 3 animals from property ID 703 (farm) to property ID 700 (trader)
61,713,1527,DAY 01/01/2025 - moved 17 animals from property ID 713 (farm) to property ID 1527 (farm)
61,725,264,DAY 01/01/2025 - moved 3 animals from property ID 725 (farm) to property ID 264 (feedlot)
61,773,92,DAY 01/01/2025 - moved 2 animals from property ID 773 (farm) to property ID 92 (trader)
61,782,412,DAY 01/01/2025 - moved 54 animals from property ID 782 (trader) to property ID 412 (farm)
61,788,1957,DAY 01/01/2025 - moved 4 animals from property ID 788 (farm) to property ID 1957 (farm)
61,810,161,DAY 01/01/2025 - moved 5 animals from property ID 810 (farm) to property ID 161 (farm)
61,835,620,DAY 01/01/2025 - moved 14 animals from property ID 835 (farm) to property ID 620 (farm)
61,841,377,DAY 01/01/2025 - moved 2 animals from property ID 841 (farm) to property ID 377 (farm)
61,854,1479,DAY 01/01/2025 - moved 6 animals from property ID 854 (farm) to property ID 1479 (trader)
61,870,700,DAY 01/01/2025 - moved 5 animals from property ID 870 (farm) to property ID 700 (trader)
61,902,964,DAY 01/01/2025 - moved 5 animals from property ID 902 (farm) to property ID 964 (feedlot)
61,904,264,DAY 01/01/2025 - moved 4 animals from property ID 904 (trader) to property ID 264 (feedlot)
61,904,1110,DAY 01/01/2025 - moved 4 animals from property ID 904 (trader) to property ID 1110 (feedlot)
61,904,264,DAY 01/01/2025 - moved 4 animals from property ID 904 (trader) to property ID 264 (feedlot)
61,905,578,DAY 01/01/2025 - moved 17 animals from property ID 905 (farm) to property ID 578 (farm)
61,921,1301,DAY 01/01/2025 - moved 11 animals from property ID 921 (farm) to property ID 1301 (saleyard)
61,923,964,DAY 01/01/2025 - moved 9 animals from property ID 923 (farm) to property ID 964 (feedlot)
61,952,758,DAY 01/01/2025 - moved 4 animals from property ID 952 (farm) to property ID 758 (feedlot)
61,992,1241,DAY 01/01/2025 - moved 2 animals from property ID 992 (farm) to property ID 1241 (farm)
61,1001,1666,DAY 01/01/2025 - moved 8 animals from property ID 1001 (farm) to property ID 1666 (feedlot)
61,1103,1273,DAY 01/01/2025 - moved 3 animals from property ID 1103 (farm) to property ID 1273 (trader)
61,1119,665,DAY 01/01/2025 - moved 24 animals from property ID 1119 (trader) to property ID 665 (farm)
61,1137,942,DAY 01/01/2025 - moved 7 animals from property ID 1137 (farm) to property ID 942 (farm)
61,1149,964,DAY 01/01/2025 - moved 7 animals from property ID 1149 (farm) to property ID 964 (feedlot)
61,1160,846,DAY 01/01/2025 - moved 7 animals from property ID 1160 (farm) to property ID 846 (farm)
61,1166,415,DAY 01/01/2025 - moved 16 animals from property ID 1166 (farm) to property ID 415 (trader)
61,1179,1941,DAY 01/01/2025 - moved 5 animals from property ID 1179 (farm) to property ID 1941 (farm)
61,1197,92,DAY 01/01/2025 - moved 3 animals from property ID 1197 (farm) to property ID 92 (trader)
61,1200,458,DAY 01/01/2025 - moved 20 animals from property ID 1200 (farm) to property ID 458 (abbattoir)
61,1202,1491,DAY 01/01/2025 - moved 5 animals from property ID 1202 (farm) to property ID 1491 (farm)
61,1203,496,DAY 01/01/2025 - moved 13 animals from property ID 1203 (farm) to property ID 496 (farm)
61,1273,1068,DAY 01/01/2025 - moved 7 animals from property ID 1273 (trader) to property ID 1068 (farm)
61,1273,1226,DAY 01/01/2025 - moved 6 animals from property ID 1273 (trader) to property ID 1226 (farm)
61,1273,1881,DAY 01/01/2025 - moved 6 animals from property ID 1273 (trader) to property ID 1881 (farm)
61,1301,1608,DAY 01/01/2025 - moved 17 animals from property ID 1301 (saleyard) to property ID 1608 (farm)
61,1301,640,DAY 01/01/2025 - moved 18 animals from property ID 1301 (saleyard) to property ID 640 (farm)
61,1301,867,DAY 01/01/2025 - moved 18 animals from property ID 1301 (saleyard) to property ID 867 (feedlot)
61,1304,1839,DAY 01/01/2025 - moved 2 animals from property ID 1304 (farm) to property ID 1839 (farm)
61,1313,1273,DAY 01/01/2025 - moved 15 animals from property ID 1313 (farm) to property ID 1273 (trader)
61,1314,524,DAY 01/01/2025 - moved 4 animals from property ID 1314 (farm) to property ID 524 (feedlot)
61,1318,1273,DAY 01/01/2025 - moved 2 animals from property ID 1318 (farm) to property ID 1273 (trader)
61,1333,1677,DAY 01/01/2025 - moved 3 animals from property ID 1333 (farm) to property ID 1677 (farm)
61,1388,1990,DAY 01/01/2025 - moved 15 animals from property ID 1388 (farm) to property ID 1990 (farm)
61,1390,1273,DAY 01/01/2025 - moved 4 animals from property ID 1390 (farm) to property ID 1273 (trader)
61,1395,867,DAY 01/01/2025 - moved 8 animals from property ID 1395 (farm) to property ID 867 (feedlot)
61,1421,1823,DAY 01/01/2025 - moved 5 animals from property ID 1421 (farm) to property ID 1823 (trader)
61,1422,789,DAY 01/01/2025 - moved 8 animals from property ID 1422 (farm) to property ID 789 (farm)
61,1427,1301,DAY 01/01/2025 - moved 1 animals from property ID 1427 (farm) to property ID 1301 (saleyard)
61,1479,758,DAY 01/01/2025 - moved 22 animals from property ID 1479 (trader) to property ID 758 (feedlot)
61,1479,502,DAY 01/01/2025 - moved 22 animals from property ID 1479 (trader) to property ID 502 (farm)
61,1497,837,DAY 01/01/2025 - moved 4 animals from property ID 1497 (farm) to property ID 837 (farm)
61,1502,1327,DAY 01/01/2025 - moved 3 animals from property ID 1502 (farm) to property ID 1327 (farm)
61,1503,974,DAY 01/01/2025 - moved 8 animals from property ID 1503 (farm) to property ID 974 (farm)
61,1512,700,DAY 01/01/2025 - moved 2 animals from property ID 1512 (farm) to property ID 700 (trader)
61,1519,758,DAY 01/01/2025 - moved 1 animals from property ID 1519 (farm) to property ID 758 (feedlot)
61,1522,324,DAY 01/01/2025 - moved 4 animals from property ID 1522 (farm) to property ID 324 (farm)
61,1547,758,DAY 01/01/2025 - moved 7 animals from property ID 1547 (farm) to property ID 758 (feedlot)
61,1565,907,DAY 01/01/2025 - moved 2 animals from property ID 1565 (farm) to property ID 907 (farm)
61,1568,524,DAY 01/01/2025 - moved 2 animals from property ID 1568 (farm) to property ID 524 (feedlot)
61,1582,92,DAY 01/01/2025 - moved 3 animals from property ID 1582 (farm) to property ID 92 (trader)
61,1590,1066,DAY 01/01/2025 - moved 5 animals from property ID 1590 (farm) to property ID 1066 (farm)
61,1612,1670,DAY 01/01/2025 - moved 4 animals from property ID 1612 (farm) to property ID 1670 (farm)
61,1615,335,DAY 01/01/2025 - moved 5 animals from property ID 1615 (farm) to property ID 335 (farm)
61,1620,621,DAY 01/01/2025 - moved 2 animals from property ID 1620 (farm) to property ID 621 (farm)
61,1624,782,DAY 01/01/2025 - moved 42 animals from property ID 1624 (farm) to property ID 782 (trader)
61,1668,866,DAY 01/01/2025 - moved 28 animals from property ID 1668 (farm) to property ID 866 (feedlot)
61,1671,1441,DAY 01/01/2025 - moved 11 animals from property ID 1671 (farm) to property ID 1441 (farm)
61,1691,1948,DAY 01/01/2025 - moved 4 animals from property ID 1691 (farm) to property ID 1948 (farm)
61,1695,524,DAY 01/01/2025 - moved 8 animals from property ID 1695 (farm) to property ID 524 (feedlot)
61,1700,402,DAY 01/01/2025 - moved 4 animals from property ID 1700 (farm) to property ID 402 (farm)
61,1701,424,DAY 01/01/2025 - moved 4 animals from property ID 1701 (farm) to property ID 424 (farm)
61,1719,782,DAY 01/01/2025 - moved 3 animals from property ID 1719 (farm) to property ID 782 (trader)
61,1720,92,DAY 01/01/2025 - moved 2 animals from property ID 1720 (farm) to property ID 92 (trader)
61,1773,1666,DAY 01/01/2025 - moved 5 animals from property ID 1773 (farm) to property ID 1666 (feedlot)
61,1806,194,DAY 01/01/2025 - moved 6 animals from property ID 1806 (farm) to property ID 194 (farm)
61,1810,92,DAY 01/01/2025 - moved 7 animals from property ID 1810 (farm) to property ID 92 (trader)
61,1819,933,DAY 01/01/2025 - moved 2 animals from property ID 1819 (farm) to property ID 933 (farm)
61,1823,886,DAY 01/01/2025 - moved 13 animals from property ID 1823 (trader) to property ID 886 (farm)
61,1823,867,DAY 01/01/2025 - moved 13 animals from property ID 1823 (trader) to property ID 867 (feedlot)
61,1823,1301,DAY 01/01/2025 - moved 13 animals from property ID 1823 (trader) to property ID 1301 (saleyard)
61,1826,1488,DAY 01/01/2025 - moved 6 animals from property ID 1826 (farm) to property ID 1488 (farm)
61,1854,188,DAY 01/01/2025 - moved 5 animals from property ID 1854 (farm) to property ID 188 (feedlot)
61,1884,1956,DAY 01/01/2025 - moved 5 animals from property ID 1884 (farm) to property ID 1956 (farm)
61,1896,374,DAY 01/01/2025 - moved 3 animals from property ID 1896 (farm) to property ID 374 (farm)
61,1918,705,DAY 01/01/2025 - moved 16 animals from property ID 1918 (farm) to property ID 705 (farm)
61,1927,866,DAY 01/01/2025 - moved 6 animals from property ID 1927 (farm) to property ID 866 (feedlot)
61,1932,782,DAY 01/01/2025 - moved 10 animals from property ID 1932 (farm) to property ID 782 (trader)
61,1933,782,DAY 01/01/2025 - moved 16 animals from property ID 1933 (farm) to property ID 782 (trader)
61,1945,584,DAY 01/01/2025 - moved 41 animals from property ID 1945 (farm) to property ID 584 (farm)
61,1953,524,DAY 01/01/2025 - moved 5 animals from property ID 1953 (farm) to property ID 524 (feedlot)
61,1980,631,DAY 01/01/2025 - moved 4 animals from property ID 1980 (farm) to property ID 631 (farm)
61,1989,1301,DAY 01/01/2025 - moved 1 animals from property ID 1989 (farm) to property ID 1301 (saleyard)
61,1998,477,DAY 01/01/2025 - moved 7 animals from property ID 1998 (farm) to property ID 477 (farm)
62,40,867,DAY 02/01/2025 - moved 5 animals from property ID 40 (farm) to property ID 867 (feedlot)
62,43,867,DAY 02/01/2025 - moved 3 animals from property ID 43 (farm) to property ID 867 (feedlot)
62,58,1301,DAY 02/01/2025 - moved 3 animals from property ID 58 (farm) to property ID 1301 (saleyard)
62,77,598,DAY 02/01/2025 - moved 7 animals from property ID 77 (farm) to property ID 598 (farm)
62,80,264,DAY 02/01/2025 - moved 1 animals from property ID 80 (farm) to property ID 264 (feedlot)
62,92,1666,DAY 02/01/2025 - moved 31 animals from property ID 92 (trader) to property ID 1666 (feedlot)
62,100,867,DAY 02/01/2025 - moved 5 animals from property ID 100 (farm) to property ID 867 (feedlot)
62,105,1666,DAY 02/01/2025 - moved 11 animals from property ID 105 (farm) to property ID 1666 (feedlot)
62,111,964,DAY 02/01/2025 - moved 4 animals from property ID 111 (farm) to property ID 964 (feedlot)
62,118,1479,DAY 02/01/2025 - moved 8 animals from property ID 118 (farm) to property ID 1479 (trader)
62,126,1907,DAY 02/01/2025 - moved 3 animals from property ID 126 (farm) to property ID 1907 (feedlot)
62,130,1823,DAY 02/01/2025 - moved 5 animals from property ID 130 (farm) to property ID 1823 (trader)
62,141,1823,DAY 02/01/2025 - moved 7 animals from property ID 141 (farm) to property ID 1823 (trader)
62,150,964,DAY 02/01/2025 - moved 17 animals from property ID 150 (farm) to property ID 964 (feedlot)
62,171,1927,DAY 02/01/2025 - moved 10 animals from property ID 171 (farm) to property ID 1927 (farm)
62,179,189,DAY 02/01/2025 - moved 5 animals from property ID 179 (farm) to property ID 189 (saleyard)
62,230,911,DAY 02/01/2025 - moved 7 animals from property ID 230 (farm) to property ID 911 (farm)
62,241,188,DAY 02/01/2025 - moved 1 animals from property ID 241 (farm) to property ID 188 (feedlot)
62,266,1479,DAY 02/01/2025 - moved 2 animals from property ID 266 (farm) to property ID 1479 (trader)
62,286,1973,DAY 02/01/2025 - moved 9 animals from property ID 286 (farm) to property ID 1973 (farm)
62,296,1521,DAY 02/01/2025 - moved 18 animals from property ID 296 (farm) to property ID 1521 (farm)
62,301,1823,DAY 02/01/2025 - moved 4 animals from property ID 301 (farm) to property ID 1823 (trader)
62,302,1273,DAY 02/01/2025 - moved 3 animals from property ID 302 (farm) to property ID 1273 (trader)
62,311,1119,DAY 02/01/2025 - moved 2 animals from property ID 311 (farm) to property ID 1119 (trader)
62,357,188,DAY 02/01/2025 - moved 1 animals from property ID 357 (farm) to property ID 188 (feedlot)
62,385,1479,DAY 02/01/2025 - moved 38 animals from property ID 385 (farm) to property ID 1479 (trader)
62,413,1301,DAY 02/01/2025 - moved 2 animals from property ID 413 (farm) to property ID 1301 (saleyard)
62,415,946,DAY 02/01/2025 - moved 9 animals from property ID 415 (trader) to property ID 946 (farm)
62,415,1119,DAY 02/01/2025 - moved 8 animals from property ID 415 (trader) to property ID 1119 (trader)
62,433,758,DAY 02/01/2025 - moved 9 animals from property ID 433 (farm) to property ID 758 (feedlot)
62,457,693,DAY 02/01/2025 - moved 4 animals from property ID 457 (farm) to property ID 693 (farm)
62,477,541,DAY 02/01/2025 - moved 6 animals from property ID 477 (farm) to property ID 541 (farm)
62,478,904,DAY 02/01/2025 - moved 5 animals from property ID 478 (farm) to property ID 904 (trader)
62,492,1907,DAY 02/01/2025 - moved 10 animals from property ID 492 (farm) to property ID 1907 (feedlot)
62,494,188,DAY 02/01/2025 - moved 6 animals from property ID 494 (farm) to property ID 188 (feedlot)
62,495,1566,DAY 02/01/2025 - moved 3 animals from property ID 495 (farm) to property ID 1566 (farm)
62,496,758,DAY 02/01/2025 - moved 5 animals from property ID 496 (farm) to property ID 758 (feedlot)
62,506,904,DAY 02/01/2025 - moved 1 animals from property ID 506 (farm) to property ID 904 (trader)
62,518,524,DAY 02/01/2025 - moved 4 animals from property ID 518 (farm) to property ID 524 (feedlot)
62,527,1445,DAY 02/01/2025 - moved 3 animals from property ID 527 (farm) to property ID 1445 (farm)
62,530,700,DAY 02/01/2025 - moved 5 animals from property ID 530 (farm) to property ID 700 (trader)
62,535,866,DAY 02/01/2025 - moved 37 animals from property ID 535 (farm) to property ID 866 (feedlot)
62,536,782,DAY 02/01/2025 - moved 24 animals from property ID 536 (farm) to property ID 782 (trader)
62,540,1340,DAY 02/01/2025 - moved 7 animals from property ID 540 (farm) to property ID 1340 (farm)
62,544,867,DAY 02/01/2025 - moved 1 animals from property ID 544 (farm) to property ID 867 (feedlot)
62,548,1479,DAY 02/01/2025 - moved 12 animals from property ID 548 (farm) to property ID 1479 (trader)
62,552,1119,DAY 02/01/2025 - moved 1 animals from property ID 552 (farm) to property ID 1119 (trader)
62,554,595,DAY 02/01/2025 - moved 6 animals from property ID 554 (farm) to property ID 595 (farm)
62,567,1301,DAY 02/01/2025 - moved 4 animals from property ID 567 (farm) to property ID 1301 (saleyard)
62,568,395,DAY 02/01/2025 - moved 8 animals from property ID 568 (farm) to property ID 395 (farm)
62,626,458,DAY 02/01/2025 - moved 25 animals from property ID 626 (farm) to property ID 458 (abbattoir)
62,627,92,DAY 02/01/2025 - moved 7 animals from property ID 627 (farm) to property ID 92 (trader)
62,646,263,DAY 02/01/2025 - moved 10 animals from property ID 646 (farm) to property ID 263 (farm)
62,648,1823,DAY 02/01/2025 - moved 4 animals from property ID 648 (farm) to property ID 1823 (trader)
62,654,1479,DAY 02/01/2025 - moved 8 animals from property ID 654 (farm) to property ID 1479 (trader)
62,666,782,DAY 02/01/2025 - moved 27 animals from property ID 666 (farm) to property ID 782 (trader)
62,722,562,DAY 02/01/2025 - moved 25 animals from property ID 722 (farm) to property ID 562 (farm)
62,730,1907,DAY 02/01/2025 - moved 14 animals from property ID 730 (farm) to property ID 1907 (feedlot)
62,748,731,DAY 02/01/2025 - moved 3 animals from property ID 748 (farm) to property ID 731 (farm)
62,751,1998,DAY 02/01/2025 - moved 5 animals from property ID 751 (farm) to property ID 1998 (farm)
62,765,230,DAY 02/01/2025 - moved 5 animals from property ID 765 (farm) to property ID 230 (farm)
62,782,60,DAY 02/01/2025 - moved 59 animals from property ID 782 (trader) to property ID 60 (farm)
62,790,1119,DAY 02/01/2025 - moved 2 animals from property ID 790 (farm) to property ID 1119 (trader)
62,802,1119,DAY 02/01/2025 - moved 3 animals from property ID 802 (farm) to property ID 1119 (trader)
62,808,1681,DAY 02/01/2025 - moved 4 animals from property ID 808 (farm) to property ID 1681 (farm)
62,834,1301,DAY 02/01/2025 - moved 3 animals from property ID 834 (farm) to property ID 1301 (saleyard)
62,838,137,DAY 02/01/2025 - moved 6 animals from property ID 838 (farm) to property ID 137 (farm)
62,843,1301,DAY 02/01/2025 - moved 4 animals from property ID 843 (farm) to property ID 1301 (saleyard)
62,860,714,DAY 02/01/2025 - moved 22 animals from property ID 860 (farm) to property ID 714 (farm)
62,904,700,DAY 02/01/2025 - moved 11 animals from property ID 904 (trader) to property ID 700 (trader)
62,916,1921,DAY 02/01/2025 - moved 3 animals from property ID 916 (farm) to property ID 1921 (farm)
62,933,1110,DAY 02/01/2025 - moved 7 animals from property ID 933 (farm) to property ID 1110 (feedlot)
62,942,651,DAY 02/01/2025 - moved 3 animals from property ID 942 (farm) to property ID 651 (farm)
62,960,1301,DAY 02/01/2025 - moved 9 animals from property ID 960 (farm) to property ID 1301 (saleyard)
62,980,782,DAY 02/01/2025 - moved 14 animals from property ID 980 (farm) to property ID 782 (trader)
62,989,1479,DAY 02/01/2025 - moved 13 animals from property ID 989 (farm) to property ID 1479 (trader)
62,1076,1226,DAY 02/01/2025 - moved 3 animals from property ID 1076 (farm) to property ID 1226 (farm)
62,1077,782,DAY 02/01/2025 - moved 7 animals from property ID 1077 (farm) to property ID 782 (trader)
62,1082,967,DAY 02/01/2025 - moved 6 animals from property ID 1082 (farm) to property ID 967 (farm)
62,1092,427,DAY 02/01/2025 - moved 15 animals from property ID 1092 (farm) to property ID 427 (farm)
62,1094,1219,DAY 02/01/2025 - moved 2 animals from property ID 1094 (farm) to property ID 1219 (farm)
62,1111,1682,DAY 02/01/2025 - moved 21 animals from property ID 1111 (farm) to property ID 1682 (farm)
62,1119,108,DAY 02/01/2025 - moved 11 animals from property ID 1119 (trader) to property ID 108 (farm)
62,1119,867,DAY 02/01/2025 - moved 10 animals from property ID 1119 (trader) to property ID 867 (feedlot)
62,1125,867,DAY 02/01/2025 - moved 3 animals from property ID 1125 (farm) to property ID 867 (feedlot)
62,1141,1273,DAY 02/01/2025 - moved 2 animals from property ID 1141 (farm) to property ID 1273 (trader)
62,1144,1479,DAY 02/01/2025 - moved 24 animals from property ID 1144 (farm) to property ID 1479 (trader)
62,1165,866,DAY 02/01/2025 - moved 13 animals from property ID 1165 (farm) to property ID 866 (feedlot)
62,1185,383,DAY 02/01/2025 - moved 8 animals from property ID 1185 (farm) to property ID 383 (farm)
62,1223,1622,DAY 02/01/2025 - moved 4 animals from property ID 1223 (farm) to property ID 1622 (farm)
62,1224,173,DAY 02/01/2025 - moved 11 animals from property ID 1224 (farm) to property ID 173 (farm)
62,1256,867,DAY 02/01/2025 - moved 3 animals from property ID 1256 (farm) to property ID 867 (feedlot)
62,1273,830,DAY 02/01/2025 - moved 10 animals from property ID 1273 (trader) to property ID 830 (farm)
62,1273,970,DAY 02/01/2025 - moved 10 animals from property ID 1273 (trader) to property ID 970 (farm)
62,1301,684,DAY 02/01/2025 - moved 13 animals from property ID 1301 (saleyard) to property ID 684 (farm)
62,1301,867,DAY 02/01/2025 - moved 12 animals from property ID 1301 (saleyard) to property ID 867 (feedlot)
62,1301,867,DAY 02/01/2025 - moved 12 animals from property ID 1301 (saleyard) to property ID 867 (feedlot)
62,1301,1560,DAY 02/01/2025 - moved 12 animals from property ID 1301 (saleyard) to property ID 1560 (farm)
62,1306,1823,DAY 02/01/2025 - moved 9 animals from property ID 1306 (farm) to property ID 1823 (trader)
62,1326,92,DAY 02/01/2025 - moved 1 animals from property ID 1326 (farm) to property ID 92 (trader)
62,1327,867,DAY 02/01/2025 - moved 3 animals from property ID 1327 (farm) to property ID 867 (feedlot)
62,1337,189,DAY 02/01/2025 - moved 5 animals from property ID 1337 (farm) to property ID 189 (saleyard)
62,1353,678,DAY 02/01/2025 - moved 50 animals from property ID 1353 (farm) to property ID 678 (farm)
62,1362,306,DAY 02/01/2025 - moved 6 animals from property ID 1362 (farm) to property ID 306 (farm)
62,1377,1273,DAY 02/01/2025 - moved 8 animals from property ID 1377 (farm) to property ID 1273 (trader)
62,1397,1172,DAY 02/01/2025 - moved 3 animals from property ID 1397 (farm) to property ID 1172 (farm)
62,1445,700,DAY 02/01/2025 - moved 16 animals from property ID 1445 (farm) to property ID 700 (trader)
62,1454,782,DAY 02/01/2025 - moved 26 animals from property ID 1454 (farm) to property ID 782 (trader)
62,1471,1273,DAY 02/01/2025 - moved 3 animals from property ID 1471 (farm) to property ID 1273 (trader)
62,1479,344,DAY 02/01/2025 - moved 23 animals from property ID 1479 (trader) to property ID 344 (farm)
62,1479,758,DAY 02/01/2025 - moved 22 animals from property ID 1479 (trader) to property ID 758 (feedlot)
62,1496,914,DAY 02/01/2025 - moved 3 animals from property ID 1496 (farm) to property ID 914 (farm)
62,1518,102,DAY 02/01/2025 - moved 8 animals from property ID 1518 (farm) to property ID 102 (farm)
62,1545,39,DAY 02/01/2025 - moved 3 animals from property ID 1545 (farm) to property ID 39 (farm)
62,1558,866,DAY 02/01/2025 - moved 8 animals from property ID 1558 (farm) to property ID 866 (feedlot)
62,1581,1109,DAY 02/01/2025 - moved 4 animals from property ID 1581 (farm) to property ID 1109 (feedlot)
62,1628,758,DAY 02/01/2025 - moved 2 animals from property ID 1628 (farm) to property ID 758 (feedlot)
62,1642,566,DAY 02/01/2025 - moved 2 animals from property ID 1642 (farm) to property ID 566 (farm)
62,1647,779,DAY 02/01/2025 - moved 21 animals from property ID 1647 (farm) to property ID 779 (farm)
62,1699,1479,DAY 02/01/2025 - moved 8 animals from property ID 1699 (farm) to property ID 1479 (trader)
62,1709,188,DAY 02/01/2025 - moved 27 animals from property ID 1709 (farm) to property ID 188 (feedlot)
62,1725,1666,DAY 02/01/2025 - moved 1 animals from property ID 1725 (farm) to property ID 1666 (feedlot)
62,1740,1903,DAY 02/01/2025 - moved 8 animals from property ID 1740 (farm) to property ID 1903 (farm)
62,1746,758,DAY 02/01/2025 - moved 13 animals from property ID 1746 (farm) to property ID 758 (feedlot)
62,1766,1642,DAY 02/01/2025 - moved 5 animals from property ID 1766 (farm) to property ID 1642 (farm)
62,1776,1823,DAY 02/01/2025 - moved 17 animals from property ID 1776 (farm) to property ID 1823 (trader)
62,1789,1273,DAY 02/01/2025 - moved 5 animals from property ID 1789 (farm) to property ID 1273 (trader)
62,1790,1823,DAY 02/01/2025 - moved 3 animals from property ID 1790 (farm) to property ID 1823 (trader)
62,1793,1666,DAY 02/01/2025 - moved 9 animals from property ID 1793 (farm) to property ID 1666 (feedlot)
62,1797,867,DAY 02/01/2025 - moved 5 animals from property ID 1797 (farm) to property ID 867 (feedlot)
62,1800,1160,DAY 02/01/2025 - moved 26 animals from property ID 1800 (farm) to property ID 1160 (farm)
62,1803,866,DAY 02/01/2025 - moved 19 animals from property ID 1803 (farm) to property ID 866 (feedlot)
62,1804,24,DAY 02/01/2025 - moved 15 animals from property ID 1804 (farm) to property ID 24 (farm)
62,1807,1098,DAY 02/01/2025 - moved 11 animals from property ID 1807 (farm) to property ID 1098 (farm)
62,1851,866,DAY 02/01/2025 - moved 4 animals from property ID 1851 (farm) to property ID 866 (feedlot)
62,1875,174,DAY 02/01/2025 - moved 25 animals from property ID 1875 (farm) to property ID 174 (farm)
62,1920,782,DAY 02/01/2025 - moved 4 animals from property ID 1920 (farm) to property ID 782 (trader)
62,1943,758,DAY 02/01/2025 - moved 7 animals from property ID 1943 (farm) to property ID 758 (feedlot)
62,1957,1794,DAY 02/01/2025 - moved 3 animals from property ID 1957 (farm) to property ID 1794 (farm)
62,1963,420,DAY 02/01/2025 - moved 2 animals from property ID 1963 (farm) to property ID 420 (farm)
62,1986,1907,DAY 02/01/2025 - moved 8 animals from property ID 1986 (farm) to property ID 1907 (feedlot)
63,1,1068,DAY 03/01/2025 - moved 9 animals from property ID 1 (farm) to property ID 1068 (farm)
63,9,1273,DAY 03/01/2025 - moved 7 animals from property ID 9 (farm) to property ID 1273 (trader)
63,14,846,DAY 03/01/2025 - moved 8 animals from property ID 14 (farm) to property ID 846 (farm)
63,35,1212,DAY 03/01/2025 - moved 2 animals from property ID 35 (farm) to property ID 1212 (farm)
63,109,142,DAY 03/01/2025 - moved 9 animals from property ID 109 (farm) to property ID 142 (farm)
63,110,1666,DAY 03/01/2025 - moved 6 animals from property ID 110 (farm) to property ID 1666 (feedlot)
63,114,867,DAY 03/01/2025 - moved 5 animals from property ID 114 (farm) to property ID 867 (feedlot)
63,121,867,DAY 03/01/2025 - moved 1 animals from property ID 121 (farm) to property ID 867 (feedlot)
63,132,1109,DAY 03/01/2025 - moved 3 animals from property ID 132 (farm) to property ID 1109 (feedlot)
63,178,1273,DAY 03/01/2025 - moved 7 animals from property ID 178 (farm) to property ID 1273 (trader)
63,189,1507,DAY 03/01/2025 - moved 11 animals from property ID 189 (saleyard) to property ID 1507 (farm)
63,189,964,DAY 03/01/2025 - moved 11 animals from property ID 189 (saleyard) to property ID 964 (feedlot)
63,189,964,DAY 03/01/2025 - moved 11 animals from property ID 189 (saleyard) to property ID 964 (feedlot)
63,207,1110,DAY 03/01/2025 - moved 5 animals from property ID 207 (farm) to property ID 1110 (feedlot)
63,227,867,DAY 03/01/2025 - moved 3 animals from property ID 227 (farm) to property ID 867 (feedlot)
63,254,618,DAY 03/01/2025 - moved 3 animals from property ID 254 (farm) to property ID 618 (farm)
63,268,1479,DAY 03/01/2025 - moved 12 animals from property ID 268 (farm) to property ID 1479 (trader)
63,278,867,DAY 03/01/2025 - moved 15 animals from property ID 278 (farm) to property ID 867 (feedlot)
63,293,866,DAY 03/01/2025 - moved 16 animals from property ID 293 (farm) to property ID 866 (feedlot)
63,306,1823,DAY 03/01/2025 - moved 3 animals from property ID 306 (farm) to property ID 1823 (trader)
63,309,92,DAY 03/01/2025 - moved 8 animals from property ID 309 (farm) to property ID 92 (trader)
63,315,1273,DAY 03/01/2025 - moved 1 animals from property ID 315 (farm) to property ID 1273 (trader)
63,345,458,DAY 03/01/2025 - moved 2 animals from property ID 345 (farm) to property ID 458 (abbattoir)
63,351,433,DAY 03/01/2025 - moved 5 animals from property ID 351 (farm) to property ID 433 (farm)
63,362,867,DAY 03/01/2025 - moved 3 animals from property ID 362 (farm) to property ID 867 (feedlot)
63,369,189,DAY 03/01/2025 - moved 2 animals from property ID 369 (farm) to property ID 189 (saleyard)
63,400,867,DAY 03/01/2025 - moved 9 animals from property ID 400 (farm) to property ID 867 (feedlot)
63,402,1766,DAY 03/01/2025 - moved 3 animals from property ID 402 (farm) to property ID 1766 (farm)
63,403,1183,DAY 03/01/2025 - moved 5 animals from property ID 403 (farm) to property ID 1183 (farm)
63,404,964,DAY 03/01/2025 - moved 21 animals from property ID 404 (farm) to property ID 964 (feedlot)
63,407,264,DAY 03/01/2025 - moved 5 animals from property ID 407 (farm) to property ID 264 (feedlot)
63,410,92,DAY 03/01/2025 - moved 12 animals from property ID 410 (farm) to property ID 92 (trader)
63,415,681,DAY 03/01/2025 - moved 7 animals from property ID 415 (trader) to property ID 681 (farm)
63,415,1219,DAY 03/01/2025 - moved 6 animals from property ID 415 (trader) to property ID 1219 (farm)
63,442,1457,DAY 03/01/2025 - moved 1 animals from property ID 442 (farm) to property ID 1457 (farm)
63,443,92,DAY 03/01/2025 - moved 8 animals from property ID 443 (farm) to property ID 92 (trader)
63,449,867,DAY 03/01/2025 - moved 4 animals from property ID 449 (farm) to property ID 867 (feedlot)
63,453,189,DAY 03/01/2025 - moved 10 animals from property ID 453 (farm) to property ID 189 (saleyard)
63,505,188,DAY 03/01/2025 - moved 1 animals from property ID 505 (farm) to property ID 188 (feedlot)
63,522,458,DAY 03/01/2025 - moved 11 animals from property ID 522 (farm) to property ID 458 (abbattoir)
63,537,189,DAY 03/01/2025 - moved 7 animals from property ID 537 (farm) to property ID 189 (saleyard)
63,539,1675,DAY 03/01/2025 - moved 4 animals from property ID 539 (farm) to property ID 1675 (farm)
63,547,904,DAY 03/01/2025 - moved 3 animals from property ID 547 (farm) to property ID 904 (trader)
63,561,866,DAY 03/01/2025 - moved 14 animals from property ID 561 (farm) to property ID 866 (feedlot)
63,572,448,DAY 03/01/2025 - moved 20 animals from property ID 572 (farm) to property ID 448 (farm)
63,584,1726,DAY 03/01/2025 - moved 47 animals from property ID 584 (farm) to property ID 1726 (farm)
63,588,189,DAY 03/01/2025 - moved 16 animals from property ID 588 (farm) to property ID 189 (saleyard)
63,605,1823,DAY 03/01/2025 - moved 4 animals from property ID 605 (farm) to property ID 1823 (trader)
63,612,1202,DAY 03/01/2025 - moved 6 animals from property ID 612 (farm) to property ID 1202 (farm)
63,620,247,DAY 03/01/2025 - moved 3 animals from property ID 620 (farm) to property ID 247 (farm)
63,658,740,DAY 03/01/2025 - moved 14 animals from property ID 658 (farm) to property ID 740 (farm)
63,672,1829,DAY 03/01/2025 - moved 4 animals from property ID 672 (farm) to property ID 1829 (farm)
63,673,1957,DAY 03/01/2025 - moved 5 animals from property ID 673 (farm) to property ID 1957 (farm)
63,711,647,DAY 03/01/2025 - moved 4 animals from property ID 711 (farm) to property ID 647 (farm)
63,749,1720,DAY 03/01/2025 - moved 8 animals from property ID 749 (farm) to property ID 1720 (farm)
63,766,458,DAY 03/01/2025 - moved 4 animals from property ID 766 (farm) to property ID 458 (abbattoir)
63,782,531,DAY 03/01/2025 - moved 22 animals from property ID 782 (trader) to property ID 531 (farm)
63,782,1807,DAY 03/01/2025 - moved 23 animals from property ID 782 (trader) to property ID 1807 (farm)
63,782,1640,DAY 03/01/2025 - moved 23 animals from property ID 782 (trader) to property ID 1640 (farm)
63,796,782,DAY 03/01/2025 - moved 4 animals from property ID 796 (farm) to property ID 782 (trader)
63,806,1479,DAY 03/01/2025 - moved 7 animals from property ID 806 (farm) to property ID 1479 (trader)
63,809,1634,DAY 03/01/2025 - moved 3 animals from property ID 809 (farm) to property ID 1634 (farm)
63,816,1109,DAY 03/01/2025 - moved 3 animals from property ID 816 (farm) to property ID 1109 (feedlot)
63,827,524,DAY 03/01/2025 - moved 6 animals from property ID 827 (farm) to property ID 524 (feedlot)
63,846,1823,DAY 03/01/2025 - moved 3 animals from property ID 846 (farm) to property ID 1823 (trader)
63,857,524,DAY 03/01/2025 - moved 2 animals from property ID 857 (farm) to property ID 524 (feedlot)
63,858,782,DAY 03/01/2025 - moved 5 animals from property ID 858 (farm) to property ID 782 (trader)
63,911,189,DAY 03/01/2025 - moved 7 animals from property ID 911 (farm) to property ID 189 (saleyard)
63,940,700,DAY 03/01/2025 - moved 4 animals from property ID 940 (farm) to property ID 700 (trader)
63,975,458,DAY 03/01/2025 - moved 3 animals from property ID 975 (farm) to property ID 458 (abbattoir)
63,987,92,DAY 03/01/2025 - moved 5 animals from property ID 987 (farm) to property ID 92 (trader)
63,1032,1823,DAY 03/01/2025 - moved 8 animals from property ID 1032 (farm) to property ID 1823 (trader)
63,1035,874,DAY 03/01/2025 - moved 7 animals from property ID 1035 (farm) to property ID 874 (farm)
63,1049,1823,DAY 03/01/2025 - moved 3 animals from property ID 1049 (farm) to property ID 1823 (trader)
63,1055,1750,DAY 03/01/2025 - moved 28 animals from property ID 1055 (farm) to property ID 1750 (farm)
63,1119,867,DAY 03/01/2025 - moved 10 animals from property ID 1119 (trader) to property ID 867 (feedlot)
63,1119,509,DAY 03/01/2025 - moved 10 animals from property ID 1119 (trader) to property ID 509 (farm)
63,1121,1626,DAY 03/01/2025 - moved 15 animals from property ID 1121 (farm) to property ID 1626 (farm)
63,1143,866,DAY 03/01/2025 - moved 2 animals from property ID 1143 (farm) to property ID 866 (feedlot)
63,1145,758,DAY 03/01/2025 - moved 9 animals from property ID 1145 (farm) to property ID 758 (feedlot)
63,1175,867,DAY 03/01/2025 - moved 3 animals from property ID 1175 (farm) to property ID 867 (feedlot)
63,1183,524,DAY 03/01/2025 - moved 7 animals from property ID 1183 (farm) to property ID 524 (feedlot)
63,1192,1262,DAY 03/01/2025 - moved 1 animals from property ID 1192 (farm) to property ID 1262 (farm)
63,1204,0,DAY 03/01/2025 - moved 5 animals from property ID 1204 (farm) to property ID 0 (farm)
63,1205,1659,DAY 03/01/2025 - moved 2 animals from property ID 1205 (farm) to property ID 1659 (farm)
63,1231,1679,DAY 03/01/2025 - moved 5 animals from property ID 1231 (farm) to property ID 1679 (farm)
63,1239,651,DAY 03/01/2025 - moved 9 animals from property ID 1239 (farm) to property ID 651 (farm)
63,1240,1273,DAY 03/01/2025 - moved 1 animals from property ID 1240 (farm) to property ID 1273 (trader)
63,1243,782,DAY 03/01/2025 - moved 14 animals from property ID 1243 (farm) to property ID 782 (trader)
63,1259,1273,DAY 03/01/2025 - moved 4 animals from property ID 1259 (farm) to property ID 1273 (trader)
63,1264,1301,DAY 03/01/2025 - moved 2 animals from property ID 1264 (farm) to property ID 1301 (saleyard)
63,1266,1301,DAY 03/01/2025 - moved 1 animals from property ID 1266 (farm) to property ID 1301 (saleyard)
63,1273,865,DAY 03/01/2025 - moved 21 animals from property ID 1273 (trader) to property ID 865 (farm)
63,1276,586,DAY 03/01/2025 - moved 3 animals from property ID 1276 (farm) to property ID 586 (farm)
63,1289,867,DAY 03/01/2025 - moved 8 animals from property ID 1289 (farm) to property ID 867 (feedlot)
63,1300,237,DAY 03/01/2025 - moved 12 animals from property ID 1300 (farm) to property ID 237 (farm)
63,1301,1244,DAY 03/01/2025 - moved 44 animals from property ID 1301 (saleyard) to property ID 1244 (farm)
63,1324,1077,DAY 03/01/2025 - moved 25 animals from property ID 1324 (farm) to property ID 1077 (farm)
63,1340,188,DAY 03/01/2025 - moved 1 animals from property ID 1340 (farm) to property ID 188 (feedlot)
63,1424,524,DAY 03/01/2025 - moved 4 animals from property ID 1424 (farm) to property ID 524 (feedlot)
63,1430,189,DAY 03/01/2025 - moved 5 animals from property ID 1430 (farm) to property ID 189 (saleyard)
63,1434,1823,DAY 03/01/2025 - moved 2 animals from property ID 1434 (farm) to property ID 1823 (trader)
63,1465,702,DAY 03/01/2025 - moved 4 animals from property ID 1465 (farm) to property ID 702 (farm)
63,1472,867,DAY 03/01/2025 - moved 6 animals from property ID 1472 (farm) to property ID 867 (feedlot)
63,1478,782,DAY 03/01/2025 - moved 23 animals from property ID 1478 (farm) to property ID 782 (trader)
63,1479,654,DAY 03/01/2025 - moved 59 animals from property ID 1479 (trader) to property ID 654 (farm)
63,1481,964,DAY 03/01/2025 - moved 3 animals from property ID 1481 (farm) to property ID 964 (feedlot)
63,1483,189,DAY 03/01/2025 - moved 10 animals from property ID 1483 (farm) to property ID 189 (saleyard)
63,1491,189,DAY 03/01/2025 - moved 7 animals from property ID 1491 (farm) to property ID 189 (saleyard)
63,1507,700,DAY 03/01/2025 - moved 7 animals from property ID 1507 (farm) to property ID 700 (trader)
63,1508,713,DAY 03/01/2025 - moved 10 animals from property ID 1508 (farm) to property ID 713 (farm)
63,1511,1301,DAY 03/01/2025 - moved 2 animals from property ID 1511 (farm) to property ID 1301 (saleyard)
63,1526,782,DAY 03/01/2025 - moved 7 animals from property ID 1526 (farm) to property ID 782 (trader)
63,1527,978,DAY 03/01/2025 - moved 4 animals from property ID 1527 (farm) to property ID 978 (farm)
63,1534,211,DAY 03/01/2025 - moved 4 animals from property ID 1534 (farm) to property ID 211 (farm)
63,1535,1474,DAY 03/01/2025 - moved 6 animals from property ID 1535 (farm) to property ID 1474 (farm)
63,1561,524,DAY 03/01/2025 - moved 3 animals from property ID 1561 (farm) to property ID 524 (feedlot)
63,1563,1666,DAY 03/01/2025 - moved 5 animals from property ID 1563 (farm) to property ID 1666 (feedlot)
63,1596,355,DAY 03/01/2025 - moved 6 animals from property ID 1596 (farm) to property ID 355 (farm)
63,1621,92,DAY 03/01/2025 - moved 6 animals from property ID 1621 (farm) to property ID 92 (trader)
63,1655,1544,DAY 03/01/2025 - moved 1 animals from property ID 1655 (farm) to property ID 1544 (farm)
63,1659,1176,DAY 03/01/2025 - moved 2 animals from property ID 1659 (farm) to property ID 1176 (farm)
63,1728,1582,DAY 03/01/2025 - moved 2 animals from property ID 1728 (farm) to property ID 1582 (farm)
63,1750,456,DAY 03/01/2025 - moved 6 animals from property ID 1750 (farm) to property ID 456 (farm)
63,1765,264,DAY 03/01/2025 - moved 5 animals from property ID 1765 (farm) to property ID 264 (feedlot)
63,1795,524,DAY 03/01/2025 - moved 1 animals from property ID 1795 (farm) to property ID 524 (feedlot)
63,1802,1365,DAY 03/01/2025 - moved 11 animals from property ID 1802 (farm) to property ID 1365 (farm)
63,1813,866,DAY 03/01/2025 - moved 3 animals from property ID 1813 (farm) to property ID 866 (feedlot)
63,1816,17,DAY 03/01/2025 - moved 14 animals from property ID 1816 (farm) to property ID 17 (farm)
63,1836,1322,DAY 03/01/2025 - moved 15 animals from property ID 1836 (farm) to property ID 1322 (farm)
63,1837,8,DAY 03/01/2025 - moved 7 animals from property ID 1837 (farm) to property ID 8 (farm)
63,1860,1479,DAY 03/01/2025 - moved 7 animals from property ID 1860 (farm) to property ID 1479 (trader)
63,1888,1858,DAY 03/01/2025 - moved 19 animals from property ID 1888 (farm) to property ID 1858 (farm)
63,1911,784,DAY 03/01/2025 - moved 11 animals from property ID 1911 (farm) to property ID 784 (farm)
63,1958,866,DAY 03/01/2025 - moved 1 animals from property ID 1958 (farm) to property ID 866 (feedlot)
63,1960,458,DAY 03/01/2025 - moved 3 animals from property ID 1960 (farm) to property ID 458 (abbattoir)
63,1974,1307,DAY 03/01/2025 - moved 14 animals from property ID 1974 (farm) to property ID 1307 (farm)
63,1978,964,DAY 03/01/2025 - moved 2 animals from property ID 1978 (farm) to property ID 964 (feedlot)
63,1999,1666,DAY 03/01/2025 - moved 30 animals from property ID 1999 (farm) to property ID 1666 (feedlot)
64,2,990,DAY 04/01/2025 - moved 3 animals from property ID 2 (farm) to property ID 990 (farm)
64,11,317,DAY 04/01/2025 - moved 38 animals from property ID 11 (farm) to property ID 317 (farm)
64,32,189,DAY 04/01/2025 - moved 1 animals from property ID 32 (farm) to property ID 189 (saleyard)
64,37,867,DAY 04/01/2025 - moved 2 animals from property ID 37 (farm) to property ID 867 (feedlot)
64,42,782,DAY 04/01/2025 - moved 35 animals from property ID 42 (farm) to property ID 782 (trader)
64,45,1907,DAY 04/01/2025 - moved 3 animals from property ID 45 (farm) to property ID 1907 (feedlot)
64,70,28,DAY 04/01/2025 - moved 2 animals from property ID 70 (farm) to property ID 28 (farm)
64,84,188,DAY 04/01/2025 - moved 3 animals from property ID 84 (farm) to property ID 188 (feedlot)
64,96,1666,DAY 04/01/2025 - moved 2 animals from property ID 96 (farm) to property ID 1666 (feedlot)
64,107,1163,DAY 04/01/2025 - moved 9 animals from property ID 107 (farm) to property ID 1163 (farm)
64,124,866,DAY 04/01/2025 - moved 4 animals from property ID 124 (farm) to property ID 866 (feedlot)
64,145,125,DAY 04/01/2025 - moved 4 animals from property ID 145 (farm) to property ID 125 (farm)
64,146,1301,DAY 04/01/2025 - moved 4 animals from property ID 146 (farm) to property ID 1301 (saleyard)
64,186,1041,DAY 04/01/2025 - moved 9 animals from property ID 186 (farm) to property ID 1041 (farm)
64,189,524,DAY 04/01/2025 - moved 39 animals from property ID 189 (saleyard) to property ID 524 (feedlot)
64,190,92,DAY 04/01/2025 - moved 3 animals from property ID 190 (farm) to property ID 92 (trader)
64,222,1823,DAY 04/01/2025 - moved 1 animals from property ID 222 (farm) to property ID 1823 (trader)
64,287,1273,DAY 04/01/2025 - moved 2 animals from property ID 287 (farm) to property ID 1273 (trader)
64,304,1126,DAY 04/01/2025 - moved 5 animals from property ID 304 (farm) to property ID 1126 (farm)
64,361,782,DAY 04/01/2025 - moved 7 animals from property ID 361 (farm) to property ID 782 (trader)
64,380,458,DAY 04/01/2025 - moved 26 animals from property ID 380 (farm) to property ID 458 (abbattoir)
64,384,854,DAY 04/01/2025 - moved 6 animals from property ID 384 (farm) to property ID 854 (farm)
64,388,92,DAY 04/01/2025 - moved 4 animals from property ID 388 (farm) to property ID 92 (trader)
64,406,1273,DAY 04/01/2025 - moved 3 animals from property ID 406 (farm) to property ID 1273 (trader)
64,408,758,DAY 04/01/2025 - moved 20 animals from property ID 408 (farm) to property ID 758 (feedlot)
64,415,1119,DAY 04/01/2025 - moved 3 animals from property ID 415 (trader) to property ID 1119 (trader)
64,415,188,DAY 04/01/2025 - moved 4 animals from property ID 415 (trader) to property ID 188 (feedlot)
64,415,227,DAY 04/01/2025 - moved 4 animals from property ID 415 (trader) to property ID 227 (farm)
64,440,92,DAY 04/01/2025 - moved 9 animals from property ID 440 (farm) to property ID 92 (trader)
64,450,867,DAY 04/01/2025 - moved 2 animals from property ID 450 (farm) to property ID 867 (feedlot)
64,451,758,DAY 04/01/2025 - moved 7 animals from property ID 451 (farm) to property ID 758 (feedlot)
64,476,904,DAY 04/01/2025 - moved 15 animals from property ID 476 (farm) to property ID 904 (trader)
64,482,1195,DAY 04/01/2025 - moved 10 animals from property ID 482 (farm) to property ID 1195 (farm)
64,487,1704,DAY 04/01/2025 - moved 19 animals from property ID 487 (farm) to property ID 1704 (farm)
64,498,1301,DAY 04/01/2025 - moved 9 animals from property ID 498 (farm) to property ID 1301 (saleyard)
64,516,1109,DAY 04/01/2025 - moved 3 animals from property ID 516 (farm) to property ID 1109 (feedlot)
64,526,236,DAY 04/01/2025 - moved 6 animals from property ID 526 (farm) to property ID 236 (farm)
64,529,640,DAY 04/01/2025 - moved 13 animals from property ID 529 (farm) to property ID 640 (farm)
64,571,1301,DAY 04/01/2025 - moved 3 animals from property ID 571 (farm) to property ID 1301 (saleyard)
64,590,1731,DAY 04/01/2025 - moved 3 animals from property ID 590 (farm) to property ID 1731 (farm)
64,600,1273,DAY 04/01/2025 - moved 1 animals from property ID 600 (farm) to property ID 1273 (trader)
64,609,1430,DAY 04/01/2025 - moved 5 animals from property ID 609 (farm) to property ID 1430 (farm)
64,625,928,DAY 04/01/2025 - moved 24 animals from property ID 625 (farm) to property ID 928 (farm)
64,636,189,DAY 04/01/2025 - moved 10 animals from property ID 636 (farm) to property ID 189 (saleyard)
64,651,1119,DAY 04/01/2025 - moved 4 animals from property ID 651 (farm) to property ID 1119 (trader)
64,653,1666,DAY 04/01/2025 - moved 6 animals from property ID 653 (farm) to property ID 1666 (feedlot)
64,656,867,DAY 04/01/2025 - moved 10 animals from property ID 656 (farm) to property ID 867 (feedlot)
64,664,1859,DAY 04/01/2025 - moved 17 animals from property ID 664 (farm) to property ID 1859 (farm)
64,675,1479,DAY 04/01/2025 - moved 9 animals from property ID 675 (farm) to property ID 1479 (trader)
64,685,1779,DAY 04/01/2025 - moved 4 animals from property ID 685 (farm) to property ID 1779 (farm)
64,687,106,DAY 04/01/2025 - moved 4 animals from property ID 687 (farm) to property ID 106 (farm)
64,700,188,DAY 04/01/2025 - moved 15 animals from property ID 700 (trader) to property ID 188 (feedlot)
64,700,1438,DAY 04/01/2025 - moved 14 animals from property ID 700 (trader) to property ID 1438 (farm)
64,710,1513,DAY 04/01/2025 - moved 4 animals from property ID 710 (farm) to property ID 1513 (farm)
64,741,1679,DAY 04/01/2025 - moved 4 animals from property ID 741 (farm) to property ID 1679 (farm)
64,746,264,DAY 04/01/2025 - moved 3 animals from property ID 746 (farm) to property ID 264 (feedlot)
64,756,1521,DAY 04/01/2025 - moved 5 animals from property ID 756 (farm) to property ID 1521 (farm)
64,780,700,DAY 04/01/2025 - moved 4 animals from property ID 780 (farm) to property ID 700 (trader)
64,782,1526,DAY 04/01/2025 - moved 65 animals from property ID 782 (trader) to property ID 1526 (farm)
64,825,1823,DAY 04/01/2025 - moved 3 animals from property ID 825 (farm) to property ID 1823 (trader)
64,829,867,DAY 04/01/2025 - moved 4 animals from property ID 829 (farm) to property ID 867 (feedlot)
64,837,700,DAY 04/01/2025 - moved 6 animals from property ID 837 (farm) to property ID 700 (trader)
64,856,1119,DAY 04/01/2025 - moved 3 animals from property ID 856 (farm) to property ID 1119 (trader)
64,859,1273,DAY 04/01/2025 - moved 5 animals from property ID 859 (farm) to property ID 1273 (trader)
64,861,415,DAY 04/01/2025 - moved 17 animals from property ID 861 (farm) to property ID 415 (trader)
64,878,866,DAY 04/01/2025 - moved 10 animals from property ID 878 (farm) to property ID 866 (feedlot)
64,896,387,DAY 04/01/2025 - moved 2 animals from property ID 896 (farm) to property ID 387 (farm)
64,897,1301,DAY 04/01/2025 - moved 8 animals from property ID 897 (farm) to property ID 1301 (saleyard)
64,906,524,DAY 04/01/2025 - moved 2 animals from property ID 906 (farm) to property ID 524 (feedlot)
64,927,189,DAY 04/01/2025 - moved 2 animals from property ID 927 (farm) to property ID 189 (saleyard)
64,931,1479,DAY 04/01/2025 - moved 23 animals from property ID 931 (farm) to property ID 1479 (trader)
64,932,694,DAY 04/01/2025 - moved 13 animals from property ID 932 (farm) to property ID 694 (farm)
64,1008,1721,DAY 04/01/2025 - moved 10 animals from property ID 1008 (farm) to property ID 1721 (farm)
64,1017,1301,DAY 04/01/2025 - moved 2 animals from property ID 1017 (farm) to property ID 1301 (saleyard)
64,1041,1864,DAY 04/01/2025 - moved 11 animals from property ID 1041 (farm) to property ID 1864 (farm)
64,1080,1718,DAY 04/01/2025 - moved 15 animals from property ID 1080 (farm) to property ID 1718 (farm)
64,1098,1867,DAY 04/01/2025 - moved 9 animals from property ID 1098 (farm) to property ID 1867 (farm)
64,1113,1119,DAY 04/01/2025 - moved 3 animals from property ID 1113 (farm) to property ID 1119 (trader)
64,1119,1301,DAY 04/01/2025 - moved 6 animals from property ID 1119 (trader) to property ID 1301 (saleyard)
64,1119,867,DAY 04/01/2025 - moved 5 animals from property ID 1119 (trader) to property ID 867 (feedlot)
64,1119,1649,DAY 04/01/2025 - moved 5 animals from property ID 1119 (trader) to property ID 1649 (farm)
64,1127,1109,DAY 04/01/2025 - moved 3 animals from property ID 1127 (farm) to property ID 1109 (feedlot)
64,1129,1301,DAY 04/01/2025 - moved 2 animals from property ID 1129 (farm) to property ID 1301 (saleyard)
64,1146,189,DAY 04/01/2025 - moved 4 animals from property ID 1146 (farm) to property ID 189 (saleyard)
64,1153,1301,DAY 04/01/2025 - moved 3 animals from property ID 1153 (farm) to property ID 1301 (saleyard)
64,1167,503,DAY 04/01/2025 - moved 1 animals from property ID 1167 (farm) to property ID 503 (farm)
64,1170,1273,DAY 04/01/2025 - moved 3 animals from property ID 1170 (farm) to property ID 1273 (trader)
64,1199,955,DAY 04/01/2025 - moved 6 animals from property ID 1199 (farm) to property ID 955 (farm)
64,1206,609,DAY 04/01/2025 - moved 2 animals from property ID 1206 (farm) to property ID 609 (farm)
64,1207,92,DAY 04/01/2025 - moved 3 animals from property ID 1207 (farm) to property ID 92 (trader)
64,1212,1273,DAY 04/01/2025 - moved 2 animals from property ID 1212 (farm) to property ID 1273 (trader)
64,1217,766,DAY 04/01/2025 - moved 4 animals from property ID 1217 (farm) to property ID 766 (farm)
64,1218,782,DAY 04/01/2025 - moved 9 animals from property ID 1218 (farm) to property ID 782 (trader)
64,1221,1181,DAY 04/01/2025 - moved 9 animals from property ID 1221 (farm) to property ID 1181 (farm)
64,1226,618,DAY 04/01/2025 - moved 2 animals from property ID 1226 (farm) to property ID 618 (farm)
64,1245,1301,DAY 04/01/2025 - moved 3 animals from property ID 1245 (farm) to property ID 1301 (saleyard)
64,1260,580,DAY 04/01/2025 - moved 13 animals from property ID 1260 (farm) to property ID 580 (farm)
64,1271,524,DAY 04/01/2025 - moved 6 animals from property ID 1271 (farm) to property ID 524 (feedlot)
64,1273,701,DAY 04/01/2025 - moved 10 animals from property ID 1273 (trader) to property ID 701 (farm)
64,1273,1578,DAY 04/01/2025 - moved 10 animals from property ID 1273 (trader) to property ID 1578 (farm)
64,1286,1525,DAY 04/01/2025 - moved 18 animals from property ID 1286 (farm) to property ID 1525 (farm)
64,1292,157,DAY 04/01/2025 - moved 1 animals from property ID 1292 (farm) to property ID 157 (farm)
64,1301,867,DAY 04/01/2025 - moved 36 animals from property ID 1301 (saleyard) to property ID 867 (feedlot)
64,1310,340,DAY 04/01/2025 - moved 14 animals from property ID 1310 (farm) to property ID 340 (farm)
64,1317,866,DAY 04/01/2025 - moved 46 animals from property ID 1317 (farm) to property ID 866 (feedlot)
64,1325,904,DAY 04/01/2025 - moved 5 animals from property ID 1325 (farm) to property ID 904 (trader)
64,1348,866,DAY 04/01/2025 - moved 3 animals from property ID 1348 (farm) to property ID 866 (feedlot)
64,1376,756,DAY 04/01/2025 - moved 2 animals from property ID 1376 (farm) to property ID 756 (farm)
64,1393,113,DAY 04/01/2025 - moved 8 animals from property ID 1393 (farm) to property ID 113 (farm)
64,1409,867,DAY 04/01/2025 - moved 6 animals from property ID 1409 (farm) to property ID 867 (feedlot)
64,1411,1097,DAY 04/01/2025 - moved 2 animals from property ID 1411 (farm) to property ID 1097 (farm)
64,1418,1273,DAY 04/01/2025 - moved 3 animals from property ID 1418 (farm) to property ID 1273 (trader)
64,1431,1119,DAY 04/01/2025 - moved 4 animals from property ID 1431 (farm) to property ID 1119 (trader)
64,1432,1823,DAY 04/01/2025 - moved 7 animals from property ID 1432 (farm) to property ID 1823 (trader)
64,1458,574,DAY 04/01/2025 - moved 15 animals from property ID 1458 (farm) to property ID 574 (farm)
64,1460,736,DAY 04/01/2025 - moved 9 animals from property ID 1460 (farm) to property ID 736 (farm)
64,1479,1859,DAY 04/01/2025 - moved 26 animals from property ID 1479 (trader) to property ID 1859 (farm)
64,1479,758,DAY 04/01/2025 - moved 26 animals from property ID 1479 (trader) to property ID 758 (feedlot)
64,1488,731,DAY 04/01/2025 - moved 11 animals from property ID 1488 (farm) to property ID 731 (farm)
64,1494,875,DAY 04/01/2025 - moved 6 animals from property ID 1494 (farm) to property ID 875 (farm)
64,1509,904,DAY 04/01/2025 - moved 3 animals from property ID 1509 (farm) to property ID 904 (trader)
64,1515,1211,DAY 04/01/2025 - moved 6 animals from property ID 1515 (farm) to property ID 1211 (farm)
64,1525,1203,DAY 04/01/2025 - moved 27 animals from property ID 1525 (farm) to property ID 1203 (farm)
64,1602,1958,DAY 04/01/2025 - moved 5 animals from property ID 1602 (farm) to property ID 1958 (farm)
64,1604,524,DAY 04/01/2025 - moved 3 animals from property ID 1604 (farm) to property ID 524 (feedlot)
64,1640,1592,DAY 04/01/2025 - moved 4 animals from property ID 1640 (farm) to property ID 1592 (farm)
64,1679,1508,DAY 04/01/2025 - moved 2 animals from property ID 1679 (farm) to property ID 1508 (farm)
64,1684,866,DAY 04/01/2025 - moved 17 animals from property ID 1684 (farm) to property ID 866 (feedlot)
64,1694,402,DAY 04/01/2025 - moved 1 animals from property ID 1694 (farm) to property ID 402 (farm)
64,1722,335,DAY 04/01/2025 - moved 24 animals from property ID 1722 (farm) to property ID 335 (farm)
64,1785,1824,DAY 04/01/2025 - moved 50 animals from property ID 1785 (farm) to property ID 1824 (farm)
64,1792,867,DAY 04/01/2025 - moved 2 animals from property ID 1792 (farm) to property ID 867 (feedlot)
64,1823,867,DAY 04/01/2025 - moved 47 animals from property ID 1823 (trader) to property ID 867 (feedlot)
64,1827,415,DAY 04/01/2025 - moved 15 animals from property ID 1827 (farm) to property ID 415 (trader)
64,1828,866,DAY 04/01/2025 - moved 10 animals from property ID 1828 (farm) to property ID 866 (feedlot)
64,1866,866,DAY 04/01/2025 - moved 13 animals from property ID 1866 (farm) to property ID 866 (feedlot)
64,1873,1978,DAY 04/01/2025 - moved 4 animals from property ID 1873 (farm) to property ID 1978 (farm)
64,1883,120,DAY 04/01/2025 - moved 1 animals from property ID 1883 (farm) to property ID 120 (farm)
64,1902,264,DAY 04/01/2025 - moved 1 animals from property ID 1902 (farm) to property ID 264 (feedlot)
64,1905,1273,DAY 04/01/2025 - moved 3 animals from property ID 1905 (farm) to property ID 1273 (trader)
64,1919,1301,DAY 04/01/2025 - moved 2 animals from property ID 1919 (farm) to property ID 1301 (saleyard)
64,1935,1479,DAY 04/01/2025 - moved 11 animals from property ID 1935 (farm) to property ID 1479 (trader)
64,1938,418,DAY 04/01/2025 - moved 4 animals from property ID 1938 (farm) to property ID 418 (farm)
64,1969,92,DAY 04/01/2025 - moved 3 animals from property ID 1969 (farm) to property ID 92 (trader)
64,1984,684,DAY 04/01/2025 - moved 1 animals from property ID 1984 (farm) to property ID 684 (farm)
64,1992,524,DAY 04/01/2025 - moved 5 animals from property ID 1992 (farm) to property ID 524 (feedlot)
65,10,887,DAY 05/01/2025 - moved 18 animals from property ID 10 (farm) to property ID 887 (farm)
65,19,236,DAY 05/01/2025 - moved 14 animals from property ID 19 (farm) to property ID 236 (farm)
65,36,758,DAY 05/01/2025 - moved 15 animals from property ID 36 (farm) to property ID 758 (feedlot)
65,75,945,DAY 05/01/2025 - moved 5 animals from property ID 75 (farm) to property ID 945 (farm)
65,92,866,DAY 05/01/2025 - moved 13 animals from property ID 92 (trader) to property ID 866 (feedlot)
65,92,749,DAY 05/01/2025 - moved 13 animals from property ID 92 (trader) to property ID 749 (farm)
65,92,1031,DAY 05/01/2025 - moved 13 animals from property ID 92 (trader) to property ID 1031 (farm)
65,93,1273,DAY 05/01/2025 - moved 3 animals from property ID 93 (farm) to property ID 1273 (trader)
65,112,1301,DAY 05/01/2025 - moved 4 animals from property ID 112 (farm) to property ID 1301 (saleyard)
65,117,1022,DAY 05/01/2025 - moved 12 animals from property ID 117 (farm) to property ID 1022 (farm)
65,120,1261,DAY 05/01/2025 - moved 6 animals from property ID 120 (farm) to property ID 1261 (farm)
65,128,479,DAY 05/01/2025 - moved 3 animals from property ID 128 (farm) to property ID 479 (farm)
65,129,92,DAY 05/01/2025 - moved 2 animals from property ID 129 (farm) to property ID 92 (trader)
65,140,904,DAY 05/01/2025 - moved 6 animals from property ID 140 (farm) to property ID 904 (trader)
65,151,749,DAY 05/01/2025 - moved 11 animals from property ID 151 (farm) to property ID 749 (farm)
65,157,1745,DAY 05/01/2025 - moved 4 animals from property ID 157 (farm) to property ID 1745 (farm)
65,166,1575,DAY 05/01/2025 - moved 8 animals from property ID 166 (farm) to property ID 1575 (farm)
65,189,1829,DAY 05/01/2025 - moved 17 animals from property ID 189 (saleyard) to property ID 1829 (farm)
65,189,1706,DAY 05/01/2025 - moved 18 animals from property ID 189 (saleyard) to property ID 1706 (farm)
65,209,1823,DAY 05/01/2025 - moved 11 animals from property ID 209 (farm) to property ID 1823 (trader)
65,216,820,DAY 05/01/2025 - moved 1 animals from property ID 216 (farm) to property ID 820 (farm)
65,228,700,DAY 05/01/2025 - moved 2 animals from property ID 228 (farm) to property ID 700 (trader)
65,275,1327,DAY 05/01/2025 - moved 14 animals from property ID 275 (farm) to property ID 1327 (farm)
65,282,1666,DAY 05/01/2025 - moved 5 animals from property ID 282 (farm) to property ID 1666 (feedlot)
65,317,487,DAY 05/01/2025 - moved 72 animals from property ID 317 (farm) to property ID 487 (farm)
65,324,668,DAY 05/01/2025 - moved 3 animals from property ID 324 (farm) to property ID 668 (farm)
65,325,1519,DAY 05/01/2025 - moved 14 animals from property ID 325 (farm) to property ID 1519 (farm)
65,333,605,DAY 05/01/2025 - moved 13 animals from property ID 333 (farm) to property ID 605 (farm)
65,334,415,DAY 05/01/2025 - moved 11 animals from property ID 334 (farm) to property ID 415 (trader)
65,368,188,DAY 05/01/2025 - moved 5 animals from property ID 368 (farm) to property ID 188 (feedlot)
65,405,867,DAY 05/01/2025 - moved 14 animals from property ID 405 (farm) to property ID 867 (feedlot)
65,414,659,DAY 05/01/2025 - moved 1 animals from property ID 414 (farm) to property ID 659 (farm)
65,415,1119,DAY 05/01/2025 - moved 5 animals from property ID 415 (trader) to property ID 1119 (trader)
65,415,276,DAY 05/01/2025 - moved 5 animals from property ID 415 (trader) to property ID 276 (farm)
65,415,807,DAY 05/01/2025 - moved 5 animals from property ID 415 (trader) to property ID 807 (farm)
65,422,415,DAY 05/01/2025 - moved 5 animals from property ID 422 (farm) to property ID 415 (trader)
65,423,758,DAY 05/01/2025 - moved 13 animals from property ID 423 (farm) to property ID 758 (feedlot)
65,424,1598,DAY 05/01/2025 - moved 8 animals from property ID 424 (farm) to property ID 1598 (farm)
65,435,1273,DAY 05/01/2025 - moved 12 animals from property ID 435 (farm) to property ID 1273 (trader)
65,446,136,DAY 05/01/2025 - moved 15 animals from property ID 446 (farm) to property ID 136 (farm)
65,447,1841,DAY 05/01/2025 - moved 16 animals from property ID 447 (farm) to property ID 1841 (farm)
65,499,1273,DAY 05/01/2025 - moved 2 animals from property ID 499 (farm) to property ID 1273 (trader)
65,503,189,DAY 05/01/2025 - moved 4 animals from property ID 503 (farm) to property ID 189 (saleyard)
65,562,1479,DAY 05/01/2025 - moved 19 animals from property ID 562 (farm) to property ID 1479 (trader)
65,580,273,DAY 05/01/2025 - moved 4 animals from property ID 580 (farm) to property ID 273 (farm)
65,593,866,DAY 05/01/2025 - moved 10 animals from property ID 593 (farm) to property ID 866 (feedlot)
65,596,524,DAY 05/01/2025 - moved 2 animals from property ID 596 (farm) to property ID 524 (feedlot)
65,598,1751,DAY 05/01/2025 - moved 7 animals from property ID 598 (farm) to property ID 1751 (farm)
65,623,773,DAY 05/01/2025 - moved 3 animals from property ID 623 (farm) to property ID 773 (farm)
65,632,415,DAY 05/01/2025 - moved 3 animals from property ID 632 (farm) to property ID 415 (trader)
65,652,1738,DAY 05/01/2025 - moved 1 animals from property ID 652 (farm) to property ID 1738 (farm)
65,661,877,DAY 05/01/2025 - moved 4 animals from property ID 661 (farm) to property ID 877 (farm)
65,700,1607,DAY 05/01/2025 - moved 9 animals from property ID 700 (trader) to property ID 1607 (farm)
65,700,524,DAY 05/01/2025 - moved 8 animals from property ID 700 (trader) to property ID 524 (feedlot)
65,700,188,DAY 05/01/2025 - moved 8 animals from property ID 700 (trader) to property ID 188 (feedlot)
65,706,264,DAY 05/01/2025 - moved 3 animals from property ID 706 (farm) to property ID 264 (feedlot)
65,718,707,DAY 05/01/2025 - moved 4 animals from property ID 718 (farm) to property ID 707 (farm)
65,724,1702,DAY 05/01/2025 - moved 7 animals from property ID 724 (farm) to property ID 1702 (farm)
65,728,907,DAY 05/01/2025 - moved 18 animals from property ID 728 (farm) to property ID 907 (farm)
65,732,189,DAY 05/01/2025 - moved 3 animals from property ID 732 (farm) to property ID 189 (saleyard)
65,753,1736,DAY 05/01/2025 - moved 9 animals from property ID 753 (farm) to property ID 1736 (farm)
65,764,92,DAY 05/01/2025 - moved 9 animals from property ID 764 (farm) to property ID 92 (trader)
65,795,1479,DAY 05/01/2025 - moved 7 animals from property ID 795 (farm) to property ID 1479 (trader)
65,804,1666,DAY 05/01/2025 - moved 1 animals from property ID 804 (farm) to property ID 1666 (feedlot)
65,807,867,DAY 05/01/2025 - moved 1 animals from property ID 807 (farm) to property ID 867 (feedlot)
65,818,964,DAY 05/01/2025 - moved 8 animals from property ID 818 (farm) to property ID 964 (feedlot)
65,823,1119,DAY 05/01/2025 - moved 4 animals from property ID 823 (farm) to property ID 1119 (trader)
65,876,1258,DAY 05/01/2025 - moved 4 animals from property ID 876 (farm) to property ID 1258 (farm)
65,889,1823,DAY 05/01/2025 - moved 7 animals from property ID 889 (farm) to property ID 1823 (trader)
65,890,1109,DAY 05/01/2025 - moved 1 animals from property ID 890 (farm) to property ID 1109 (feedlot)
65,892,758,DAY 05/01/2025 - moved 18 animals from property ID 892 (farm) to property ID 758 (feedlot)
65,893,1119,DAY 05/01/2025 - moved 1 animals from property ID 893 (farm) to property ID 1119 (trader)
65,903,1109,DAY 05/01/2025 - moved 4 animals from property ID 903 (farm) to property ID 1109 (feedlot)
65,904,765,DAY 05/01/2025 - moved 7 animals from property ID 904 (trader) to property ID 765 (farm)
65,904,264,DAY 05/01/2025 - moved 8 animals from property ID 904 (trader) to property ID 264 (feedlot)
65,914,782,DAY 05/01/2025 - moved 13 animals from property ID 914 (farm) to property ID 782 (trader)
65,943,92,DAY 05/01/2025 - moved 5 animals from property ID 943 (farm) to property ID 92 (trader)
65,950,1824,DAY 05/01/2025 - moved 3 animals from property ID 950 (farm) to property ID 1824 (farm)
65,958,1118,DAY 05/01/2025 - moved 12 animals from property ID 958 (farm) to property ID 1118 (farm)
65,961,1479,DAY 05/01/2025 - moved 9 animals from property ID 961 (farm) to property ID 1479 (trader)
65,965,867,DAY 05/01/2025 - moved 6 animals from property ID 965 (farm) to property ID 867 (feedlot)
65,985,1561,DAY 05/01/2025 - moved 6 animals from property ID 985 (farm) to property ID 1561 (farm)
65,1005,1273,DAY 05/01/2025 - moved 6 animals from property ID 1005 (farm) to property ID 1273 (trader)
65,1047,866,DAY 05/01/2025 - moved 1 animals from property ID 1047 (farm) to property ID 866 (feedlot)
65,1063,1989,DAY 05/01/2025 - moved 5 animals from property ID 1063 (farm) to property ID 1989 (farm)
65,1064,1666,DAY 05/01/2025 - moved 10 animals from property ID 1064 (farm) to property ID 1666 (feedlot)
65,1069,1180,DAY 05/01/2025 - moved 4 animals from property ID 1069 (farm) to property ID 1180 (farm)
65,1078,758,DAY 05/01/2025 - moved 15 animals from property ID 1078 (farm) to property ID 758 (feedlot)
65,1083,1957,DAY 05/01/2025 - moved 1 animals from property ID 1083 (farm) to property ID 1957 (farm)
65,1090,524,DAY 05/01/2025 - moved 6 animals from property ID 1090 (farm) to property ID 524 (feedlot)
65,1093,1200,DAY 05/01/2025 - moved 33 animals from property ID 1093 (farm) to property ID 1200 (farm)
65,1119,108,DAY 05/01/2025 - moved 8 animals from property ID 1119 (trader) to property ID 108 (farm)
65,1119,867,DAY 05/01/2025 - moved 8 animals from property ID 1119 (trader) to property ID 867 (feedlot)
65,1140,1878,DAY 05/01/2025 - moved 4 animals from property ID 1140 (farm) to property ID 1878 (farm)
65,1147,782,DAY 05/01/2025 - moved 22 animals from property ID 1147 (farm) to property ID 782 (trader)
65,1151,795,DAY 05/01/2025 - moved 2 animals from property ID 1151 (farm) to property ID 795 (farm)
65,1215,867,DAY 05/01/2025 - moved 3 animals from property ID 1215 (farm) to property ID 867 (feedlot)
65,1232,1675,DAY 05/01/2025 - moved 2 animals from property ID 1232 (farm) to property ID 1675 (farm)
65,1251,721,DAY 05/01/2025 - moved 15 animals from property ID 1251 (farm) to property ID 721 (farm)
65,1263,1212,DAY 05/01/2025 - moved 1 animals from property ID 1263 (farm) to property ID 1212 (farm)
65,1301,1053,DAY 05/01/2025 - moved 7 animals from property ID 1301 (saleyard) to property ID 1053 (farm)
65,1301,405,DAY 05/01/2025 - moved 6 animals from property ID 1301 (saleyard) to property ID 405 (farm)
65,1301,867,DAY 05/01/2025 - moved 6 animals from property ID 1301 (saleyard) to property ID 867 (feedlot)
65,1301,793,DAY 05/01/2025 - moved 6 animals from property ID 1301 (saleyard) to property ID 793 (farm)
65,1301,867,DAY 05/01/2025 - moved 6 animals from property ID 1301 (saleyard) to property ID 867 (feedlot)
65,1301,867,DAY 05/01/2025 - moved 6 animals from property ID 1301 (saleyard) to property ID 867 (feedlot)
65,1312,1354,DAY 05/01/2025 - moved 13 animals from property ID 1312 (farm) to property ID 1354 (farm)
65,1323,214,DAY 05/01/2025 - moved 40 animals from property ID 1323 (farm) to property ID 214 (farm)
65,1334,700,DAY 05/01/2025 - moved 4 animals from property ID 1334 (farm) to property ID 700 (trader)
65,1356,1823,DAY 05/01/2025 - moved 3 animals from property ID 1356 (farm) to property ID 1823 (trader)
65,1381,189,DAY 05/01/2025 - moved 12 animals from property ID 1381 (farm) to property ID 189 (saleyard)
65,1405,1949,DAY 05/01/2025 - moved 26 animals from property ID 1405 (farm) to property ID 1949 (farm)
65,1438,1030,DAY 05/01/2025 - moved 5 animals from property ID 1438 (farm) to property ID 1030 (farm)
65,1479,758,DAY 05/01/2025 - moved 16 animals from property ID 1479 (trader) to property ID 758 (feedlot)
65,1479,854,DAY 05/01/2025 - moved 17 animals from property ID 1479 (trader) to property ID 854 (farm)
65,1479,26,DAY 05/01/2025 - moved 17 animals from property ID 1479 (trader) to property ID 26 (farm)
65,1521,1795,DAY 05/01/2025 - moved 6 animals from property ID 1521 (farm) to property ID 1795 (farm)
65,1523,240,DAY 05/01/2025 - moved 5 animals from property ID 1523 (farm) to property ID 240 (farm)
65,1554,1624,DAY 05/01/2025 - moved 14 animals from property ID 1554 (farm) to property ID 1624 (farm)
65,1560,1119,DAY 05/01/2025 - moved 6 animals from property ID 1560 (farm) to property ID 1119 (trader)
65,1584,461,DAY 05/01/2025 - moved 10 animals from property ID 1584 (farm) to property ID 461 (farm)
65,1607,264,DAY 05/01/2025 - moved 2 animals from property ID 1607 (farm) to property ID 264 (feedlot)
65,1610,1301,DAY 05/01/2025 - moved 4 animals from property ID 1610 (farm) to property ID 1301 (saleyard)
65,1611,1594,DAY 05/01/2025 - moved 5 animals from property ID 1611 (farm) to property ID 1594 (farm)
65,1613,850,DAY 05/01/2025 - moved 16 animals from property ID 1613 (farm) to property ID 850 (farm)
65,1618,782,DAY 05/01/2025 - moved 23 animals from property ID 1618 (farm) to property ID 782 (trader)
65,1629,1301,DAY 05/01/2025 - moved 3 animals from property ID 1629 (farm) to property ID 1301 (saleyard)
65,1649,1119,DAY 05/01/2025 - moved 5 animals from property ID 1649 (farm) to property ID 1119 (trader)
65,1675,1347,DAY 05/01/2025 - moved 7 animals from property ID 1675 (farm) to property ID 1347 (farm)
65,1682,264,DAY 05/01/2025 - moved 5 animals from property ID 1682 (farm) to property ID 264 (feedlot)
65,1687,183,DAY 05/01/2025 - moved 6 animals from property ID 1687 (farm) to property ID 183 (farm)
65,1704,1479,DAY 05/01/2025 - moved 23 animals from property ID 1704 (farm) to property ID 1479 (trader)
65,1726,1785,DAY 05/01/2025 - moved 53 animals from property ID 1726 (farm) to property ID 1785 (farm)
65,1786,1109,DAY 05/01/2025 - moved 1 animals from property ID 1786 (farm) to property ID 1109 (feedlot)
65,1818,533,DAY 05/01/2025 - moved 17 animals from property ID 1818 (farm) to property ID 533 (farm)
65,1821,782,DAY 05/01/2025 - moved 15 animals from property ID 1821 (farm) to property ID 782 (trader)
65,1823,450,DAY 05/01/2025 - moved 20 animals from property ID 1823 (trader) to property ID 450 (farm)
65,1823,1112,DAY 05/01/2025 - moved 20 animals from property ID 1823 (trader) to property ID 1112 (farm)
65,1847,1273,DAY 05/01/2025 - moved 2 animals from property ID 1847 (farm) to property ID 1273 (trader)
65,1853,415,DAY 05/01/2025 - moved 13 animals from property ID 1853 (farm) to property ID 415 (trader)
65,1856,1666,DAY 05/01/2025 - moved 5 animals from property ID 1856 (farm) to property ID 1666 (feedlot)
65,1868,858,DAY 05/01/2025 - moved 6 animals from property ID 1868 (farm) to property ID 858 (farm)
65,1909,524,DAY 05/01/2025 - moved 4 animals from property ID 1909 (farm) to property ID 524 (feedlot)
65,1930,189,DAY 05/01/2025 - moved 19 animals from property ID 1930 (farm) to property ID 189 (saleyard)
65,1939,866,DAY 05/01/2025 - moved 3 animals from property ID 1939 (farm) to property ID 866 (feedlot)
65,1968,811,DAY 05/01/2025 - moved 7 animals from property ID 1968 (farm) to property ID 811 (farm)
65,1971,341,DAY 05/01/2025 - moved 3 animals from property ID 1971 (farm) to property ID 341 (farm)
65,1985,1109,DAY 05/01/2025 - moved 3 animals from property ID 1985 (farm) to property ID 1109 (feedlot)
66,7,189,DAY 06/01/2025 - moved 6 animals from property ID 7 (farm) to property ID 189 (saleyard)
66,23,1823,DAY 06/01/2025 - moved 3 animals from property ID 23 (farm) to property ID 1823 (trader)
66,52,1906,DAY 06/01/2025 - moved 8 animals from property ID 52 (farm) to property ID 1906 (farm)
66,82,1273,DAY 06/01/2025 - moved 2 animals from property ID 82 (farm) to property ID 1273 (trader)
66,92,1666,DAY 06/01/2025 - moved 12 animals from property ID 92 (trader) to property ID 1666 (feedlot)
66,92,129,DAY 06/01/2025 - moved 11 animals from property ID 92 (trader) to property ID 129 (farm)
66,92,866,DAY 06/01/2025 - moved 11 animals from property ID 92 (trader) to property ID 866 (feedlot)
66,97,949,DAY 06/01/2025 - moved 7 animals from property ID 97 (farm) to property ID 949 (farm)
66,156,1854,DAY 06/01/2025 - moved 1 animals from property ID 156 (farm) to property ID 1854 (farm)
66,184,1823,DAY 06/01/2025 - moved 5 animals from property ID 184 (farm) to property ID 1823 (trader)
66,189,1102,DAY 06/01/2025 - moved 11 animals from property ID 189 (saleyard) to property ID 1102 (farm)
66,189,1058,DAY 06/01/2025 - moved 12 animals from property ID 189 (saleyard) to property ID 1058 (farm)
66,189,1337,DAY 06/01/2025 - moved 12 animals from property ID 189 (saleyard) to property ID 1337 (farm)
66,198,1823,DAY 06/01/2025 - moved 5 animals from property ID 198 (farm) to property ID 1823 (trader)
66,201,700,DAY 06/01/2025 - moved 6 animals from property ID 201 (farm) to property ID 700 (trader)
66,208,760,DAY 06/01/2025 - moved 8 animals from property ID 208 (farm) to property ID 760 (farm)
66,231,758,DAY 06/01/2025 - moved 8 animals from property ID 231 (farm) to property ID 758 (feedlot)
66,240,1666,DAY 06/01/2025 - moved 5 animals from property ID 240 (farm) to property ID 1666 (feedlot)
66,262,1479,DAY 06/01/2025 - moved 7 animals from property ID 262 (farm) to property ID 1479 (trader)
66,271,1301,DAY 06/01/2025 - moved 5 animals from property ID 271 (farm) to property ID 1301 (saleyard)
66,273,1632,DAY 06/01/2025 - moved 12 animals from property ID 273 (farm) to property ID 1632 (farm)
66,355,866,DAY 06/01/2025 - moved 6 animals from property ID 355 (farm) to property ID 866 (feedlot)
66,389,1823,DAY 06/01/2025 - moved 9 animals from property ID 389 (farm) to property ID 1823 (trader)
66,415,188,DAY 06/01/2025 - moved 9 animals from property ID 415 (trader) to property ID 188 (feedlot)
66,415,1605,DAY 06/01/2025 - moved 9 animals from property ID 415 (trader) to property ID 1605 (farm)
66,420,1273,DAY 06/01/2025 - moved 1 animals from property ID 420 (farm) to property ID 1273 (trader)
66,437,189,DAY 06/01/2025 - moved 5 animals from property ID 437 (farm) to property ID 189 (saleyard)
66,531,753,DAY 06/01/2025 - moved 8 animals from property ID 531 (farm) to property ID 753 (farm)
66,553,900,DAY 06/01/2025 - moved 16 animals from property ID 553 (farm) to property ID 900 (farm)
66,563,264,DAY 06/01/2025 - moved 3 animals from property ID 563 (farm) to property ID 264 (feedlot)
66,574,1479,DAY 06/01/2025 - moved 11 animals from property ID 574 (farm) to property ID 1479 (trader)
66,595,407,DAY 06/01/2025 - moved 10 animals from property ID 595 (farm) to property ID 407 (farm)
66,601,1798,DAY 06/01/2025 - moved 4 animals from property ID 601 (farm) to property ID 1798 (farm)
66,619,483,DAY 06/01/2025 - moved 7 animals from property ID 619 (farm) to property ID 483 (farm)
66,649,1297,DAY 06/01/2025 - moved 2 animals from property ID 649 (farm) to property ID 1297 (farm)
66,657,1273,DAY 06/01/2025 - moved 1 animals from property ID 657 (farm) to property ID 1273 (trader)
66,670,1301,DAY 06/01/2025 - moved 1 animals from property ID 670 (farm) to property ID 1301 (saleyard)
66,676,1436,DAY 06/01/2025 - moved 3 animals from property ID 676 (farm) to property ID 1436 (farm)
66,700,264,DAY 06/01/2025 - moved 7 animals from property ID 700 (trader) to property ID 264 (feedlot)
66,700,199,DAY 06/01/2025 - moved 7 animals from property ID 700 (trader) to property ID 199 (farm)
66,700,1109,DAY 06/01/2025 - moved 7 animals from property ID 700 (trader) to property ID 1109 (feedlot)
66,725,157,DAY 06/01/2025 - moved 3 animals from property ID 725 (farm) to property ID 157 (farm)
66,782,536,DAY 06/01/2025 - moved 77 animals from property ID 782 (trader) to property ID 536 (farm)
66,788,1109,DAY 06/01/2025 - moved 3 animals from property ID 788 (farm) to property ID 1109 (feedlot)
66,805,758,DAY 06/01/2025 - moved 7 animals from property ID 805 (farm) to property ID 758 (feedlot)
66,810,1273,DAY 06/01/2025 - moved 5 animals from property ID 810 (farm) to property ID 1273 (trader)
66,832,117,DAY 06/01/2025 - moved 14 animals from property ID 832 (farm) to property ID 117 (farm)
66,848,502,DAY 06/01/2025 - moved 25 animals from property ID 848 (farm) to property ID 502 (farm)
66,909,239,DAY 06/01/2025 - moved 4 animals from property ID 909 (farm) to property ID 239 (farm)
66,925,1109,DAY 06/01/2025 - moved 8 animals from property ID 925 (farm) to property ID 1109 (feedlot)
66,945,1301,DAY 06/01/2025 - moved 1 animals from property ID 945 (farm) to property ID 1301 (saleyard)
66,952,758,DAY 06/01/2025 - moved 4 animals from property ID 952 (farm) to property ID 758 (feedlot)
66,956,857,DAY 06/01/2025 - moved 4 animals from property ID 956 (farm) to property ID 857 (farm)
66,974,1503,DAY 06/01/2025 - moved 15 animals from property ID 974 (farm) to property ID 1503 (farm)
66,995,714,DAY 06/01/2025 - moved 14 animals from property ID 995 (farm) to property ID 714 (farm)
66,1014,1733,DAY 06/01/2025 - moved 4 animals from property ID 1014 (farm) to property ID 1733 (farm)
66,1046,174,DAY 06/01/2025 - moved 15 animals from property ID 1046 (farm) to property ID 174 (farm)
66,1105,867,DAY 06/01/2025 - moved 8 animals from property ID 1105 (farm) to property ID 867 (feedlot)
66,1122,1273,DAY 06/01/2025 - moved 7 animals from property ID 1122 (farm) to property ID 1273 (trader)
66,1149,189,DAY 06/01/2025 - moved 7 animals from property ID 1149 (farm) to property ID 189 (saleyard)
66,1160,1800,DAY 06/01/2025 - moved 9 animals from property ID 1160 (farm) to property ID 1800 (farm)
66,1166,823,DAY 06/01/2025 - moved 14 animals from property ID 1166 (farm) to property ID 823 (farm)
66,1179,866,DAY 06/01/2025 - moved 5 animals from property ID 1179 (farm) to property ID 866 (feedlot)
66,1200,863,DAY 06/01/2025 - moved 21 animals from property ID 1200 (farm) to property ID 863 (farm)
66,1219,1301,DAY 06/01/2025 - moved 12 animals from property ID 1219 (farm) to property ID 1301 (saleyard)
66,1228,188,DAY 06/01/2025 - moved 6 animals from property ID 1228 (farm) to property ID 188 (feedlot)
66,1230,736,DAY 06/01/2025 - moved 2 animals from property ID 1230 (farm) to property ID 736 (farm)
66,1254,782,DAY 06/01/2025 - moved 14 animals from property ID 1254 (farm) to property ID 782 (trader)
66,1273,82,DAY 06/01/2025 - moved 8 animals from property ID 1273 (trader) to property ID 82 (farm)
66,1273,1881,DAY 06/01/2025 - moved 9 animals from property ID 1273 (trader) to property ID 1881 (farm)
66,1273,1062,DAY 06/01/2025 - moved 9 animals from property ID 1273 (trader) to property ID 1062 (farm)
66,1290,1823,DAY 06/01/2025 - moved 6 animals from property ID 1290 (farm) to property ID 1823 (trader)
66,1301,1402,DAY 06/01/2025 - moved 32 animals from property ID 1301 (saleyard) to property ID 1402 (farm)
66,1314,1714,DAY 06/01/2025 - moved 4 animals from property ID 1314 (farm) to property ID 1714 (farm)
66,1316,1231,DAY 06/01/2025 - moved 3 animals from property ID 1316 (farm) to property ID 1231 (farm)
66,1318,916,DAY 06/01/2025 - moved 2 animals from property ID 1318 (farm) to property ID 916 (farm)
66,1343,758,DAY 06/01/2025 - moved 8 animals from property ID 1343 (farm) to property ID 758 (feedlot)
66,1369,359,DAY 06/01/2025 - moved 12 animals from property ID 1369 (farm) to property ID 359 (farm)
66,1374,469,DAY 06/01/2025 - moved 3 animals from property ID 1374 (farm) to property ID 469 (farm)
66,1383,189,DAY 06/01/2025 - moved 11 animals from property ID 1383 (farm) to property ID 189 (saleyard)
66,1388,92,DAY 06/01/2025 - moved 14 animals from property ID 1388 (farm) to property ID 92 (trader)
66,1427,1119,DAY 06/01/2025 - moved 1 animals from property ID 1427 (farm) to property ID 1119 (trader)
66,1479,313,DAY 06/01/2025 - moved 26 animals from property ID 1479 (trader) to property ID 313 (farm)
66,1479,325,DAY 06/01/2025 - moved 26 animals from property ID 1479 (trader) to property ID 325 (farm)
66,1495,758,DAY 06/01/2025 - moved 9 animals from property ID 1495 (farm) to property ID 758 (feedlot)
66,1522,529,DAY 06/01/2025 - moved 4 animals from property ID 1522 (farm) to property ID 529 (farm)
66,1550,880,DAY 06/01/2025 - moved 4 animals from property ID 1550 (farm) to property ID 880 (farm)
66,1574,1301,DAY 06/01/2025 - moved 8 animals from property ID 1574 (farm) to property ID 1301 (saleyard)
66,1612,1273,DAY 06/01/2025 - moved 4 animals from property ID 1612 (farm) to property ID 1273 (trader)
66,1624,226,DAY 06/01/2025 - moved 39 animals from property ID 1624 (farm) to property ID 226 (farm)
66,1626,782,DAY 06/01/2025 - moved 13 animals from property ID 1626 (farm) to property ID 782 (trader)
66,1651,524,DAY 06/01/2025 - moved 5 animals from property ID 1651 (farm) to property ID 524 (feedlot)
66,1652,1938,DAY 06/01/2025 - moved 4 animals from property ID 1652 (farm) to property ID 1938 (farm)
66,1671,1479,DAY 06/01/2025 - moved 10 animals from property ID 1671 (farm) to property ID 1479 (trader)
66,1685,458,DAY 06/01/2025 - moved 11 animals from property ID 1685 (farm) to property ID 458 (abbattoir)
66,1695,1273,DAY 06/01/2025 - moved 7 animals from property ID 1695 (farm) to property ID 1273 (trader)
66,1700,866,DAY 06/01/2025 - moved 4 animals from property ID 1700 (farm) to property ID 866 (feedlot)
66,1719,782,DAY 06/01/2025 - moved 3 animals from property ID 1719 (farm) to property ID 782 (trader)
66,1742,758,DAY 06/01/2025 - moved 3 animals from property ID 1742 (farm) to property ID 758 (feedlot)
66,1767,1993,DAY 06/01/2025 - moved 4 animals from property ID 1767 (farm) to property ID 1993 (farm)
66,1772,867,DAY 06/01/2025 - moved 8 animals from property ID 1772 (farm) to property ID 867 (feedlot)
66,1773,92,DAY 06/01/2025 - moved 5 animals from property ID 1773 (farm) to property ID 92 (trader)
66,1779,700,DAY 06/01/2025 - moved 16 animals from property ID 1779 (farm) to property ID 700 (trader)
66,1787,809,DAY 06/01/2025 - moved 11 animals from property ID 1787 (farm) to property ID 809 (farm)
66,1794,1109,DAY 06/01/2025 - moved 3 animals from property ID 1794 (farm) to property ID 1109 (feedlot)
66,1806,758,DAY 06/01/2025 - moved 5 animals from property ID 1806 (farm) to property ID 758 (feedlot)
66,1823,1120,DAY 06/01/2025 - moved 36 animals from property ID 1823 (trader) to property ID 1120 (farm)
66,1826,264,DAY 06/01/2025 - moved 6 animals from property ID 1826 (farm) to property ID 264 (feedlot)
66,1840,198,DAY 06/01/2025 - moved 10 animals from property ID 1840 (farm) to property ID 198 (farm)
66,1861,92,DAY 06/01/2025 - moved 3 animals from property ID 1861 (farm) to property ID 92 (trader)
66,1864,293,DAY 06/01/2025 - moved 3 animals from property ID 1864 (farm) to property ID 293 (farm)
66,1881,264,DAY 06/01/2025 - moved 11 animals from property ID 1881 (farm) to property ID 264 (feedlot)
66,1884,1702,DAY 06/01/2025 - moved 5 animals from property ID 1884 (farm) to property ID 1702 (farm)
66,1921,524,DAY 06/01/2025 - moved 2 animals from property ID 1921 (farm) to property ID 524 (feedlot)
66,1924,524,DAY 06/01/2025 - moved 3 animals from property ID 1924 (farm) to property ID 524 (feedlot)
66,1933,1594,DAY 06/01/2025 - moved 14 animals from property ID 1933 (farm) to property ID 1594 (farm)
66,1934,808,DAY 06/01/2025 - moved 1 animals from property ID 1934 (farm) to property ID 808 (farm)
66,1942,264,DAY 06/01/2025 - moved 3 animals from property ID 1942 (farm) to property ID 264 (feedlot)
66,1945,219,DAY 06/01/2025 - moved 37 animals from property ID 1945 (farm) to property ID 219 (farm)
66,1948,1172,DAY 06/01/2025 - moved 14 animals from property ID 1948 (farm) to property ID 1172 (farm)
66,1949,1221,DAY 06/01/2025 - moved 17 animals from property ID 1949 (farm) to property ID 1221 (farm)
66,1953,1062,DAY 06/01/2025 - moved 4 animals from property ID 1953 (farm) to property ID 1062 (farm)
66,1976,1877,DAY 06/01/2025 - moved 3 animals from property ID 1976 (farm) to property ID 1877 (farm)
66,1980,866,DAY 06/01/2025 - moved 4 animals from property ID 1980 (farm) to property ID 866 (feedlot)
67,40,1301,DAY 07/01/2025 - moved 4 animals from property ID 40 (farm) to property ID 1301 (saleyard)
67,63,1119,DAY 07/01/2025 - moved 19 animals from property ID 63 (farm) to property ID 1119 (trader)
67,77,554,DAY 07/01/2025 - moved 6 animals from property ID 77 (farm) to property ID 554 (farm)
67,91,1904,DAY 07/01/2025 - moved 3 animals from property ID 91 (farm) to property ID 1904 (farm)
67,92,842,DAY 07/01/2025 - moved 32 animals from property ID 92 (trader) to property ID 842 (farm)
67,104,782,DAY 07/01/2025 - moved 4 animals from property ID 104 (farm) to property ID 782 (trader)
67,171,446,DAY 07/01/2025 - moved 9 animals from property ID 171 (farm) to property ID 446 (farm)
67,179,189,DAY 07/01/2025 - moved 4 animals from property ID 179 (farm) to property ID 189 (saleyard)
67,180,867,DAY 07/01/2025 - moved 3 animals from property ID 180 (farm) to property ID 867 (feedlot)
67,189,241,DAY 07/01/2025 - moved 6 animals from property ID 189 (saleyard) to property ID 241 (farm)
67,189,1109,DAY 07/01/2025 - moved 7 animals from property ID 189 (saleyard) to property ID 1109 (feedlot)
67,189,885,DAY 07/01/2025 - moved 7 animals from property ID 189 (saleyard) to property ID 885 (farm)
67,189,524,DAY 07/01/2025 - moved 7 animals from property ID 189 (saleyard) to property ID 524 (feedlot)
67,189,524,DAY 07/01/2025 - moved 7 animals from property ID 189 (saleyard) to property ID 524 (feedlot)
67,200,1666,DAY 07/01/2025 - moved 7 animals from property ID 200 (farm) to property ID 1666 (feedlot)
67,212,1301,DAY 07/01/2025 - moved 2 animals from property ID 212 (farm) to property ID 1301 (saleyard)
67,219,1024,DAY 07/01/2025 - moved 21 animals from property ID 219 (farm) to property ID 1024 (farm)
67,225,1985,DAY 07/01/2025 - moved 5 animals from property ID 225 (farm) to property ID 1985 (farm)
67,236,1046,DAY 07/01/2025 - moved 5 animals from property ID 236 (farm) to property ID 1046 (farm)
67,241,1119,DAY 07/01/2025 - moved 1 animals from property ID 241 (farm) to property ID 1119 (trader)
67,249,782,DAY 07/01/2025 - moved 19 animals from property ID 249 (farm) to property ID 782 (trader)
67,277,1378,DAY 07/01/2025 - moved 4 animals from property ID 277 (farm) to property ID 1378 (farm)
67,291,782,DAY 07/01/2025 - moved 5 animals from property ID 291 (farm) to property ID 782 (trader)
67,296,997,DAY 07/01/2025 - moved 17 animals from property ID 296 (farm) to property ID 997 (farm)
67,321,415,DAY 07/01/2025 - moved 4 animals from property ID 321 (farm) to property ID 415 (trader)
67,379,1704,DAY 07/01/2025 - moved 4 animals from property ID 379 (farm) to property ID 1704 (farm)
67,385,1479,DAY 07/01/2025 - moved 34 animals from property ID 385 (farm) to property ID 1479 (trader)
67,387,866,DAY 07/01/2025 - moved 6 animals from property ID 387 (farm) to property ID 866 (feedlot)
67,399,782,DAY 07/01/2025 - moved 16 animals from property ID 399 (farm) to property ID 782 (trader)
67,412,458,DAY 07/01/2025 - moved 12 animals from property ID 412 (farm) to property ID 458 (abbattoir)
67,415,188,DAY 07/01/2025 - moved 7 animals from property ID 415 (trader) to property ID 188 (feedlot)
67,415,1109,DAY 07/01/2025 - moved 8 animals from property ID 415 (trader) to property ID 1109 (feedlot)
67,428,1273,DAY 07/01/2025 - moved 3 animals from property ID 428 (farm) to property ID 1273 (trader)
67,433,1479,DAY 07/01/2025 - moved 8 animals from property ID 433 (farm) to property ID 1479 (trader)
67,441,867,DAY 07/01/2025 - moved 6 animals from property ID 441 (farm) to property ID 867 (feedlot)
67,478,700,DAY 07/01/2025 - moved 4 animals from property ID 478 (farm) to property ID 700 (trader)
67,493,1346,DAY 07/01/2025 - moved 12 animals from property ID 493 (farm) to property ID 1346 (farm)
67,494,189,DAY 07/01/2025 - moved 5 animals from property ID 494 (farm) to property ID 189 (saleyard)
67,508,510,DAY 07/01/2025 - moved 7 animals from property ID 508 (farm) to property ID 510 (farm)
67,510,264,DAY 07/01/2025 - moved 2 animals from property ID 510 (farm) to property ID 264 (feedlot)
67,530,1826,DAY 07/01/2025 - moved 4 animals from property ID 530 (farm) to property ID 1826 (farm)
67,533,1823,DAY 07/01/2025 - moved 6 animals from property ID 533 (farm) to property ID 1823 (trader)
67,535,866,DAY 07/01/2025 - moved 33 animals from property ID 535 (farm) to property ID 866 (feedlot)
67,536,458,DAY 07/01/2025 - moved 29 animals from property ID 536 (farm) to property ID 458 (abbattoir)
67,540,132,DAY 07/01/2025 - moved 6 animals from property ID 540 (farm) to property ID 132 (farm)
67,544,1301,DAY 07/01/2025 - moved 1 animals from property ID 544 (farm) to property ID 1301 (saleyard)
67,554,1745,DAY 07/01/2025 - moved 6 animals from property ID 554 (farm) to property ID 1745 (farm)
67,586,834,DAY 07/01/2025 - moved 4 animals from property ID 586 (farm) to property ID 834 (farm)
67,594,1301,DAY 07/01/2025 - moved 9 animals from property ID 594 (farm) to property ID 1301 (saleyard)
67,614,1273,DAY 07/01/2025 - moved 11 animals from property ID 614 (farm) to property ID 1273 (trader)
67,626,782,DAY 07/01/2025 - moved 22 animals from property ID 626 (farm) to property ID 782 (trader)
67,634,1110,DAY 07/01/2025 - moved 4 animals from property ID 634 (farm) to property ID 1110 (feedlot)
67,648,1632,DAY 07/01/2025 - moved 3 animals from property ID 648 (farm) to property ID 1632 (farm)
67,654,1479,DAY 07/01/2025 - moved 13 animals from property ID 654 (farm) to property ID 1479 (trader)
67,722,1466,DAY 07/01/2025 - moved 22 animals from property ID 722 (farm) to property ID 1466 (farm)
67,731,189,DAY 07/01/2025 - moved 10 animals from property ID 731 (farm) to property ID 189 (saleyard)
67,748,964,DAY 07/01/2025 - moved 2 animals from property ID 748 (farm) to property ID 964 (feedlot)
67,765,904,DAY 07/01/2025 - moved 6 animals from property ID 765 (farm) to property ID 904 (trader)
67,772,758,DAY 07/01/2025 - moved 35 animals from property ID 772 (farm) to property ID 758 (feedlot)
67,782,1591,DAY 07/01/2025 - moved 33 animals from property ID 782 (trader) to property ID 1591 (farm)
67,782,458,DAY 07/01/2025 - moved 34 animals from property ID 782 (trader) to property ID 458 (abbattoir)
67,790,1659,DAY 07/01/2025 - moved 2 animals from property ID 790 (farm) to property ID 1659 (farm)
67,802,1301,DAY 07/01/2025 - moved 3 animals from property ID 802 (farm) to property ID 1301 (saleyard)
67,839,1798,DAY 07/01/2025 - moved 3 animals from property ID 839 (farm) to property ID 1798 (farm)
67,843,1301,DAY 07/01/2025 - moved 4 animals from property ID 843 (farm) to property ID 1301 (saleyard)
67,844,1301,DAY 07/01/2025 - moved 3 animals from property ID 844 (farm) to property ID 1301 (saleyard)
67,874,964,DAY 07/01/2025 - moved 8 animals from property ID 874 (farm) to property ID 964 (feedlot)
67,886,867,DAY 07/01/2025 - moved 9 animals from property ID 886 (farm) to property ID 867 (feedlot)
67,891,1119,DAY 07/01/2025 - moved 8 animals from property ID 891 (farm) to property ID 1119 (trader)
67,904,1202,DAY 07/01/2025 - moved 13 animals from property ID 904 (trader) to property ID 1202 (farm)
67,912,1273,DAY 07/01/2025 - moved 18 animals from property ID 912 (farm) to property ID 1273 (trader)
67,916,1273,DAY 07/01/2025 - moved 3 animals from property ID 916 (farm) to property ID 1273 (trader)
67,951,1666,DAY 07/01/2025 - moved 4 animals from property ID 951 (farm) to property ID 1666 (feedlot)
67,989,1479,DAY 07/01/2025 - moved 11 animals from property ID 989 (farm) to property ID 1479 (trader)
67,997,1513,DAY 07/01/2025 - moved 2 animals from property ID 997 (farm) to property ID 1513 (farm)
67,1018,1872,DAY 07/01/2025 - moved 1 animals from property ID 1018 (farm) to property ID 1872 (farm)
67,1054,415,DAY 07/01/2025 - moved 5 animals from property ID 1054 (farm) to property ID 415 (trader)
67,1058,1638,DAY 07/01/2025 - moved 7 animals from property ID 1058 (farm) to property ID 1638 (farm)
67,1074,782,DAY 07/01/2025 - moved 1 animals from property ID 1074 (farm) to property ID 782 (trader)
67,1094,1823,DAY 07/01/2025 - moved 2 animals from property ID 1094 (farm) to property ID 1823 (trader)
67,1114,189,DAY 07/01/2025 - moved 7 animals from property ID 1114 (farm) to property ID 189 (saleyard)
67,1119,1301,DAY 07/01/2025 - moved 17 animals from property ID 1119 (trader) to property ID 1301 (saleyard)
67,1134,1723,DAY 07/01/2025 - moved 9 animals from property ID 1134 (farm) to property ID 1723 (farm)
67,1139,1666,DAY 07/01/2025 - moved 17 animals from property ID 1139 (farm) to property ID 1666 (feedlot)
67,1144,1466,DAY 07/01/2025 - moved 22 animals from property ID 1144 (farm) to property ID 1466 (farm)
67,1185,866,DAY 07/01/2025 - moved 7 animals from property ID 1185 (farm) to property ID 866 (feedlot)
67,1214,764,DAY 07/01/2025 - moved 7 animals from property ID 1214 (farm) to property ID 764 (farm)
67,1224,866,DAY 07/01/2025 - moved 10 animals from property ID 1224 (farm) to property ID 866 (feedlot)
67,1273,254,DAY 07/01/2025 - moved 8 animals from property ID 1273 (trader) to property ID 254 (farm)
67,1273,1745,DAY 07/01/2025 - moved 9 animals from property ID 1273 (trader) to property ID 1745 (farm)
67,1273,406,DAY 07/01/2025 - moved 9 animals from property ID 1273 (trader) to property ID 406 (farm)
67,1282,1326,DAY 07/01/2025 - moved 4 animals from property ID 1282 (farm) to property ID 1326 (farm)
67,1297,736,DAY 07/01/2025 - moved 6 animals from property ID 1297 (farm) to property ID 736 (farm)
67,1301,1975,DAY 07/01/2025 - moved 31 animals from property ID 1301 (saleyard) to property ID 1975 (farm)
67,1305,1965,DAY 07/01/2025 - moved 4 animals from property ID 1305 (farm) to property ID 1965 (farm)
67,1335,1417,DAY 07/01/2025 - moved 5 animals from property ID 1335 (farm) to property ID 1417 (farm)
67,1336,1102,DAY 07/01/2025 - moved 11 animals from property ID 1336 (farm) to property ID 1102 (farm)
67,1337,1424,DAY 07/01/2025 - moved 5 animals from property ID 1337 (farm) to property ID 1424 (farm)
67,1352,531,DAY 07/01/2025 - moved 31 animals from property ID 1352 (farm) to property ID 531 (farm)
67,1362,1878,DAY 07/01/2025 - moved 5 animals from property ID 1362 (farm) to property ID 1878 (farm)
67,1386,92,DAY 07/01/2025 - moved 17 animals from property ID 1386 (farm) to property ID 92 (trader)
67,1397,389,DAY 07/01/2025 - moved 3 animals from property ID 1397 (farm) to property ID 389 (farm)
67,1436,1823,DAY 07/01/2025 - moved 4 animals from property ID 1436 (farm) to property ID 1823 (trader)
67,1445,597,DAY 07/01/2025 - moved 15 animals from property ID 1445 (farm) to property ID 597 (farm)
67,1449,189,DAY 07/01/2025 - moved 10 animals from property ID 1449 (farm) to property ID 189 (saleyard)
67,1453,189,DAY 07/01/2025 - moved 23 animals from property ID 1453 (farm) to property ID 189 (saleyard)
67,1454,782,DAY 07/01/2025 - moved 24 animals from property ID 1454 (farm) to property ID 782 (trader)
67,1459,687,DAY 07/01/2025 - moved 5 animals from property ID 1459 (farm) to property ID 687 (farm)
67,1485,782,DAY 07/01/2025 - moved 5 animals from property ID 1485 (farm) to property ID 782 (trader)
67,1490,866,DAY 07/01/2025 - moved 1 animals from property ID 1490 (farm) to property ID 866 (feedlot)
67,1513,189,DAY 07/01/2025 - moved 3 animals from property ID 1513 (farm) to property ID 189 (saleyard)
67,1539,92,DAY 07/01/2025 - moved 9 animals from property ID 1539 (farm) to property ID 92 (trader)
67,1559,92,DAY 07/01/2025 - moved 8 animals from property ID 1559 (farm) to property ID 92 (trader)
67,1591,782,DAY 07/01/2025 - moved 19 animals from property ID 1591 (farm) to property ID 782 (trader)
67,1642,866,DAY 07/01/2025 - moved 2 animals from property ID 1642 (farm) to property ID 866 (feedlot)
67,1699,1479,DAY 07/01/2025 - moved 7 animals from property ID 1699 (farm) to property ID 1479 (trader)
67,1705,189,DAY 07/01/2025 - moved 2 animals from property ID 1705 (farm) to property ID 189 (saleyard)
67,1709,1537,DAY 07/01/2025 - moved 25 animals from property ID 1709 (farm) to property ID 1537 (farm)
67,1712,1776,DAY 07/01/2025 - moved 3 animals from property ID 1712 (farm) to property ID 1776 (farm)
67,1725,866,DAY 07/01/2025 - moved 1 animals from property ID 1725 (farm) to property ID 866 (feedlot)
67,1738,1907,DAY 07/01/2025 - moved 8 animals from property ID 1738 (farm) to property ID 1907 (feedlot)
67,1766,941,DAY 07/01/2025 - moved 5 animals from property ID 1766 (farm) to property ID 941 (farm)
67,1770,92,DAY 07/01/2025 - moved 32 animals from property ID 1770 (farm) to property ID 92 (trader)
67,1777,458,DAY 07/01/2025 - moved 15 animals from property ID 1777 (farm) to property ID 458 (abbattoir)
67,1778,1661,DAY 07/01/2025 - moved 2 animals from property ID 1778 (farm) to property ID 1661 (farm)
67,1782,1702,DAY 07/01/2025 - moved 5 animals from property ID 1782 (farm) to property ID 1702 (farm)
67,1793,1851,DAY 07/01/2025 - moved 8 animals from property ID 1793 (farm) to property ID 1851 (farm)
67,1798,1141,DAY 07/01/2025 - moved 2 animals from property ID 1798 (farm) to property ID 1141 (farm)
67,1800,1199,DAY 07/01/2025 - moved 24 animals from property ID 1800 (farm) to property ID 1199 (farm)
67,1803,866,DAY 07/01/2025 - moved 17 animals from property ID 1803 (farm) to property ID 866 (feedlot)
67,1807,782,DAY 07/01/2025 - moved 12 animals from property ID 1807 (farm) to property ID 782 (trader)
67,1820,1164,DAY 07/01/2025 - moved 1 animals from property ID 1820 (farm) to property ID 1164 (farm)
67,1823,141,DAY 07/01/2025 - moved 12 animals from property ID 1823 (trader) to property ID 141 (farm)
67,1823,3,DAY 07/01/2025 - moved 11 animals from property ID 1823 (trader) to property ID 3 (farm)
67,1823,490,DAY 07/01/2025 - moved 11 animals from property ID 1823 (trader) to property ID 490 (farm)
67,1851,92,DAY 07/01/2025 - moved 4 animals from property ID 1851 (farm) to property ID 92 (trader)
67,1875,1687,DAY 07/01/2025 - moved 23 animals from property ID 1875 (farm) to property ID 1687 (farm)
67,1917,782,DAY 07/01/2025 - moved 4 animals from property ID 1917 (farm) to property ID 782 (trader)
67,1946,756,DAY 07/01/2025 - moved 6 animals from property ID 1946 (farm) to property ID 756 (farm)
67,1952,1273,DAY 07/01/2025 - moved 2 animals from property ID 1952 (farm) to property ID 1273 (trader)
67,1986,1907,DAY 07/01/2025 - moved 7 animals from property ID 1986 (farm) to property ID 1907 (feedlot)
68,0,1041,DAY 08/01/2025 - moved 23 animals from property ID 0 (farm) to property ID 1041 (farm)
68,1,264,DAY 08/01/2025 - moved 8 animals from property ID 1 (farm) to property ID 264 (feedlot)
68,25,1012,DAY 08/01/2025 - moved 16 animals from property ID 25 (farm) to property ID 1012 (farm)
68,28,524,DAY 08/01/2025 - moved 2 animals from property ID 28 (farm) to property ID 524 (feedlot)
68,29,1548,DAY 08/01/2025 - moved 8 animals from property ID 29 (farm) to property ID 1548 (farm)
68,34,950,DAY 08/01/2025 - moved 8 animals from property ID 34 (farm) to property ID 950 (farm)
68,35,1716,DAY 08/01/2025 - moved 2 animals from property ID 35 (farm) to property ID 1716 (farm)
68,39,1082,DAY 08/01/2025 - moved 4 animals from property ID 39 (farm) to property ID 1082 (farm)
68,62,1301,DAY 08/01/2025 - moved 6 animals from property ID 62 (farm) to property ID 1301 (saleyard)
68,68,1204,DAY 08/01/2025 - moved 12 animals from property ID 68 (farm) to property ID 1204 (farm)
68,79,458,DAY 08/01/2025 - moved 9 animals from property ID 79 (farm) to property ID 458 (abbattoir)
68,81,1666,DAY 08/01/2025 - moved 8 animals from property ID 81 (farm) to property ID 1666 (feedlot)
68,114,415,DAY 08/01/2025 - moved 5 animals from property ID 114 (farm) to property ID 415 (trader)
68,119,719,DAY 08/01/2025 - moved 6 animals from property ID 119 (farm) to property ID 719 (farm)
68,132,498,DAY 08/01/2025 - moved 4 animals from property ID 132 (farm) to property ID 498 (farm)
68,174,1160,DAY 08/01/2025 - moved 7 animals from property ID 174 (farm) to property ID 1160 (farm)
68,178,1273,DAY 08/01/2025 - moved 6 animals from property ID 178 (farm) to property ID 1273 (trader)
68,203,299,DAY 08/01/2025 - moved 1 animals from property ID 203 (farm) to property ID 299 (farm)
68,207,904,DAY 08/01/2025 - moved 5 animals from property ID 207 (farm) to property ID 904 (trader)
68,211,866,DAY 08/01/2025 - moved 24 animals from property ID 211 (farm) to property ID 866 (feedlot)
68,257,824,DAY 08/01/2025 - moved 5 animals from property ID 257 (farm) to property ID 824 (farm)
68,268,1060,DAY 08/01/2025 - moved 11 animals from property ID 268 (farm) to property ID 1060 (farm)
68,269,867,DAY 08/01/2025 - moved 1 animals from property ID 269 (farm) to property ID 867 (feedlot)
68,288,1005,DAY 08/01/2025 - moved 1 animals from property ID 288 (farm) to property ID 1005 (farm)
68,363,1273,DAY 08/01/2025 - moved 2 animals from property ID 363 (farm) to property ID 1273 (trader)
68,369,189,DAY 08/01/2025 - moved 2 animals from property ID 369 (farm) to property ID 189 (saleyard)
68,402,293,DAY 08/01/2025 - moved 2 animals from property ID 402 (farm) to property ID 293 (farm)
68,410,1666,DAY 08/01/2025 - moved 11 animals from property ID 410 (farm) to property ID 1666 (feedlot)
68,415,673,DAY 08/01/2025 - moved 7 animals from property ID 415 (trader) to property ID 673 (farm)
68,415,1301,DAY 08/01/2025 - moved 6 animals from property ID 415 (trader) to property ID 1301 (saleyard)
68,439,1301,DAY 08/01/2025 - moved 2 animals from property ID 439 (farm) to property ID 1301 (saleyard)
68,443,92,DAY 08/01/2025 - moved 7 animals from property ID 443 (farm) to property ID 92 (trader)
68,449,990,DAY 08/01/2025 - moved 3 animals from property ID 449 (farm) to property ID 990 (farm)
68,453,189,DAY 08/01/2025 - moved 9 animals from property ID 453 (farm) to property ID 189 (saleyard)
68,464,92,DAY 08/01/2025 - moved 5 animals from property ID 464 (farm) to property ID 92 (trader)
68,468,524,DAY 08/01/2025 - moved 6 animals from property ID 468 (farm) to property ID 524 (feedlot)
68,491,964,DAY 08/01/2025 - moved 34 animals from property ID 491 (farm) to property ID 964 (feedlot)
68,522,79,DAY 08/01/2025 - moved 10 animals from property ID 522 (farm) to property ID 79 (farm)
68,537,898,DAY 08/01/2025 - moved 6 animals from property ID 537 (farm) to property ID 898 (farm)
68,546,211,DAY 08/01/2025 - moved 9 animals from property ID 546 (farm) to property ID 211 (farm)
68,558,415,DAY 08/01/2025 - moved 8 animals from property ID 558 (farm) to property ID 415 (trader)
68,579,1109,DAY 08/01/2025 - moved 3 animals from property ID 579 (farm) to property ID 1109 (feedlot)
68,588,1119,DAY 08/01/2025 - moved 14 animals from property ID 588 (farm) to property ID 1119 (trader)
68,591,1479,DAY 08/01/2025 - moved 8 animals from property ID 591 (farm) to property ID 1479 (trader)
68,597,964,DAY 08/01/2025 - moved 6 animals from property ID 597 (farm) to property ID 964 (feedlot)
68,605,867,DAY 08/01/2025 - moved 5 animals from property ID 605 (farm) to property ID 867 (feedlot)
68,612,1273,DAY 08/01/2025 - moved 6 animals from property ID 612 (farm) to property ID 1273 (trader)
68,644,892,DAY 08/01/2025 - moved 6 animals from property ID 644 (farm) to property ID 892 (farm)
68,658,782,DAY 08/01/2025 - moved 13 animals from property ID 658 (farm) to property ID 782 (trader)
68,665,415,DAY 08/01/2025 - moved 5 animals from property ID 665 (farm) to property ID 415 (trader)
68,672,189,DAY 08/01/2025 - moved 3 animals from property ID 672 (farm) to property ID 189 (saleyard)
68,700,519,DAY 08/01/2025 - moved 8 animals from property ID 700 (trader) to property ID 519 (farm)
68,700,929,DAY 08/01/2025 - moved 7 animals from property ID 700 (trader) to property ID 929 (farm)
68,700,524,DAY 08/01/2025 - moved 7 animals from property ID 700 (trader) to property ID 524 (feedlot)
68,701,524,DAY 08/01/2025 - moved 2 animals from property ID 701 (farm) to property ID 524 (feedlot)
68,711,189,DAY 08/01/2025 - moved 3 animals from property ID 711 (farm) to property ID 189 (saleyard)
68,749,935,DAY 08/01/2025 - moved 9 animals from property ID 749 (farm) to property ID 935 (farm)
68,766,782,DAY 08/01/2025 - moved 4 animals from property ID 766 (farm) to property ID 782 (trader)
68,775,904,DAY 08/01/2025 - moved 3 animals from property ID 775 (farm) to property ID 904 (trader)
68,782,1556,DAY 08/01/2025 - moved 26 animals from property ID 782 (trader) to property ID 1556 (farm)
68,782,592,DAY 08/01/2025 - moved 27 animals from property ID 782 (trader) to property ID 592 (farm)
68,782,21,DAY 08/01/2025 - moved 27 animals from property ID 782 (trader) to property ID 21 (farm)
68,796,782,DAY 08/01/2025 - moved 4 animals from property ID 796 (farm) to property ID 782 (trader)
68,801,1301,DAY 08/01/2025 - moved 11 animals from property ID 801 (farm) to property ID 1301 (saleyard)
68,809,758,DAY 08/01/2025 - moved 4 animals from property ID 809 (farm) to property ID 758 (feedlot)
68,816,759,DAY 08/01/2025 - moved 3 animals from property ID 816 (farm) to property ID 759 (farm)
68,831,189,DAY 08/01/2025 - moved 3 animals from property ID 831 (farm) to property ID 189 (saleyard)
68,863,782,DAY 08/01/2025 - moved 6 animals from property ID 863 (farm) to property ID 782 (trader)
68,904,700,DAY 08/01/2025 - moved 6 animals from property ID 904 (trader) to property ID 700 (trader)
68,904,407,DAY 08/01/2025 - moved 6 animals from property ID 904 (trader) to property ID 407 (farm)
68,915,1498,DAY 08/01/2025 - moved 1 animals from property ID 915 (farm) to property ID 1498 (farm)
68,930,640,DAY 08/01/2025 - moved 2 animals from property ID 930 (farm) to property ID 640 (farm)
68,939,188,DAY 08/01/2025 - moved 7 animals from property ID 939 (farm) to property ID 188 (feedlot)
68,940,264,DAY 08/01/2025 - moved 3 animals from property ID 940 (farm) to property ID 264 (feedlot)
68,957,881,DAY 08/01/2025 - moved 31 animals from property ID 957 (farm) to property ID 881 (farm)
68,975,782,DAY 08/01/2025 - moved 2 animals from property ID 975 (farm) to property ID 782 (trader)
68,987,1666,DAY 08/01/2025 - moved 5 animals from property ID 987 (farm) to property ID 1666 (feedlot)
68,1000,428,DAY 08/01/2025 - moved 3 animals from property ID 1000 (farm) to property ID 428 (farm)
68,1002,189,DAY 08/01/2025 - moved 2 animals from property ID 1002 (farm) to property ID 189 (saleyard)
68,1011,1284,DAY 08/01/2025 - moved 2 animals from property ID 1011 (farm) to property ID 1284 (farm)
68,1033,1327,DAY 08/01/2025 - moved 12 animals from property ID 1033 (farm) to property ID 1327 (farm)
68,1049,1804,DAY 08/01/2025 - moved 3 animals from property ID 1049 (farm) to property ID 1804 (farm)
68,1051,901,DAY 08/01/2025 - moved 3 animals from property ID 1051 (farm) to property ID 901 (farm)
68,1075,1301,DAY 08/01/2025 - moved 2 animals from property ID 1075 (farm) to property ID 1301 (saleyard)
68,1099,1097,DAY 08/01/2025 - moved 7 animals from property ID 1099 (farm) to property ID 1097 (farm)
68,1117,39,DAY 08/01/2025 - moved 6 animals from property ID 1117 (farm) to property ID 39 (farm)
68,1119,801,DAY 08/01/2025 - moved 7 animals from property ID 1119 (trader) to property ID 801 (farm)
68,1119,867,DAY 08/01/2025 - moved 6 animals from property ID 1119 (trader) to property ID 867 (feedlot)
68,1119,939,DAY 08/01/2025 - moved 6 animals from property ID 1119 (trader) to property ID 939 (farm)
68,1121,666,DAY 08/01/2025 - moved 13 animals from property ID 1121 (farm) to property ID 666 (farm)
68,1126,1823,DAY 08/01/2025 - moved 2 animals from property ID 1126 (farm) to property ID 1823 (trader)
68,1143,866,DAY 08/01/2025 - moved 2 animals from property ID 1143 (farm) to property ID 866 (feedlot)
68,1145,795,DAY 08/01/2025 - moved 8 animals from property ID 1145 (farm) to property ID 795 (farm)
68,1148,1038,DAY 08/01/2025 - moved 5 animals from property ID 1148 (farm) to property ID 1038 (farm)
68,1155,537,DAY 08/01/2025 - moved 9 animals from property ID 1155 (farm) to property ID 537 (farm)
68,1178,700,DAY 08/01/2025 - moved 8 animals from property ID 1178 (farm) to property ID 700 (trader)
68,1192,1907,DAY 08/01/2025 - moved 1 animals from property ID 1192 (farm) to property ID 1907 (feedlot)
68,1209,867,DAY 08/01/2025 - moved 3 animals from property ID 1209 (farm) to property ID 867 (feedlot)
68,1249,782,DAY 08/01/2025 - moved 5 animals from property ID 1249 (farm) to property ID 782 (trader)
68,1259,841,DAY 08/01/2025 - moved 4 animals from property ID 1259 (farm) to property ID 841 (farm)
68,1265,1318,DAY 08/01/2025 - moved 3 animals from property ID 1265 (farm) to property ID 1318 (farm)
68,1266,1301,DAY 08/01/2025 - moved 1 animals from property ID 1266 (farm) to property ID 1301 (saleyard)
68,1273,706,DAY 08/01/2025 - moved 10 animals from property ID 1273 (trader) to property ID 706 (farm)
68,1273,992,DAY 08/01/2025 - moved 9 animals from property ID 1273 (trader) to property ID 992 (farm)
68,1273,756,DAY 08/01/2025 - moved 9 animals from property ID 1273 (trader) to property ID 756 (farm)
68,1276,415,DAY 08/01/2025 - moved 2 animals from property ID 1276 (farm) to property ID 415 (trader)
68,1300,758,DAY 08/01/2025 - moved 11 animals from property ID 1300 (farm) to property ID 758 (feedlot)
68,1301,1823,DAY 08/01/2025 - moved 17 animals from property ID 1301 (saleyard) to property ID 1823 (trader)
68,1301,692,DAY 08/01/2025 - moved 16 animals from property ID 1301 (saleyard) to property ID 692 (farm)
68,1309,1823,DAY 08/01/2025 - moved 3 animals from property ID 1309 (farm) to property ID 1823 (trader)
68,1319,1878,DAY 08/01/2025 - moved 2 animals from property ID 1319 (farm) to property ID 1878 (farm)
68,1357,106,DAY 08/01/2025 - moved 1 animals from property ID 1357 (farm) to property ID 106 (farm)
68,1387,1737,DAY 08/01/2025 - moved 9 animals from property ID 1387 (farm) to property ID 1737 (farm)
68,1396,1307,DAY 08/01/2025 - moved 5 animals from property ID 1396 (farm) to property ID 1307 (farm)
68,1403,403,DAY 08/01/2025 - moved 10 animals from property ID 1403 (farm) to property ID 403 (farm)
68,1407,1823,DAY 08/01/2025 - moved 5 animals from property ID 1407 (farm) to property ID 1823 (trader)
68,1414,800,DAY 08/01/2025 - moved 3 animals from property ID 1414 (farm) to property ID 800 (farm)
68,1428,1740,DAY 08/01/2025 - moved 19 animals from property ID 1428 (farm) to property ID 1740 (farm)
68,1429,1273,DAY 08/01/2025 - moved 5 animals from property ID 1429 (farm) to property ID 1273 (trader)
68,1434,1823,DAY 08/01/2025 - moved 2 animals from property ID 1434 (farm) to property ID 1823 (trader)
68,1465,616,DAY 08/01/2025 - moved 3 animals from property ID 1465 (farm) to property ID 616 (farm)
68,1472,415,DAY 08/01/2025 - moved 5 animals from property ID 1472 (farm) to property ID 415 (trader)
68,1479,165,DAY 08/01/2025 - moved 62 animals from property ID 1479 (trader) to property ID 165 (farm)
68,1481,524,DAY 08/01/2025 - moved 3 animals from property ID 1481 (farm) to property ID 524 (feedlot)
68,1483,189,DAY 08/01/2025 - moved 9 animals from property ID 1483 (farm) to property ID 189 (saleyard)
68,1508,818,DAY 08/01/2025 - moved 10 animals from property ID 1508 (farm) to property ID 818 (farm)
68,1511,1119,DAY 08/01/2025 - moved 2 animals from property ID 1511 (farm) to property ID 1119 (trader)
68,1534,482,DAY 08/01/2025 - moved 4 animals from property ID 1534 (farm) to property ID 482 (farm)
68,1541,518,DAY 08/01/2025 - moved 2 animals from property ID 1541 (farm) to property ID 518 (farm)
68,1557,1088,DAY 08/01/2025 - moved 4 animals from property ID 1557 (farm) to property ID 1088 (farm)
68,1563,1666,DAY 08/01/2025 - moved 4 animals from property ID 1563 (farm) to property ID 1666 (feedlot)
68,1575,1294,DAY 08/01/2025 - moved 14 animals from property ID 1575 (farm) to property ID 1294 (farm)
68,1594,782,DAY 08/01/2025 - moved 10 animals from property ID 1594 (farm) to property ID 782 (trader)
68,1596,866,DAY 08/01/2025 - moved 6 animals from property ID 1596 (farm) to property ID 866 (feedlot)
68,1625,866,DAY 08/01/2025 - moved 3 animals from property ID 1625 (farm) to property ID 866 (feedlot)
68,1656,1273,DAY 08/01/2025 - moved 6 animals from property ID 1656 (farm) to property ID 1273 (trader)
68,1698,782,DAY 08/01/2025 - moved 29 animals from property ID 1698 (farm) to property ID 782 (trader)
68,1750,822,DAY 08/01/2025 - moved 8 animals from property ID 1750 (farm) to property ID 822 (farm)
68,1760,866,DAY 08/01/2025 - moved 2 animals from property ID 1760 (farm) to property ID 866 (feedlot)
68,1784,524,DAY 08/01/2025 - moved 1 animals from property ID 1784 (farm) to property ID 524 (feedlot)
68,1795,524,DAY 08/01/2025 - moved 1 animals from property ID 1795 (farm) to property ID 524 (feedlot)
68,1802,1117,DAY 08/01/2025 - moved 10 animals from property ID 1802 (farm) to property ID 1117 (farm)
68,1816,675,DAY 08/01/2025 - moved 12 animals from property ID 1816 (farm) to property ID 675 (farm)
68,1823,1443,DAY 08/01/2025 - moved 15 animals from property ID 1823 (trader) to property ID 1443 (farm)
68,1823,867,DAY 08/01/2025 - moved 15 animals from property ID 1823 (trader) to property ID 867 (feedlot)
68,1848,1907,DAY 08/01/2025 - moved 26 animals from property ID 1848 (farm) to property ID 1907 (feedlot)
68,1852,967,DAY 08/01/2025 - moved 3 animals from property ID 1852 (farm) to property ID 967 (farm)
68,1926,297,DAY 08/01/2025 - moved 3 animals from property ID 1926 (farm) to property ID 297 (farm)
68,1937,1109,DAY 08/01/2025 - moved 3 animals from property ID 1937 (farm) to property ID 1109 (feedlot)
68,1958,213,DAY 08/01/2025 - moved 2 animals from property ID 1958 (farm) to property ID 213 (farm)
68,1960,458,DAY 08/01/2025 - moved 2 animals from property ID 1960 (farm) to property ID 458 (abbattoir)
68,1964,1771,DAY 08/01/2025 - moved 4 animals from property ID 1964 (farm) to property ID 1771 (farm)
68,1974,782,DAY 08/01/2025 - moved 13 animals from property ID 1974 (farm) to property ID 782 (trader)
68,1978,642,DAY 08/01/2025 - moved 2 animals from property ID 1978 (farm) to property ID 642 (farm)
68,1995,1119,DAY 08/01/2025 - moved 2 animals from property ID 1995 (farm) to property ID 1119 (trader)
69,3,1081,DAY 09/01/2025 - moved 5 animals from property ID 3 (farm) to property ID 1081 (farm)
69,13,964,DAY 09/01/2025 - moved 10 animals from property ID 13 (farm) to property ID 964 (feedlot)
69,17,758,DAY 09/01/2025 - moved 8 animals from property ID 17 (farm) to property ID 758 (feedlot)
69,26,458,DAY 09/01/2025 - moved 7 animals from property ID 26 (farm) to property ID 458 (abbattoir)
69,32,75,DAY 09/01/2025 - moved 1 animals from property ID 32 (farm) to property ID 75 (farm)
69,38,415,DAY 09/01/2025 - moved 3 animals from property ID 38 (farm) to property ID 415 (trader)
69,70,839,DAY 09/01/2025 - moved 1 animals from property ID 70 (farm) to property ID 839 (farm)
69,83,1933,DAY 09/01/2025 - moved 11 animals from property ID 83 (farm) to property ID 1933 (farm)
69,89,1272,DAY 09/01/2025 - moved 11 animals from property ID 89 (farm) to property ID 1272 (farm)
69,92,866,DAY 09/01/2025 - moved 21 animals from property ID 92 (trader) to property ID 866 (feedlot)
69,92,1354,DAY 09/01/2025 - moved 21 animals from property ID 92 (trader) to property ID 1354 (farm)
69,96,1903,DAY 09/01/2025 - moved 2 animals from property ID 96 (farm) to property ID 1903 (farm)
69,124,1928,DAY 09/01/2025 - moved 3 animals from property ID 124 (farm) to property ID 1928 (farm)
69,131,415,DAY 09/01/2025 - moved 1 animals from property ID 131 (farm) to property ID 415 (trader)
69,136,995,DAY 09/01/2025 - moved 9 animals from property ID 136 (farm) to property ID 995 (farm)
69,139,1117,DAY 09/01/2025 - moved 5 animals from property ID 139 (farm) to property ID 1117 (farm)
69,144,1301,DAY 09/01/2025 - moved 3 animals from property ID 144 (farm) to property ID 1301 (saleyard)
69,147,700,DAY 09/01/2025 - moved 7 animals from property ID 147 (farm) to property ID 700 (trader)
69,158,524,DAY 09/01/2025 - moved 29 animals from property ID 158 (farm) to property ID 524 (feedlot)
69,164,1301,DAY 09/01/2025 - moved 3 animals from property ID 164 (farm) to property ID 1301 (saleyard)
69,168,264,DAY 09/01/2025 - moved 2 animals from property ID 168 (farm) to property ID 264 (feedlot)
69,186,557,DAY 09/01/2025 - moved 8 animals from property ID 186 (farm) to property ID 557 (farm)
69,189,1109,DAY 09/01/2025 - moved 16 animals from property ID 189 (saleyard) to property ID 1109 (feedlot)
69,189,1649,DAY 09/01/2025 - moved 15 animals from property ID 189 (saleyard) to property ID 1649 (farm)
69,189,731,DAY 09/01/2025 - moved 15 animals from property ID 189 (saleyard) to property ID 731 (farm)
69,190,1015,DAY 09/01/2025 - moved 3 animals from property ID 190 (farm) to property ID 1015 (farm)
69,210,1823,DAY 09/01/2025 - moved 16 animals from property ID 210 (farm) to property ID 1823 (trader)
69,213,764,DAY 09/01/2025 - moved 15 animals from property ID 213 (farm) to property ID 764 (farm)
69,220,1110,DAY 09/01/2025 - moved 3 animals from property ID 220 (farm) to property ID 1110 (feedlot)
69,222,1522,DAY 09/01/2025 - moved 1 animals from property ID 222 (farm) to property ID 1522 (farm)
69,235,1273,DAY 09/01/2025 - moved 1 animals from property ID 235 (farm) to property ID 1273 (trader)
69,244,92,DAY 09/01/2025 - moved 5 animals from property ID 244 (farm) to property ID 92 (trader)
69,283,1521,DAY 09/01/2025 - moved 12 animals from property ID 283 (farm) to property ID 1521 (farm)
69,284,904,DAY 09/01/2025 - moved 2 animals from property ID 284 (farm) to property ID 904 (trader)
69,287,1273,DAY 09/01/2025 - moved 2 animals from property ID 287 (farm) to property ID 1273 (trader)
69,358,1480,DAY 09/01/2025 - moved 11 animals from property ID 358 (farm) to property ID 1480 (farm)
69,398,1100,DAY 09/01/2025 - moved 20 animals from property ID 398 (farm) to property ID 1100 (farm)
69,408,758,DAY 09/01/2025 - moved 18 animals from property ID 408 (farm) to property ID 758 (feedlot)
69,411,904,DAY 09/01/2025 - moved 8 animals from property ID 411 (farm) to property ID 904 (trader)
69,415,1797,DAY 09/01/2025 - moved 6 animals from property ID 415 (trader) to property ID 1797 (farm)
69,415,1208,DAY 09/01/2025 - moved 5 animals from property ID 415 (trader) to property ID 1208 (farm)
69,415,1301,DAY 09/01/2025 - moved 5 animals from property ID 415 (trader) to property ID 1301 (saleyard)
69,418,1273,DAY 09/01/2025 - moved 8 animals from property ID 418 (farm) to property ID 1273 (trader)
69,436,1301,DAY 09/01/2025 - moved 1 animals from property ID 436 (farm) to property ID 1301 (saleyard)
69,440,202,DAY 09/01/2025 - moved 8 animals from property ID 440 (farm) to property ID 202 (farm)
69,451,1907,DAY 09/01/2025 - moved 7 animals from property ID 451 (farm) to property ID 1907 (feedlot)
69,469,92,DAY 09/01/2025 - moved 2 animals from property ID 469 (farm) to property ID 92 (trader)
69,479,152,DAY 09/01/2025 - moved 25 animals from property ID 479 (farm) to property ID 152 (farm)
69,482,1348,DAY 09/01/2025 - moved 10 animals from property ID 482 (farm) to property ID 1348 (farm)
69,489,1223,DAY 09/01/2025 - moved 11 animals from property ID 489 (farm) to property ID 1223 (farm)
69,513,866,DAY 09/01/2025 - moved 2 animals from property ID 513 (farm) to property ID 866 (feedlot)
69,585,782,DAY 09/01/2025 - moved 7 animals from property ID 585 (farm) to property ID 782 (trader)
69,618,1909,DAY 09/01/2025 - moved 13 animals from property ID 618 (farm) to property ID 1909 (farm)
69,625,1719,DAY 09/01/2025 - moved 21 animals from property ID 625 (farm) to property ID 1719 (farm)
69,636,189,DAY 09/01/2025 - moved 9 animals from property ID 636 (farm) to property ID 189 (saleyard)
69,640,1301,DAY 09/01/2025 - moved 5 animals from property ID 640 (farm) to property ID 1301 (saleyard)
69,653,1498,DAY 09/01/2025 - moved 5 animals from property ID 653 (farm) to property ID 1498 (farm)
69,664,1693,DAY 09/01/2025 - moved 15 animals from property ID 664 (farm) to property ID 1693 (farm)
69,675,1721,DAY 09/01/2025 - moved 10 animals from property ID 675 (farm) to property ID 1721 (farm)
69,685,1119,DAY 09/01/2025 - moved 4 animals from property ID 685 (farm) to property ID 1119 (trader)
69,687,1721,DAY 09/01/2025 - moved 4 animals from property ID 687 (farm) to property ID 1721 (farm)
69,700,264,DAY 09/01/2025 - moved 11 animals from property ID 700 (trader) to property ID 264 (feedlot)
69,700,690,DAY 09/01/2025 - moved 10 animals from property ID 700 (trader) to property ID 690 (farm)
69,737,853,DAY 09/01/2025 - moved 5 animals from property ID 737 (farm) to property ID 853 (farm)
69,741,1728,DAY 09/01/2025 - moved 3 animals from property ID 741 (farm) to property ID 1728 (farm)
69,746,964,DAY 09/01/2025 - moved 3 animals from property ID 746 (farm) to property ID 964 (feedlot)
69,756,93,DAY 09/01/2025 - moved 6 animals from property ID 756 (farm) to property ID 93 (farm)
69,780,904,DAY 09/01/2025 - moved 4 animals from property ID 780 (farm) to property ID 904 (trader)
69,794,92,DAY 09/01/2025 - moved 6 animals from property ID 794 (farm) to property ID 92 (trader)
69,797,1301,DAY 09/01/2025 - moved 7 animals from property ID 797 (farm) to property ID 1301 (saleyard)
69,828,1119,DAY 09/01/2025 - moved 9 animals from property ID 828 (farm) to property ID 1119 (trader)
69,865,524,DAY 09/01/2025 - moved 14 animals from property ID 865 (farm) to property ID 524 (feedlot)
69,896,285,DAY 09/01/2025 - moved 1 animals from property ID 896 (farm) to property ID 285 (farm)
69,904,1258,DAY 09/01/2025 - moved 3 animals from property ID 904 (trader) to property ID 1258 (farm)
69,904,560,DAY 09/01/2025 - moved 4 animals from property ID 904 (trader) to property ID 560 (farm)
69,904,264,DAY 09/01/2025 - moved 4 animals from property ID 904 (trader) to property ID 264 (feedlot)
69,906,264,DAY 09/01/2025 - moved 2 animals from property ID 906 (farm) to property ID 264 (feedlot)
69,907,627,DAY 09/01/2025 - moved 3 animals from property ID 907 (farm) to property ID 627 (farm)
69,917,1110,DAY 09/01/2025 - moved 4 animals from property ID 917 (farm) to property ID 1110 (feedlot)
69,918,1911,DAY 09/01/2025 - moved 5 animals from property ID 918 (farm) to property ID 1911 (farm)
69,927,189,DAY 09/01/2025 - moved 2 animals from property ID 927 (farm) to property ID 189 (saleyard)
69,929,80,DAY 09/01/2025 - moved 13 animals from property ID 929 (farm) to property ID 80 (farm)
69,949,867,DAY 09/01/2025 - moved 7 animals from property ID 949 (farm) to property ID 867 (feedlot)
69,1008,758,DAY 09/01/2025 - moved 9 animals from property ID 1008 (farm) to property ID 758 (feedlot)
69,1041,943,DAY 09/01/2025 - moved 13 animals from property ID 1041 (farm) to property ID 943 (farm)
69,1042,92,DAY 09/01/2025 - moved 5 animals from property ID 1042 (farm) to property ID 92 (trader)
69,1070,92,DAY 09/01/2025 - moved 1 animals from property ID 1070 (farm) to property ID 92 (trader)
69,1113,1119,DAY 09/01/2025 - moved 2 animals from property ID 1113 (farm) to property ID 1119 (trader)
69,1119,867,DAY 09/01/2025 - moved 19 animals from property ID 1119 (trader) to property ID 867 (feedlot)
69,1172,867,DAY 09/01/2025 - moved 3 animals from property ID 1172 (farm) to property ID 867 (feedlot)
69,1206,145,DAY 09/01/2025 - moved 2 animals from property ID 1206 (farm) to property ID 145 (farm)
69,1207,191,DAY 09/01/2025 - moved 3 animals from property ID 1207 (farm) to property ID 191 (farm)
69,1212,1940,DAY 09/01/2025 - moved 2 animals from property ID 1212 (farm) to property ID 1940 (farm)
69,1247,92,DAY 09/01/2025 - moved 10 animals from property ID 1247 (farm) to property ID 92 (trader)
69,1255,1746,DAY 09/01/2025 - moved 10 animals from property ID 1255 (farm) to property ID 1746 (farm)
69,1273,1568,DAY 09/01/2025 - moved 10 animals from property ID 1273 (trader) to property ID 1568 (farm)
69,1273,1820,DAY 09/01/2025 - moved 9 animals from property ID 1273 (trader) to property ID 1820 (farm)
69,1273,706,DAY 09/01/2025 - moved 9 animals from property ID 1273 (trader) to property ID 706 (farm)
69,1310,1465,DAY 09/01/2025 - moved 13 animals from property ID 1310 (farm) to property ID 1465 (farm)
69,1347,828,DAY 09/01/2025 - moved 4 animals from property ID 1347 (farm) to property ID 828 (farm)
69,1348,92,DAY 09/01/2025 - moved 3 animals from property ID 1348 (farm) to property ID 92 (trader)
69,1354,92,DAY 09/01/2025 - moved 3 animals from property ID 1354 (farm) to property ID 92 (trader)
69,1367,415,DAY 09/01/2025 - moved 13 animals from property ID 1367 (farm) to property ID 415 (trader)
69,1368,1751,DAY 09/01/2025 - moved 2 animals from property ID 1368 (farm) to property ID 1751 (farm)
69,1376,902,DAY 09/01/2025 - moved 1 animals from property ID 1376 (farm) to property ID 902 (farm)
69,1378,1219,DAY 09/01/2025 - moved 3 animals from property ID 1378 (farm) to property ID 1219 (farm)
69,1393,1273,DAY 09/01/2025 - moved 7 animals from property ID 1393 (farm) to property ID 1273 (trader)
69,1418,1273,DAY 09/01/2025 - moved 3 animals from property ID 1418 (farm) to property ID 1273 (trader)
69,1432,359,DAY 09/01/2025 - moved 6 animals from property ID 1432 (farm) to property ID 359 (farm)
69,1448,1273,DAY 09/01/2025 - moved 3 animals from property ID 1448 (farm) to property ID 1273 (trader)
69,1466,1479,DAY 09/01/2025 - moved 10 animals from property ID 1466 (farm) to property ID 1479 (trader)
69,1473,866,DAY 09/01/2025 - moved 3 animals from property ID 1473 (farm) to property ID 866 (feedlot)
69,1488,524,DAY 09/01/2025 - moved 10 animals from property ID 1488 (farm) to property ID 524 (feedlot)
69,1505,1875,DAY 09/01/2025 - moved 3 animals from property ID 1505 (farm) to property ID 1875 (farm)
69,1525,1787,DAY 09/01/2025 - moved 26 animals from property ID 1525 (farm) to property ID 1787 (farm)
69,1602,866,DAY 09/01/2025 - moved 5 animals from property ID 1602 (farm) to property ID 866 (feedlot)
69,1604,59,DAY 09/01/2025 - moved 3 animals from property ID 1604 (farm) to property ID 59 (farm)
69,1632,1823,DAY 09/01/2025 - moved 10 animals from property ID 1632 (farm) to property ID 1823 (trader)
69,1640,365,DAY 09/01/2025 - moved 4 animals from property ID 1640 (farm) to property ID 365 (farm)
69,1645,359,DAY 09/01/2025 - moved 3 animals from property ID 1645 (farm) to property ID 359 (farm)
69,1650,782,DAY 09/01/2025 - moved 2 animals from property ID 1650 (farm) to property ID 782 (trader)
69,1654,1119,DAY 09/01/2025 - moved 3 animals from property ID 1654 (farm) to property ID 1119 (trader)
69,1670,1909,DAY 09/01/2025 - moved 2 animals from property ID 1670 (farm) to property ID 1909 (farm)
69,1673,1301,DAY 09/01/2025 - moved 2 animals from property ID 1673 (farm) to property ID 1301 (saleyard)
69,1711,866,DAY 09/01/2025 - moved 4 animals from property ID 1711 (farm) to property ID 866 (feedlot)
69,1723,1727,DAY 09/01/2025 - moved 8 animals from property ID 1723 (farm) to property ID 1727 (farm)
69,1743,867,DAY 09/01/2025 - moved 9 animals from property ID 1743 (farm) to property ID 867 (feedlot)
69,1753,1958,DAY 09/01/2025 - moved 13 animals from property ID 1753 (farm) to property ID 1958 (farm)
69,1759,553,DAY 09/01/2025 - moved 8 animals from property ID 1759 (farm) to property ID 553 (farm)
69,1823,886,DAY 09/01/2025 - moved 30 animals from property ID 1823 (trader) to property ID 886 (farm)
69,1824,1859,DAY 09/01/2025 - moved 83 animals from property ID 1824 (farm) to property ID 1859 (farm)
69,1883,1569,DAY 09/01/2025 - moved 1 animals from property ID 1883 (farm) to property ID 1569 (farm)
69,1885,458,DAY 09/01/2025 - moved 20 animals from property ID 1885 (farm) to property ID 458 (abbattoir)
69,1895,867,DAY 09/01/2025 - moved 1 animals from property ID 1895 (farm) to property ID 867 (feedlot)
69,1899,1119,DAY 09/01/2025 - moved 4 animals from property ID 1899 (farm) to property ID 1119 (trader)
69,1905,1273,DAY 09/01/2025 - moved 3 animals from property ID 1905 (farm) to property ID 1273 (trader)
69,1919,1113,DAY 09/01/2025 - moved 2 animals from property ID 1919 (farm) to property ID 1113 (farm)
69,1938,1471,DAY 09/01/2025 - moved 4 animals from property ID 1938 (farm) to property ID 1471 (farm)
69,1941,639,DAY 09/01/2025 - moved 4 animals from property ID 1941 (farm) to property ID 639 (farm)
69,1950,1532,DAY 09/01/2025 - moved 3 animals from property ID 1950 (farm) to property ID 1532 (farm)
69,1956,1841,DAY 09/01/2025 - moved 19 animals from property ID 1956 (farm) to property ID 1841 (farm)
69,1984,1020,DAY 09/01/2025 - moved 1 animals from property ID 1984 (farm) to property ID 1020 (farm)
69,1993,867,DAY 09/01/2025 - moved 7 animals from property ID 1993 (farm) to property ID 867 (feedlot)
70,5,120,DAY 10/01/2025 - moved 7 animals from property ID 5 (farm) to property ID 120 (farm)
70,10,549,DAY 10/01/2025 - moved 16 animals from property ID 10 (farm) to property ID 549 (farm)
70,54,1479,DAY 10/01/2025 - moved 6 animals from property ID 54 (farm) to property ID 1479 (trader)
70,60,928,DAY 10/01/2025 - moved 13 animals from property ID 60 (farm) to property ID 928 (farm)
70,92,173,DAY 10/01/2025 - moved 40 animals from property ID 92 (trader) to property ID 173 (farm)
70,101,1119,DAY 10/01/2025 - moved 5 animals from property ID 101 (farm) to property ID 1119 (trader)
70,112,1301,DAY 10/01/2025 - moved 3 animals from property ID 112 (farm) to property ID 1301 (saleyard)
70,129,1279,DAY 10/01/2025 - moved 3 animals from property ID 129 (farm) to property ID 1279 (farm)
70,151,866,DAY 10/01/2025 - moved 10 animals from property ID 151 (farm) to property ID 866 (feedlot)
70,165,548,DAY 10/01/2025 - moved 24 animals from property ID 165 (farm) to property ID 548 (farm)
70,166,517,DAY 10/01/2025 - moved 8 animals from property ID 166 (farm) to property ID 517 (farm)
70,189,1827,DAY 10/01/2025 - moved 9 animals from property ID 189 (saleyard) to property ID 1827 (farm)
70,189,188,DAY 10/01/2025 - moved 10 animals from property ID 189 (saleyard) to property ID 188 (feedlot)
70,189,188,DAY 10/01/2025 - moved 10 animals from property ID 189 (saleyard) to property ID 188 (feedlot)
70,189,188,DAY 10/01/2025 - moved 10 animals from property ID 189 (saleyard) to property ID 188 (feedlot)
70,192,1073,DAY 10/01/2025 - moved 4 animals from property ID 192 (farm) to property ID 1073 (farm)
70,229,1518,DAY 10/01/2025 - moved 7 animals from property ID 229 (farm) to property ID 1518 (farm)
70,233,139,DAY 10/01/2025 - moved 1 animals from property ID 233 (farm) to property ID 139 (farm)
70,242,1109,DAY 10/01/2025 - moved 3 animals from property ID 242 (farm) to property ID 1109 (feedlot)
70,255,1301,DAY 10/01/2025 - moved 7 animals from property ID 255 (farm) to property ID 1301 (saleyard)
70,265,700,DAY 10/01/2025 - moved 12 animals from property ID 265 (farm) to property ID 700 (trader)
70,308,964,DAY 10/01/2025 - moved 3 animals from property ID 308 (farm) to property ID 964 (feedlot)
70,324,753,DAY 10/01/2025 - moved 3 animals from property ID 324 (farm) to property ID 753 (farm)
70,329,626,DAY 10/01/2025 - moved 14 animals from property ID 329 (farm) to property ID 626 (farm)
70,333,1333,DAY 10/01/2025 - moved 11 animals from property ID 333 (farm) to property ID 1333 (farm)
70,354,635,DAY 10/01/2025 - moved 4 animals from property ID 354 (farm) to property ID 635 (farm)
70,368,415,DAY 10/01/2025 - moved 5 animals from property ID 368 (farm) to property ID 415 (trader)
70,395,1910,DAY 10/01/2025 - moved 33 animals from property ID 395 (farm) to property ID 1910 (farm)
70,414,640,DAY 10/01/2025 - moved 1 animals from property ID 414 (farm) to property ID 640 (farm)
70,415,1109,DAY 10/01/2025 - moved 6 animals from property ID 415 (trader) to property ID 1109 (feedlot)
70,415,1371,DAY 10/01/2025 - moved 5 animals from property ID 415 (trader) to property ID 1371 (farm)
70,415,1301,DAY 10/01/2025 - moved 5 animals from property ID 415 (trader) to property ID 1301 (saleyard)
70,422,1119,DAY 10/01/2025 - moved 4 animals from property ID 422 (farm) to property ID 1119 (trader)
70,447,973,DAY 10/01/2025 - moved 14 animals from property ID 447 (farm) to property ID 973 (farm)
70,454,188,DAY 10/01/2025 - moved 2 animals from property ID 454 (farm) to property ID 188 (feedlot)
70,481,1119,DAY 10/01/2025 - moved 1 animals from property ID 481 (farm) to property ID 1119 (trader)
70,499,1110,DAY 10/01/2025 - moved 2 animals from property ID 499 (farm) to property ID 1110 (feedlot)
70,503,201,DAY 10/01/2025 - moved 4 animals from property ID 503 (farm) to property ID 201 (farm)
70,509,1301,DAY 10/01/2025 - moved 4 animals from property ID 509 (farm) to property ID 1301 (saleyard)
70,528,1273,DAY 10/01/2025 - moved 4 animals from property ID 528 (farm) to property ID 1273 (trader)
70,557,804,DAY 10/01/2025 - moved 3 animals from property ID 557 (farm) to property ID 804 (farm)
70,560,1109,DAY 10/01/2025 - moved 5 animals from property ID 560 (farm) to property ID 1109 (feedlot)
70,562,1479,DAY 10/01/2025 - moved 17 animals from property ID 562 (farm) to property ID 1479 (trader)
70,570,1052,DAY 10/01/2025 - moved 2 animals from property ID 570 (farm) to property ID 1052 (farm)
70,580,301,DAY 10/01/2025 - moved 4 animals from property ID 580 (farm) to property ID 301 (farm)
70,623,1207,DAY 10/01/2025 - moved 2 animals from property ID 623 (farm) to property ID 1207 (farm)
70,624,1273,DAY 10/01/2025 - moved 2 animals from property ID 624 (farm) to property ID 1273 (trader)
70,633,964,DAY 10/01/2025 - moved 3 animals from property ID 633 (farm) to property ID 964 (feedlot)
70,652,1907,DAY 10/01/2025 - moved 1 animals from property ID 652 (farm) to property ID 1907 (feedlot)
70,661,964,DAY 10/01/2025 - moved 4 animals from property ID 661 (farm) to property ID 964 (feedlot)
70,668,1823,DAY 10/01/2025 - moved 6 animals from property ID 668 (farm) to property ID 1823 (trader)
70,692,1301,DAY 10/01/2025 - moved 4 animals from property ID 692 (farm) to property ID 1301 (saleyard)
70,700,904,DAY 10/01/2025 - moved 6 animals from property ID 700 (trader) to property ID 904 (trader)
70,700,1110,DAY 10/01/2025 - moved 6 animals from property ID 700 (trader) to property ID 1110 (feedlot)
70,700,264,DAY 10/01/2025 - moved 6 animals from property ID 700 (trader) to property ID 264 (feedlot)
70,721,433,DAY 10/01/2025 - moved 10 animals from property ID 721 (farm) to property ID 433 (farm)
70,732,189,DAY 10/01/2025 - moved 3 animals from property ID 732 (farm) to property ID 189 (saleyard)
70,753,1823,DAY 10/01/2025 - moved 9 animals from property ID 753 (farm) to property ID 1823 (trader)
70,755,1870,DAY 10/01/2025 - moved 6 animals from property ID 755 (farm) to property ID 1870 (farm)
70,764,92,DAY 10/01/2025 - moved 11 animals from property ID 764 (farm) to property ID 92 (trader)
70,782,226,DAY 10/01/2025 - moved 27 animals from property ID 782 (trader) to property ID 226 (farm)
70,782,365,DAY 10/01/2025 - moved 28 animals from property ID 782 (trader) to property ID 365 (farm)
70,782,104,DAY 10/01/2025 - moved 28 animals from property ID 782 (trader) to property ID 104 (farm)
70,804,566,DAY 10/01/2025 - moved 1 animals from property ID 804 (farm) to property ID 566 (farm)
70,807,1109,DAY 10/01/2025 - moved 1 animals from property ID 807 (farm) to property ID 1109 (feedlot)
70,815,418,DAY 10/01/2025 - moved 25 animals from property ID 815 (farm) to property ID 418 (farm)
70,818,1930,DAY 10/01/2025 - moved 8 animals from property ID 818 (farm) to property ID 1930 (farm)
70,876,1471,DAY 10/01/2025 - moved 4 animals from property ID 876 (farm) to property ID 1471 (farm)
70,882,700,DAY 10/01/2025 - moved 14 animals from property ID 882 (farm) to property ID 700 (trader)
70,883,1119,DAY 10/01/2025 - moved 3 animals from property ID 883 (farm) to property ID 1119 (trader)
70,890,558,DAY 10/01/2025 - moved 1 animals from property ID 890 (farm) to property ID 558 (farm)
70,893,1119,DAY 10/01/2025 - moved 1 animals from property ID 893 (farm) to property ID 1119 (trader)
70,900,1479,DAY 10/01/2025 - moved 31 animals from property ID 900 (farm) to property ID 1479 (trader)
70,904,598,DAY 10/01/2025 - moved 11 animals from property ID 904 (trader) to property ID 598 (farm)
70,922,964,DAY 10/01/2025 - moved 59 animals from property ID 922 (farm) to property ID 964 (feedlot)
70,935,92,DAY 10/01/2025 - moved 9 animals from property ID 935 (farm) to property ID 92 (trader)
70,950,458,DAY 10/01/2025 - moved 3 animals from property ID 950 (farm) to property ID 458 (abbattoir)
70,965,1301,DAY 10/01/2025 - moved 5 animals from property ID 965 (farm) to property ID 1301 (saleyard)
70,984,1232,DAY 10/01/2025 - moved 7 animals from property ID 984 (farm) to property ID 1232 (farm)
70,993,1782,DAY 10/01/2025 - moved 3 animals from property ID 993 (farm) to property ID 1782 (farm)
70,1005,1273,DAY 10/01/2025 - moved 6 animals from property ID 1005 (farm) to property ID 1273 (trader)
70,1020,1260,DAY 10/01/2025 - moved 16 animals from property ID 1020 (farm) to property ID 1260 (farm)
70,1028,1301,DAY 10/01/2025 - moved 6 animals from property ID 1028 (farm) to property ID 1301 (saleyard)
70,1047,590,DAY 10/01/2025 - moved 1 animals from property ID 1047 (farm) to property ID 590 (farm)
70,1053,415,DAY 10/01/2025 - moved 2 animals from property ID 1053 (farm) to property ID 415 (trader)
70,1063,1301,DAY 10/01/2025 - moved 5 animals from property ID 1063 (farm) to property ID 1301 (saleyard)
70,1069,1503,DAY 10/01/2025 - moved 4 animals from property ID 1069 (farm) to property ID 1503 (farm)
70,1089,1208,DAY 10/01/2025 - moved 5 animals from property ID 1089 (farm) to property ID 1208 (farm)
70,1096,904,DAY 10/01/2025 - moved 8 animals from property ID 1096 (farm) to property ID 904 (trader)
70,1097,1080,DAY 10/01/2025 - moved 3 animals from property ID 1097 (farm) to property ID 1080 (farm)
70,1102,189,DAY 10/01/2025 - moved 5 animals from property ID 1102 (farm) to property ID 189 (saleyard)
70,1119,1425,DAY 10/01/2025 - moved 20 animals from property ID 1119 (trader) to property ID 1425 (farm)
70,1120,867,DAY 10/01/2025 - moved 7 animals from property ID 1120 (farm) to property ID 867 (feedlot)
70,1135,1,DAY 10/01/2025 - moved 2 animals from property ID 1135 (farm) to property ID 1 (farm)
70,1140,1554,DAY 10/01/2025 - moved 4 animals from property ID 1140 (farm) to property ID 1554 (farm)
70,1158,102,DAY 10/01/2025 - moved 7 animals from property ID 1158 (farm) to property ID 102 (farm)
70,1173,867,DAY 10/01/2025 - moved 12 animals from property ID 1173 (farm) to property ID 867 (feedlot)
70,1174,267,DAY 10/01/2025 - moved 5 animals from property ID 1174 (farm) to property ID 267 (farm)
70,1181,1885,DAY 10/01/2025 - moved 21 animals from property ID 1181 (farm) to property ID 1885 (farm)
70,1182,1823,DAY 10/01/2025 - moved 8 animals from property ID 1182 (farm) to property ID 1823 (trader)
70,1238,1360,DAY 10/01/2025 - moved 26 animals from property ID 1238 (farm) to property ID 1360 (farm)
70,1242,189,DAY 10/01/2025 - moved 4 animals from property ID 1242 (farm) to property ID 189 (saleyard)
70,1261,782,DAY 10/01/2025 - moved 8 animals from property ID 1261 (farm) to property ID 782 (trader)
70,1293,92,DAY 10/01/2025 - moved 7 animals from property ID 1293 (farm) to property ID 92 (trader)
70,1296,80,DAY 10/01/2025 - moved 4 animals from property ID 1296 (farm) to property ID 80 (farm)
70,1315,867,DAY 10/01/2025 - moved 1 animals from property ID 1315 (farm) to property ID 867 (feedlot)
70,1370,329,DAY 10/01/2025 - moved 36 animals from property ID 1370 (farm) to property ID 329 (farm)
70,1455,1022,DAY 10/01/2025 - moved 19 animals from property ID 1455 (farm) to property ID 1022 (farm)
70,1479,758,DAY 10/01/2025 - moved 27 animals from property ID 1479 (trader) to property ID 758 (feedlot)
70,1479,1628,DAY 10/01/2025 - moved 26 animals from property ID 1479 (trader) to property ID 1628 (farm)
70,1499,1119,DAY 10/01/2025 - moved 5 animals from property ID 1499 (farm) to property ID 1119 (trader)
70,1520,1109,DAY 10/01/2025 - moved 1 animals from property ID 1520 (farm) to property ID 1109 (feedlot)
70,1523,388,DAY 10/01/2025 - moved 5 animals from property ID 1523 (farm) to property ID 388 (farm)
70,1528,291,DAY 10/01/2025 - moved 7 animals from property ID 1528 (farm) to property ID 291 (farm)
70,1552,1916,DAY 10/01/2025 - moved 7 animals from property ID 1552 (farm) to property ID 1916 (farm)
70,1554,1147,DAY 10/01/2025 - moved 12 animals from property ID 1554 (farm) to property ID 1147 (farm)
70,1578,1881,DAY 10/01/2025 - moved 8 animals from property ID 1578 (farm) to property ID 1881 (farm)
70,1584,285,DAY 10/01/2025 - moved 9 animals from property ID 1584 (farm) to property ID 285 (farm)
70,1585,1301,DAY 10/01/2025 - moved 2 animals from property ID 1585 (farm) to property ID 1301 (saleyard)
70,1607,1765,DAY 10/01/2025 - moved 3 animals from property ID 1607 (farm) to property ID 1765 (farm)
70,1610,1301,DAY 10/01/2025 - moved 4 animals from property ID 1610 (farm) to property ID 1301 (saleyard)
70,1611,1916,DAY 10/01/2025 - moved 4 animals from property ID 1611 (farm) to property ID 1916 (farm)
70,1613,961,DAY 10/01/2025 - moved 14 animals from property ID 1613 (farm) to property ID 961 (farm)
70,1619,92,DAY 10/01/2025 - moved 3 animals from property ID 1619 (farm) to property ID 92 (trader)
70,1629,1119,DAY 10/01/2025 - moved 2 animals from property ID 1629 (farm) to property ID 1119 (trader)
70,1633,1315,DAY 10/01/2025 - moved 1 animals from property ID 1633 (farm) to property ID 1315 (farm)
70,1661,195,DAY 10/01/2025 - moved 19 animals from property ID 1661 (farm) to property ID 195 (farm)
70,1693,1370,DAY 10/01/2025 - moved 21 animals from property ID 1693 (farm) to property ID 1370 (farm)
70,1704,1479,DAY 10/01/2025 - moved 21 animals from property ID 1704 (farm) to property ID 1479 (trader)
70,1706,1629,DAY 10/01/2025 - moved 5 animals from property ID 1706 (farm) to property ID 1629 (farm)
70,1796,647,DAY 10/01/2025 - moved 4 animals from property ID 1796 (farm) to property ID 647 (farm)
70,1823,255,DAY 10/01/2025 - moved 9 animals from property ID 1823 (trader) to property ID 255 (farm)
70,1823,1048,DAY 10/01/2025 - moved 10 animals from property ID 1823 (trader) to property ID 1048 (farm)
70,1823,1841,DAY 10/01/2025 - moved 10 animals from property ID 1823 (trader) to property ID 1841 (farm)
70,1825,1301,DAY 10/01/2025 - moved 8 animals from property ID 1825 (farm) to property ID 1301 (saleyard)
70,1830,189,DAY 10/01/2025 - moved 4 animals from property ID 1830 (farm) to property ID 189 (saleyard)
70,1834,1818,DAY 10/01/2025 - moved 6 animals from property ID 1834 (farm) to property ID 1818 (farm)
70,1842,92,DAY 10/01/2025 - moved 9 animals from property ID 1842 (farm) to property ID 92 (trader)
70,1843,243,DAY 10/01/2025 - moved 2 animals from property ID 1843 (farm) to property ID 243 (farm)
70,1868,1097,DAY 10/01/2025 - moved 5 animals from property ID 1868 (farm) to property ID 1097 (farm)
70,1877,964,DAY 10/01/2025 - moved 6 animals from property ID 1877 (farm) to property ID 964 (feedlot)
70,1880,588,DAY 10/01/2025 - moved 6 animals from property ID 1880 (farm) to property ID 588 (farm)
70,1892,1823,DAY 10/01/2025 - moved 2 animals from property ID 1892 (farm) to property ID 1823 (trader)
70,1909,1273,DAY 10/01/2025 - moved 5 animals from property ID 1909 (farm) to property ID 1273 (trader)
70,1939,92,DAY 10/01/2025 - moved 3 animals from property ID 1939 (farm) to property ID 92 (trader)
70,1965,415,DAY 10/01/2025 - moved 1 animals from property ID 1965 (farm) to property ID 415 (trader)
70,1979,452,DAY 10/01/2025 - moved 1 animals from property ID 1979 (farm) to property ID 452 (farm)
70,1988,261,DAY 10/01/2025 - moved 2 animals from property ID 1988 (farm) to property ID 261 (farm)
71,7,189,DAY 11/01/2025 - moved 6 animals from property ID 7 (farm) to property ID 189 (saleyard)
71,20,1479,DAY 11/01/2025 - moved 2 animals from property ID 20 (farm) to property ID 1479 (trader)
71,21,341,DAY 11/01/2025 - moved 27 animals from property ID 21 (farm) to property ID 341 (farm)
71,30,866,DAY 11/01/2025 - moved 1 animals from property ID 30 (farm) to property ID 866 (feedlot)
71,31,1976,DAY 11/01/2025 - moved 3 animals from property ID 31 (farm) to property ID 1976 (farm)
71,33,189,DAY 11/01/2025 - moved 13 animals from property ID 33 (farm) to property ID 189 (saleyard)
71,52,495,DAY 11/01/2025 - moved 7 animals from property ID 52 (farm) to property ID 495 (farm)
71,57,1390,DAY 11/01/2025 - moved 2 animals from property ID 57 (farm) to property ID 1390 (farm)
71,74,498,DAY 11/01/2025 - moved 3 animals from property ID 74 (farm) to property ID 498 (farm)
71,87,92,DAY 11/01/2025 - moved 3 animals from property ID 87 (farm) to property ID 92 (trader)
71,98,818,DAY 11/01/2025 - moved 5 animals from property ID 98 (farm) to property ID 818 (farm)
71,102,1527,DAY 11/01/2025 - moved 14 animals from property ID 102 (farm) to property ID 1527 (farm)
71,189,512,DAY 11/01/2025 - moved 5 animals from property ID 189 (saleyard) to property ID 512 (farm)
71,189,1111,DAY 11/01/2025 - moved 6 animals from property ID 189 (saleyard) to property ID 1111 (farm)
71,189,1109,DAY 11/01/2025 - moved 6 animals from property ID 189 (saleyard) to property ID 1109 (feedlot)
71,189,1149,DAY 11/01/2025 - moved 6 animals from property ID 189 (saleyard) to property ID 1149 (farm)
71,189,717,DAY 11/01/2025 - moved 6 animals from property ID 189 (saleyard) to property ID 717 (farm)
71,189,524,DAY 11/01/2025 - moved 6 animals from property ID 189 (saleyard) to property ID 524 (feedlot)
71,201,524,DAY 11/01/2025 - moved 6 animals from property ID 201 (farm) to property ID 524 (feedlot)
71,240,92,DAY 11/01/2025 - moved 5 animals from property ID 240 (farm) to property ID 92 (trader)
71,273,23,DAY 11/01/2025 - moved 10 animals from property ID 273 (farm) to property ID 23 (farm)
71,299,531,DAY 11/01/2025 - moved 3 animals from property ID 299 (farm) to property ID 531 (farm)
71,335,758,DAY 11/01/2025 - moved 6 animals from property ID 335 (farm) to property ID 758 (feedlot)
71,341,2,DAY 11/01/2025 - moved 10 animals from property ID 341 (farm) to property ID 2 (farm)
71,346,867,DAY 11/01/2025 - moved 6 animals from property ID 346 (farm) to property ID 867 (feedlot)
71,373,92,DAY 11/01/2025 - moved 4 animals from property ID 373 (farm) to property ID 92 (trader)
71,377,967,DAY 11/01/2025 - moved 17 animals from property ID 377 (farm) to property ID 967 (farm)
71,389,1301,DAY 11/01/2025 - moved 9 animals from property ID 389 (farm) to property ID 1301 (saleyard)
71,431,1141,DAY 11/01/2025 - moved 3 animals from property ID 431 (farm) to property ID 1141 (farm)
71,434,1397,DAY 11/01/2025 - moved 2 animals from property ID 434 (farm) to property ID 1397 (farm)
71,448,1055,DAY 11/01/2025 - moved 18 animals from property ID 448 (farm) to property ID 1055 (farm)
71,534,867,DAY 11/01/2025 - moved 10 animals from property ID 534 (farm) to property ID 867 (feedlot)
71,542,189,DAY 11/01/2025 - moved 2 animals from property ID 542 (farm) to property ID 189 (saleyard)
71,545,1479,DAY 11/01/2025 - moved 10 animals from property ID 545 (farm) to property ID 1479 (trader)
71,553,433,DAY 11/01/2025 - moved 16 animals from property ID 553 (farm) to property ID 433 (farm)
71,563,1952,DAY 11/01/2025 - moved 3 animals from property ID 563 (farm) to property ID 1952 (farm)
71,578,1078,DAY 11/01/2025 - moved 7 animals from property ID 578 (farm) to property ID 1078 (farm)
71,581,84,DAY 11/01/2025 - moved 2 animals from property ID 581 (farm) to property ID 84 (farm)
71,601,1656,DAY 11/01/2025 - moved 3 animals from property ID 601 (farm) to property ID 1656 (farm)
71,613,867,DAY 11/01/2025 - moved 1 animals from property ID 613 (farm) to property ID 867 (feedlot)
71,619,188,DAY 11/01/2025 - moved 7 animals from property ID 619 (farm) to property ID 188 (feedlot)
71,663,1532,DAY 11/01/2025 - moved 4 animals from property ID 663 (farm) to property ID 1532 (farm)
71,683,413,DAY 11/01/2025 - moved 1 animals from property ID 683 (farm) to property ID 413 (farm)
71,700,1337,DAY 11/01/2025 - moved 7 animals from property ID 700 (trader) to property ID 1337 (farm)
71,700,524,DAY 11/01/2025 - moved 6 animals from property ID 700 (trader) to property ID 524 (feedlot)
71,700,483,DAY 11/01/2025 - moved 6 animals from property ID 700 (trader) to property ID 483 (farm)
71,702,268,DAY 11/01/2025 - moved 15 animals from property ID 702 (farm) to property ID 268 (farm)
71,712,1479,DAY 11/01/2025 - moved 6 animals from property ID 712 (farm) to property ID 1479 (trader)
71,740,1249,DAY 11/01/2025 - moved 12 animals from property ID 740 (farm) to property ID 1249 (farm)
71,760,773,DAY 11/01/2025 - moved 11 animals from property ID 760 (farm) to property ID 773 (farm)
71,777,338,DAY 11/01/2025 - moved 3 animals from property ID 777 (farm) to property ID 338 (farm)
71,782,458,DAY 11/01/2025 - moved 34 animals from property ID 782 (trader) to property ID 458 (abbattoir)
71,782,626,DAY 11/01/2025 - moved 34 animals from property ID 782 (trader) to property ID 626 (farm)
71,793,1823,DAY 11/01/2025 - moved 3 animals from property ID 793 (farm) to property ID 1823 (trader)
71,805,758,DAY 11/01/2025 - moved 6 animals from property ID 805 (farm) to property ID 758 (feedlot)
71,810,1273,DAY 11/01/2025 - moved 4 animals from property ID 810 (farm) to property ID 1273 (trader)
71,821,1604,DAY 11/01/2025 - moved 2 animals from property ID 821 (farm) to property ID 1604 (farm)
71,841,247,DAY 11/01/2025 - moved 3 animals from property ID 841 (farm) to property ID 247 (farm)
71,850,1637,DAY 11/01/2025 - moved 17 animals from property ID 850 (farm) to property ID 1637 (farm)
71,853,1666,DAY 11/01/2025 - moved 2 animals from property ID 853 (farm) to property ID 1666 (feedlot)
71,854,1479,DAY 11/01/2025 - moved 8 animals from property ID 854 (farm) to property ID 1479 (trader)
71,864,1526,DAY 11/01/2025 - moved 12 animals from property ID 864 (farm) to property ID 1526 (farm)
71,870,1110,DAY 11/01/2025 - moved 4 animals from property ID 870 (farm) to property ID 1110 (feedlot)
71,871,1109,DAY 11/01/2025 - moved 1 animals from property ID 871 (farm) to property ID 1109 (feedlot)
71,880,1301,DAY 11/01/2025 - moved 5 animals from property ID 880 (farm) to property ID 1301 (saleyard)
71,902,964,DAY 11/01/2025 - moved 5 animals from property ID 902 (farm) to property ID 964 (feedlot)
71,904,938,DAY 11/01/2025 - moved 4 animals from property ID 904 (trader) to property ID 938 (farm)
71,904,725,DAY 11/01/2025 - moved 4 animals from property ID 904 (trader) to property ID 725 (farm)
71,904,264,DAY 11/01/2025 - moved 4 animals from property ID 904 (trader) to property ID 264 (feedlot)
71,905,1479,DAY 11/01/2025 - moved 15 animals from property ID 905 (farm) to property ID 1479 (trader)
71,909,782,DAY 11/01/2025 - moved 4 animals from property ID 909 (farm) to property ID 782 (trader)
71,952,1360,DAY 11/01/2025 - moved 4 animals from property ID 952 (farm) to property ID 1360 (farm)
71,974,415,DAY 11/01/2025 - moved 14 animals from property ID 974 (farm) to property ID 415 (trader)
71,976,310,DAY 11/01/2025 - moved 4 animals from property ID 976 (farm) to property ID 310 (farm)
71,1003,777,DAY 11/01/2025 - moved 1 animals from property ID 1003 (farm) to property ID 777 (farm)
71,1024,536,DAY 11/01/2025 - moved 14 animals from property ID 1024 (farm) to property ID 536 (farm)
71,1027,867,DAY 11/01/2025 - moved 1 animals from property ID 1027 (farm) to property ID 867 (feedlot)
71,1046,1920,DAY 11/01/2025 - moved 14 animals from property ID 1046 (farm) to property ID 1920 (farm)
71,1081,867,DAY 11/01/2025 - moved 1 animals from property ID 1081 (farm) to property ID 867 (feedlot)
71,1103,554,DAY 11/01/2025 - moved 3 animals from property ID 1103 (farm) to property ID 554 (farm)
71,1105,1301,DAY 11/01/2025 - moved 8 animals from property ID 1105 (farm) to property ID 1301 (saleyard)
71,1119,1367,DAY 11/01/2025 - moved 6 animals from property ID 1119 (trader) to property ID 1367 (farm)
71,1119,867,DAY 11/01/2025 - moved 7 animals from property ID 1119 (trader) to property ID 867 (feedlot)
71,1119,267,DAY 11/01/2025 - moved 7 animals from property ID 1119 (trader) to property ID 267 (farm)
71,1166,389,DAY 11/01/2025 - moved 13 animals from property ID 1166 (farm) to property ID 389 (farm)
71,1169,1707,DAY 11/01/2025 - moved 3 animals from property ID 1169 (farm) to property ID 1707 (farm)
71,1197,87,DAY 11/01/2025 - moved 3 animals from property ID 1197 (farm) to property ID 87 (farm)
71,1200,79,DAY 11/01/2025 - moved 19 animals from property ID 1200 (farm) to property ID 79 (farm)
71,1219,415,DAY 11/01/2025 - moved 11 animals from property ID 1219 (farm) to property ID 415 (trader)
71,1230,1807,DAY 11/01/2025 - moved 2 animals from property ID 1230 (farm) to property ID 1807 (farm)
71,1273,1857,DAY 11/01/2025 - moved 11 animals from property ID 1273 (trader) to property ID 1857 (farm)
71,1273,612,DAY 11/01/2025 - moved 10 animals from property ID 1273 (trader) to property ID 612 (farm)
71,1273,912,DAY 11/01/2025 - moved 10 animals from property ID 1273 (trader) to property ID 912 (farm)
71,1274,189,DAY 11/01/2025 - moved 6 animals from property ID 1274 (farm) to property ID 189 (saleyard)
71,1278,1092,DAY 11/01/2025 - moved 6 animals from property ID 1278 (farm) to property ID 1092 (farm)
71,1284,1858,DAY 11/01/2025 - moved 14 animals from property ID 1284 (farm) to property ID 1858 (farm)
71,1290,1823,DAY 11/01/2025 - moved 5 animals from property ID 1290 (farm) to property ID 1823 (trader)
71,1301,867,DAY 11/01/2025 - moved 24 animals from property ID 1301 (saleyard) to property ID 867 (feedlot)
71,1301,1333,DAY 11/01/2025 - moved 24 animals from property ID 1301 (saleyard) to property ID 1333 (farm)
71,1313,1273,DAY 11/01/2025 - moved 14 animals from property ID 1313 (farm) to property ID 1273 (trader)
71,1333,1294,DAY 11/01/2025 - moved 4 animals from property ID 1333 (farm) to property ID 1294 (farm)
71,1342,964,DAY 11/01/2025 - moved 24 animals from property ID 1342 (farm) to property ID 964 (feedlot)
71,1343,758,DAY 11/01/2025 - moved 7 animals from property ID 1343 (farm) to property ID 758 (feedlot)
71,1369,1574,DAY 11/01/2025 - moved 11 animals from property ID 1369 (farm) to property ID 1574 (farm)
71,1374,137,DAY 11/01/2025 - moved 2 animals from property ID 1374 (farm) to property ID 137 (farm)
71,1388,1873,DAY 11/01/2025 - moved 12 animals from property ID 1388 (farm) to property ID 1873 (farm)
71,1389,298,DAY 11/01/2025 - moved 8 animals from property ID 1389 (farm) to property ID 298 (farm)
71,1395,867,DAY 11/01/2025 - moved 8 animals from property ID 1395 (farm) to property ID 867 (feedlot)
71,1406,867,DAY 11/01/2025 - moved 7 animals from property ID 1406 (farm) to property ID 867 (feedlot)
71,1427,1109,DAY 11/01/2025 - moved 1 animals from property ID 1427 (farm) to property ID 1109 (feedlot)
71,1479,654,DAY 11/01/2025 - moved 57 animals from property ID 1479 (trader) to property ID 654 (farm)
71,1497,964,DAY 11/01/2025 - moved 4 animals from property ID 1497 (farm) to property ID 964 (feedlot)
71,1502,867,DAY 11/01/2025 - moved 3 animals from property ID 1502 (farm) to property ID 867 (feedlot)
71,1503,1301,DAY 11/01/2025 - moved 9 animals from property ID 1503 (farm) to property ID 1301 (saleyard)
71,1512,188,DAY 11/01/2025 - moved 2 animals from property ID 1512 (farm) to property ID 188 (feedlot)
71,1519,451,DAY 11/01/2025 - moved 2 animals from property ID 1519 (farm) to property ID 451 (farm)
71,1550,306,DAY 11/01/2025 - moved 3 animals from property ID 1550 (farm) to property ID 306 (farm)
71,1565,866,DAY 11/01/2025 - moved 2 animals from property ID 1565 (farm) to property ID 866 (feedlot)
71,1568,524,DAY 11/01/2025 - moved 2 animals from property ID 1568 (farm) to property ID 524 (feedlot)
71,1571,666,DAY 11/01/2025 - moved 8 animals from property ID 1571 (farm) to property ID 666 (farm)
71,1582,1666,DAY 11/01/2025 - moved 3 animals from property ID 1582 (farm) to property ID 1666 (feedlot)
71,1608,867,DAY 11/01/2025 - moved 3 animals from property ID 1608 (farm) to property ID 867 (feedlot)
71,1615,1907,DAY 11/01/2025 - moved 4 animals from property ID 1615 (farm) to property ID 1907 (feedlot)
71,1620,1119,DAY 11/01/2025 - moved 1 animals from property ID 1620 (farm) to property ID 1119 (trader)
71,1634,758,DAY 11/01/2025 - moved 7 animals from property ID 1634 (farm) to property ID 758 (feedlot)
71,1671,1479,DAY 11/01/2025 - moved 9 animals from property ID 1671 (farm) to property ID 1479 (trader)
71,1685,1932,DAY 11/01/2025 - moved 10 animals from property ID 1685 (farm) to property ID 1932 (farm)
71,1690,1907,DAY 11/01/2025 - moved 9 animals from property ID 1690 (farm) to property ID 1907 (feedlot)
71,1695,264,DAY 11/01/2025 - moved 6 animals from property ID 1695 (farm) to property ID 264 (feedlot)
71,1701,1569,DAY 11/01/2025 - moved 4 animals from property ID 1701 (farm) to property ID 1569 (farm)
71,1779,1110,DAY 11/01/2025 - moved 14 animals from property ID 1779 (farm) to property ID 1110 (feedlot)
71,1794,1109,DAY 11/01/2025 - moved 3 animals from property ID 1794 (farm) to property ID 1109 (feedlot)
71,1810,1666,DAY 11/01/2025 - moved 6 animals from property ID 1810 (farm) to property ID 1666 (feedlot)
71,1823,867,DAY 11/01/2025 - moved 10 animals from property ID 1823 (trader) to property ID 867 (feedlot)
71,1823,668,DAY 11/01/2025 - moved 9 animals from property ID 1823 (trader) to property ID 668 (farm)
71,1823,1301,DAY 11/01/2025 - moved 9 animals from property ID 1823 (trader) to property ID 1301 (saleyard)
71,1829,415,DAY 11/01/2025 - moved 7 animals from property ID 1829 (farm) to property ID 415 (trader)
71,1840,867,DAY 11/01/2025 - moved 9 animals from property ID 1840 (farm) to property ID 867 (feedlot)
71,1864,1293,DAY 11/01/2025 - moved 3 animals from property ID 1864 (farm) to property ID 1293 (farm)
71,1867,458,DAY 11/01/2025 - moved 5 animals from property ID 1867 (farm) to property ID 458 (abbattoir)
71,1878,867,DAY 11/01/2025 - moved 20 animals from property ID 1878 (farm) to property ID 867 (feedlot)
71,1884,1687,DAY 11/01/2025 - moved 4 animals from property ID 1884 (farm) to property ID 1687 (farm)
71,1893,1391,DAY 11/01/2025 - moved 3 animals from property ID 1893 (farm) to property ID 1391 (farm)
71,1924,264,DAY 11/01/2025 - moved 2 animals from property ID 1924 (farm) to property ID 264 (feedlot)
71,1934,1392,DAY 11/01/2025 - moved 1 animals from property ID 1934 (farm) to property ID 1392 (farm)
71,1948,1837,DAY 11/01/2025 - moved 13 animals from property ID 1948 (farm) to property ID 1837 (farm)
71,1949,782,DAY 11/01/2025 - moved 15 animals from property ID 1949 (farm) to property ID 782 (trader)
71,1953,524,DAY 11/01/2025 - moved 4 animals from property ID 1953 (farm) to property ID 524 (feedlot)
71,1976,1000,DAY 11/01/2025 - moved 3 animals from property ID 1976 (farm) to property ID 1000 (farm)
71,1980,866,DAY 11/01/2025 - moved 3 animals from property ID 1980 (farm) to property ID 866 (feedlot)
71,1989,1301,DAY 11/01/2025 - moved 1 animals from property ID 1989 (farm) to property ID 1301 (saleyard)
71,1990,92,DAY 11/01/2025 - moved 7 animals from property ID 1990 (farm) to property ID 92 (trader)
72,8,1868,DAY 12/01/2025 - moved 9 animals from property ID 8 (farm) to property ID 1868 (farm)
72,40,867,DAY 12/01/2025 - moved 4 animals from property ID 40 (farm) to property ID 867 (feedlot)
72,43,1301,DAY 12/01/2025 - moved 3 animals from property ID 43 (farm) to property ID 1301 (saleyard)
72,77,904,DAY 12/01/2025 - moved 6 animals from property ID 77 (farm) to property ID 904 (trader)
72,86,116,DAY 12/01/2025 - moved 6 animals from property ID 86 (farm) to property ID 116 (farm)
72,92,631,DAY 12/01/2025 - moved 22 animals from property ID 92 (trader) to property ID 631 (farm)
72,92,773,DAY 12/01/2025 - moved 22 animals from property ID 92 (trader) to property ID 773 (farm)
72,103,782,DAY 12/01/2025 - moved 7 animals from property ID 103 (farm) to property ID 782 (trader)
72,105,1969,DAY 12/01/2025 - moved 10 animals from property ID 105 (farm) to property ID 1969 (farm)
72,106,892,DAY 12/01/2025 - moved 11 animals from property ID 106 (farm) to property ID 892 (farm)
72,126,758,DAY 12/01/2025 - moved 3 animals from property ID 126 (farm) to property ID 758 (feedlot)
72,134,700,DAY 12/01/2025 - moved 11 animals from property ID 134 (farm) to property ID 700 (trader)
72,150,189,DAY 12/01/2025 - moved 15 animals from property ID 150 (farm) to property ID 189 (saleyard)
72,171,1386,DAY 12/01/2025 - moved 8 animals from property ID 171 (farm) to property ID 1386 (farm)
72,177,1907,DAY 12/01/2025 - moved 5 animals from property ID 177 (farm) to property ID 1907 (feedlot)
72,189,925,DAY 12/01/2025 - moved 33 animals from property ID 189 (saleyard) to property ID 925 (farm)
72,200,92,DAY 12/01/2025 - moved 6 animals from property ID 200 (farm) to property ID 92 (trader)
72,202,464,DAY 12/01/2025 - moved 3 animals from property ID 202 (farm) to property ID 464 (farm)
72,212,1054,DAY 12/01/2025 - moved 2 animals from property ID 212 (farm) to property ID 1054 (farm)
72,219,42,DAY 12/01/2025 - moved 19 animals from property ID 219 (farm) to property ID 42 (farm)
72,249,782,DAY 12/01/2025 - moved 17 animals from property ID 249 (farm) to property ID 782 (trader)
72,276,567,DAY 12/01/2025 - moved 3 animals from property ID 276 (farm) to property ID 567 (farm)
72,285,373,DAY 12/01/2025 - moved 77 animals from property ID 285 (farm) to property ID 373 (farm)
72,301,1823,DAY 12/01/2025 - moved 4 animals from property ID 301 (farm) to property ID 1823 (trader)
72,357,188,DAY 12/01/2025 - moved 1 animals from property ID 357 (farm) to property ID 188 (feedlot)
72,365,782,DAY 12/01/2025 - moved 11 animals from property ID 365 (farm) to property ID 782 (trader)
72,413,1301,DAY 12/01/2025 - moved 2 animals from property ID 413 (farm) to property ID 1301 (saleyard)
72,415,711,DAY 12/01/2025 - moved 7 animals from property ID 415 (trader) to property ID 711 (farm)
72,415,984,DAY 12/01/2025 - moved 7 animals from property ID 415 (trader) to property ID 984 (farm)
72,415,1119,DAY 12/01/2025 - moved 7 animals from property ID 415 (trader) to property ID 1119 (trader)
72,428,1273,DAY 12/01/2025 - moved 3 animals from property ID 428 (farm) to property ID 1273 (trader)
72,433,758,DAY 12/01/2025 - moved 10 animals from property ID 433 (farm) to property ID 758 (feedlot)
72,471,1273,DAY 12/01/2025 - moved 9 animals from property ID 471 (farm) to property ID 1273 (trader)
72,493,1066,DAY 12/01/2025 - moved 11 animals from property ID 493 (farm) to property ID 1066 (farm)
72,506,700,DAY 12/01/2025 - moved 1 animals from property ID 506 (farm) to property ID 700 (trader)
72,508,904,DAY 12/01/2025 - moved 6 animals from property ID 508 (farm) to property ID 904 (trader)
72,527,1530,DAY 12/01/2025 - moved 3 animals from property ID 527 (farm) to property ID 1530 (farm)
72,544,1301,DAY 12/01/2025 - moved 1 animals from property ID 544 (farm) to property ID 1301 (saleyard)
72,548,1479,DAY 12/01/2025 - moved 13 animals from property ID 548 (farm) to property ID 1479 (trader)
72,550,92,DAY 12/01/2025 - moved 5 animals from property ID 550 (farm) to property ID 92 (trader)
72,567,867,DAY 12/01/2025 - moved 3 animals from property ID 567 (farm) to property ID 867 (feedlot)
72,568,1727,DAY 12/01/2025 - moved 7 animals from property ID 568 (farm) to property ID 1727 (farm)
72,576,92,DAY 12/01/2025 - moved 4 animals from property ID 576 (farm) to property ID 92 (trader)
72,634,1380,DAY 12/01/2025 - moved 3 animals from property ID 634 (farm) to property ID 1380 (farm)
72,646,1523,DAY 12/01/2025 - moved 9 animals from property ID 646 (farm) to property ID 1523 (farm)
72,666,766,DAY 12/01/2025 - moved 26 animals from property ID 666 (farm) to property ID 766 (farm)
72,699,1224,DAY 12/01/2025 - moved 9 animals from property ID 699 (farm) to property ID 1224 (farm)
72,700,1453,DAY 12/01/2025 - moved 8 animals from property ID 700 (trader) to property ID 1453 (farm)
72,700,261,DAY 12/01/2025 - moved 8 animals from property ID 700 (trader) to property ID 261 (farm)
72,708,902,DAY 12/01/2025 - moved 16 animals from property ID 708 (farm) to property ID 902 (farm)
72,730,1907,DAY 12/01/2025 - moved 13 animals from property ID 730 (farm) to property ID 1907 (feedlot)
72,731,1052,DAY 12/01/2025 - moved 10 animals from property ID 731 (farm) to property ID 1052 (farm)
72,751,1119,DAY 12/01/2025 - moved 5 animals from property ID 751 (farm) to property ID 1119 (trader)
72,759,1778,DAY 12/01/2025 - moved 7 animals from property ID 759 (farm) to property ID 1778 (farm)
72,782,1311,DAY 12/01/2025 - moved 58 animals from property ID 782 (trader) to property ID 1311 (farm)
72,799,262,DAY 12/01/2025 - moved 26 animals from property ID 799 (farm) to property ID 262 (farm)
72,802,1301,DAY 12/01/2025 - moved 3 animals from property ID 802 (farm) to property ID 1301 (saleyard)
72,839,1231,DAY 12/01/2025 - moved 3 animals from property ID 839 (farm) to property ID 1231 (farm)
72,860,631,DAY 12/01/2025 - moved 20 animals from property ID 860 (farm) to property ID 631 (farm)
72,874,486,DAY 12/01/2025 - moved 7 animals from property ID 874 (farm) to property ID 486 (farm)
72,904,264,DAY 12/01/2025 - moved 5 animals from property ID 904 (trader) to property ID 264 (feedlot)
72,904,1110,DAY 12/01/2025 - moved 5 animals from property ID 904 (trader) to property ID 1110 (feedlot)
72,942,867,DAY 12/01/2025 - moved 3 animals from property ID 942 (farm) to property ID 867 (feedlot)
72,951,513,DAY 12/01/2025 - moved 4 animals from property ID 951 (farm) to property ID 513 (farm)
72,978,609,DAY 12/01/2025 - moved 3 animals from property ID 978 (farm) to property ID 609 (farm)
72,980,745,DAY 12/01/2025 - moved 13 animals from property ID 980 (farm) to property ID 745 (farm)
72,989,1547,DAY 12/01/2025 - moved 10 animals from property ID 989 (farm) to property ID 1547 (farm)
72,997,189,DAY 12/01/2025 - moved 3 animals from property ID 997 (farm) to property ID 189 (saleyard)
72,1019,1666,DAY 12/01/2025 - moved 6 animals from property ID 1019 (farm) to property ID 1666 (feedlot)
72,1031,173,DAY 12/01/2025 - moved 12 animals from property ID 1031 (farm) to property ID 173 (farm)
72,1044,782,DAY 12/01/2025 - moved 17 animals from property ID 1044 (farm) to property ID 782 (trader)
72,1054,1301,DAY 12/01/2025 - moved 5 animals from property ID 1054 (farm) to property ID 1301 (saleyard)
72,1068,1273,DAY 12/01/2025 - moved 6 animals from property ID 1068 (farm) to property ID 1273 (trader)
72,1074,782,DAY 12/01/2025 - moved 1 animals from property ID 1074 (farm) to property ID 782 (trader)
72,1076,524,DAY 12/01/2025 - moved 3 animals from property ID 1076 (farm) to property ID 524 (feedlot)
72,1082,1873,DAY 12/01/2025 - moved 6 animals from property ID 1082 (farm) to property ID 1873 (farm)
72,1088,524,DAY 12/01/2025 - moved 3 animals from property ID 1088 (farm) to property ID 524 (feedlot)
72,1092,273,DAY 12/01/2025 - moved 14 animals from property ID 1092 (farm) to property ID 273 (farm)
72,1133,92,DAY 12/01/2025 - moved 2 animals from property ID 1133 (farm) to property ID 92 (trader)
72,1134,822,DAY 12/01/2025 - moved 9 animals from property ID 1134 (farm) to property ID 822 (farm)
72,1139,92,DAY 12/01/2025 - moved 15 animals from property ID 1139 (farm) to property ID 92 (trader)
72,1141,1273,DAY 12/01/2025 - moved 2 animals from property ID 1141 (farm) to property ID 1273 (trader)
72,1180,1301,DAY 12/01/2025 - moved 3 animals from property ID 1180 (farm) to property ID 1301 (saleyard)
72,1185,1666,DAY 12/01/2025 - moved 7 animals from property ID 1185 (farm) to property ID 1666 (feedlot)
72,1235,1429,DAY 12/01/2025 - moved 4 animals from property ID 1235 (farm) to property ID 1429 (farm)
72,1282,866,DAY 12/01/2025 - moved 4 animals from property ID 1282 (farm) to property ID 866 (feedlot)
72,1303,1301,DAY 12/01/2025 - moved 4 animals from property ID 1303 (farm) to property ID 1301 (saleyard)
72,1306,867,DAY 12/01/2025 - moved 8 animals from property ID 1306 (farm) to property ID 867 (feedlot)
72,1307,1823,DAY 12/01/2025 - moved 17 animals from property ID 1307 (farm) to property ID 1823 (trader)
72,1327,1823,DAY 12/01/2025 - moved 5 animals from property ID 1327 (farm) to property ID 1823 (trader)
72,1335,233,DAY 12/01/2025 - moved 4 animals from property ID 1335 (farm) to property ID 233 (farm)
72,1341,867,DAY 12/01/2025 - moved 5 animals from property ID 1341 (farm) to property ID 867 (feedlot)
72,1353,1323,DAY 12/01/2025 - moved 45 animals from property ID 1353 (farm) to property ID 1323 (farm)
72,1365,316,DAY 12/01/2025 - moved 6 animals from property ID 1365 (farm) to property ID 316 (farm)
72,1386,623,DAY 12/01/2025 - moved 15 animals from property ID 1386 (farm) to property ID 623 (farm)
72,1410,700,DAY 12/01/2025 - moved 5 animals from property ID 1410 (farm) to property ID 700 (trader)
72,1449,189,DAY 12/01/2025 - moved 9 animals from property ID 1449 (farm) to property ID 189 (saleyard)
72,1471,609,DAY 12/01/2025 - moved 3 animals from property ID 1471 (farm) to property ID 609 (farm)
72,1476,1823,DAY 12/01/2025 - moved 8 animals from property ID 1476 (farm) to property ID 1823 (trader)
72,1479,758,DAY 12/01/2025 - moved 56 animals from property ID 1479 (trader) to property ID 758 (feedlot)
72,1485,782,DAY 12/01/2025 - moved 5 animals from property ID 1485 (farm) to property ID 782 (trader)
72,1490,96,DAY 12/01/2025 - moved 1 animals from property ID 1490 (farm) to property ID 96 (farm)
72,1496,458,DAY 12/01/2025 - moved 3 animals from property ID 1496 (farm) to property ID 458 (abbattoir)
72,1510,1782,DAY 12/01/2025 - moved 14 animals from property ID 1510 (farm) to property ID 1782 (farm)
72,1518,178,DAY 12/01/2025 - moved 7 animals from property ID 1518 (farm) to property ID 178 (farm)
72,1581,189,DAY 12/01/2025 - moved 4 animals from property ID 1581 (farm) to property ID 189 (saleyard)
72,1586,1485,DAY 12/01/2025 - moved 26 animals from property ID 1586 (farm) to property ID 1485 (farm)
72,1588,1430,DAY 12/01/2025 - moved 3 animals from property ID 1588 (farm) to property ID 1430 (farm)
72,1591,458,DAY 12/01/2025 - moved 20 animals from property ID 1591 (farm) to property ID 458 (abbattoir)
72,1599,1666,DAY 12/01/2025 - moved 7 animals from property ID 1599 (farm) to property ID 1666 (feedlot)
72,1609,904,DAY 12/01/2025 - moved 12 animals from property ID 1609 (farm) to property ID 904 (trader)
72,1642,866,DAY 12/01/2025 - moved 2 animals from property ID 1642 (farm) to property ID 866 (feedlot)
72,1699,1479,DAY 12/01/2025 - moved 7 animals from property ID 1699 (farm) to property ID 1479 (trader)
72,1712,958,DAY 12/01/2025 - moved 3 animals from property ID 1712 (farm) to property ID 958 (farm)
72,1740,1621,DAY 12/01/2025 - moved 9 animals from property ID 1740 (farm) to property ID 1621 (farm)
72,1747,414,DAY 12/01/2025 - moved 8 animals from property ID 1747 (farm) to property ID 414 (farm)
72,1751,830,DAY 12/01/2025 - moved 2 animals from property ID 1751 (farm) to property ID 830 (farm)
72,1770,1158,DAY 12/01/2025 - moved 29 animals from property ID 1770 (farm) to property ID 1158 (farm)
72,1771,700,DAY 12/01/2025 - moved 7 animals from property ID 1771 (farm) to property ID 700 (trader)
72,1780,1273,DAY 12/01/2025 - moved 1 animals from property ID 1780 (farm) to property ID 1273 (trader)
72,1790,1823,DAY 12/01/2025 - moved 3 animals from property ID 1790 (farm) to property ID 1823 (trader)
72,1793,1725,DAY 12/01/2025 - moved 7 animals from property ID 1793 (farm) to property ID 1725 (farm)
72,1798,1873,DAY 12/01/2025 - moved 2 animals from property ID 1798 (farm) to property ID 1873 (farm)
72,1803,1907,DAY 12/01/2025 - moved 15 animals from property ID 1803 (farm) to property ID 1907 (feedlot)
72,1823,867,DAY 12/01/2025 - moved 12 animals from property ID 1823 (trader) to property ID 867 (feedlot)
72,1823,1301,DAY 12/01/2025 - moved 12 animals from property ID 1823 (trader) to property ID 1301 (saleyard)
72,1832,92,DAY 12/01/2025 - moved 5 animals from property ID 1832 (farm) to property ID 92 (trader)
72,1875,1261,DAY 12/01/2025 - moved 21 animals from property ID 1875 (farm) to property ID 1261 (farm)
72,1897,1856,DAY 12/01/2025 - moved 1 animals from property ID 1897 (farm) to property ID 1856 (farm)
72,1906,274,DAY 12/01/2025 - moved 3 animals from property ID 1906 (farm) to property ID 274 (farm)
72,1910,1077,DAY 12/01/2025 - moved 8 animals from property ID 1910 (farm) to property ID 1077 (farm)
72,1940,777,DAY 12/01/2025 - moved 4 animals from property ID 1940 (farm) to property ID 777 (farm)
72,1946,1403,DAY 12/01/2025 - moved 5 animals from property ID 1946 (farm) to property ID 1403 (farm)
72,1963,125,DAY 12/01/2025 - moved 1 animals from property ID 1963 (farm) to property ID 125 (farm)
72,1986,1907,DAY 12/01/2025 - moved 6 animals from property ID 1986 (farm) to property ID 1907 (feedlot)
73,14,74,DAY 13/01/2025 - moved 7 animals from property ID 14 (farm) to property ID 74 (farm)
73,29,82,DAY 13/01/2025 - moved 7 animals from property ID 29 (farm) to property ID 82 (farm)
73,34,1687,DAY 13/01/2025 - moved 7 animals from property ID 34 (farm) to property ID 1687 (farm)
73,81,92,DAY 13/01/2025 - moved 7 animals from property ID 81 (farm) to property ID 92 (trader)
73,92,247,DAY 13/01/2025 - moved 43 animals from property ID 92 (trader) to property ID 247 (farm)
73,114,867,DAY 13/01/2025 - moved 4 animals from property ID 114 (farm) to property ID 867 (feedlot)
73,121,1823,DAY 13/01/2025 - moved 1 animals from property ID 121 (farm) to property ID 1823 (trader)
73,143,866,DAY 13/01/2025 - moved 1 animals from property ID 143 (farm) to property ID 866 (feedlot)
73,152,1479,DAY 13/01/2025 - moved 15 animals from property ID 152 (farm) to property ID 1479 (trader)
73,160,764,DAY 13/01/2025 - moved 10 animals from property ID 160 (farm) to property ID 764 (farm)
73,189,1109,DAY 13/01/2025 - moved 9 animals from property ID 189 (saleyard) to property ID 1109 (feedlot)
73,189,1530,DAY 13/01/2025 - moved 8 animals from property ID 189 (saleyard) to property ID 1530 (farm)
73,189,820,DAY 13/01/2025 - moved 8 animals from property ID 189 (saleyard) to property ID 820 (farm)
73,189,1623,DAY 13/01/2025 - moved 8 animals from property ID 189 (saleyard) to property ID 1623 (farm)
73,195,707,DAY 13/01/2025 - moved 12 animals from property ID 195 (farm) to property ID 707 (farm)
73,227,1301,DAY 13/01/2025 - moved 3 animals from property ID 227 (farm) to property ID 1301 (saleyard)
73,238,1907,DAY 13/01/2025 - moved 39 animals from property ID 238 (farm) to property ID 1907 (feedlot)
73,248,189,DAY 13/01/2025 - moved 2 animals from property ID 248 (farm) to property ID 189 (saleyard)
73,254,1273,DAY 13/01/2025 - moved 3 animals from property ID 254 (farm) to property ID 1273 (trader)
73,293,10,DAY 13/01/2025 - moved 15 animals from property ID 293 (farm) to property ID 10 (farm)
73,297,873,DAY 13/01/2025 - moved 3 animals from property ID 297 (farm) to property ID 873 (farm)
73,315,1273,DAY 13/01/2025 - moved 1 animals from property ID 315 (farm) to property ID 1273 (trader)
73,316,1793,DAY 13/01/2025 - moved 3 animals from property ID 316 (farm) to property ID 1793 (farm)
73,342,1907,DAY 13/01/2025 - moved 9 animals from property ID 342 (farm) to property ID 1907 (feedlot)
73,351,1479,DAY 13/01/2025 - moved 5 animals from property ID 351 (farm) to property ID 1479 (trader)
73,394,14,DAY 13/01/2025 - moved 4 animals from property ID 394 (farm) to property ID 14 (farm)
73,397,1195,DAY 13/01/2025 - moved 6 animals from property ID 397 (farm) to property ID 1195 (farm)
73,402,943,DAY 13/01/2025 - moved 2 animals from property ID 402 (farm) to property ID 943 (farm)
73,403,102,DAY 13/01/2025 - moved 6 animals from property ID 403 (farm) to property ID 102 (farm)
73,407,904,DAY 13/01/2025 - moved 6 animals from property ID 407 (farm) to property ID 904 (trader)
73,415,1109,DAY 13/01/2025 - moved 5 animals from property ID 415 (trader) to property ID 1109 (feedlot)
73,415,1109,DAY 13/01/2025 - moved 6 animals from property ID 415 (trader) to property ID 1109 (feedlot)
73,415,1899,DAY 13/01/2025 - moved 6 animals from property ID 415 (trader) to property ID 1899 (farm)
73,442,1301,DAY 13/01/2025 - moved 1 animals from property ID 442 (farm) to property ID 1301 (saleyard)
73,445,866,DAY 13/01/2025 - moved 7 animals from property ID 445 (farm) to property ID 866 (feedlot)
73,453,700,DAY 13/01/2025 - moved 8 animals from property ID 453 (farm) to property ID 700 (trader)
73,466,687,DAY 13/01/2025 - moved 5 animals from property ID 466 (farm) to property ID 687 (farm)
73,483,619,DAY 13/01/2025 - moved 12 animals from property ID 483 (farm) to property ID 619 (farm)
73,502,758,DAY 13/01/2025 - moved 11 animals from property ID 502 (farm) to property ID 758 (feedlot)
73,546,1793,DAY 13/01/2025 - moved 8 animals from property ID 546 (farm) to property ID 1793 (farm)
73,579,415,DAY 13/01/2025 - moved 2 animals from property ID 579 (farm) to property ID 415 (trader)
73,584,1785,DAY 13/01/2025 - moved 42 animals from property ID 584 (farm) to property ID 1785 (farm)
73,588,1109,DAY 13/01/2025 - moved 13 animals from property ID 588 (farm) to property ID 1109 (feedlot)
73,612,1518,DAY 13/01/2025 - moved 6 animals from property ID 612 (farm) to property ID 1518 (farm)
73,616,458,DAY 13/01/2025 - moved 18 animals from property ID 616 (farm) to property ID 458 (abbattoir)
73,620,1488,DAY 13/01/2025 - moved 3 animals from property ID 620 (farm) to property ID 1488 (farm)
73,671,1479,DAY 13/01/2025 - moved 4 animals from property ID 671 (farm) to property ID 1479 (trader)
73,673,1301,DAY 13/01/2025 - moved 5 animals from property ID 673 (farm) to property ID 1301 (saleyard)
73,684,164,DAY 13/01/2025 - moved 2 animals from property ID 684 (farm) to property ID 164 (farm)
73,700,1110,DAY 13/01/2025 - moved 17 animals from property ID 700 (trader) to property ID 1110 (feedlot)
73,701,1273,DAY 13/01/2025 - moved 2 animals from property ID 701 (farm) to property ID 1273 (trader)
73,711,1119,DAY 13/01/2025 - moved 4 animals from property ID 711 (farm) to property ID 1119 (trader)
73,715,397,DAY 13/01/2025 - moved 15 animals from property ID 715 (farm) to property ID 397 (farm)
73,766,458,DAY 13/01/2025 - moved 6 animals from property ID 766 (farm) to property ID 458 (abbattoir)
73,775,1273,DAY 13/01/2025 - moved 3 animals from property ID 775 (farm) to property ID 1273 (trader)
73,816,1110,DAY 13/01/2025 - moved 3 animals from property ID 816 (farm) to property ID 1110 (feedlot)
73,836,971,DAY 13/01/2025 - moved 3 animals from property ID 836 (farm) to property ID 971 (farm)
73,846,1301,DAY 13/01/2025 - moved 3 animals from property ID 846 (farm) to property ID 1301 (saleyard)
73,847,904,DAY 13/01/2025 - moved 9 animals from property ID 847 (farm) to property ID 904 (trader)
73,857,524,DAY 13/01/2025 - moved 2 animals from property ID 857 (farm) to property ID 524 (feedlot)
73,862,1823,DAY 13/01/2025 - moved 4 animals from property ID 862 (farm) to property ID 1823 (trader)
73,863,458,DAY 13/01/2025 - moved 5 animals from property ID 863 (farm) to property ID 458 (abbattoir)
73,885,1497,DAY 13/01/2025 - moved 8 animals from property ID 885 (farm) to property ID 1497 (farm)
73,904,1110,DAY 13/01/2025 - moved 6 animals from property ID 904 (trader) to property ID 1110 (feedlot)
73,904,925,DAY 13/01/2025 - moved 6 animals from property ID 904 (trader) to property ID 925 (farm)
73,946,1830,DAY 13/01/2025 - moved 3 animals from property ID 946 (farm) to property ID 1830 (farm)
73,957,548,DAY 13/01/2025 - moved 28 animals from property ID 957 (farm) to property ID 548 (farm)
73,987,1666,DAY 13/01/2025 - moved 4 animals from property ID 987 (farm) to property ID 1666 (feedlot)
73,990,1610,DAY 13/01/2025 - moved 5 animals from property ID 990 (farm) to property ID 1610 (farm)
73,1029,92,DAY 13/01/2025 - moved 3 animals from property ID 1029 (farm) to property ID 92 (trader)
73,1033,1823,DAY 13/01/2025 - moved 11 animals from property ID 1033 (farm) to property ID 1823 (trader)
73,1035,1122,DAY 13/01/2025 - moved 7 animals from property ID 1035 (farm) to property ID 1122 (farm)
73,1049,855,DAY 13/01/2025 - moved 3 animals from property ID 1049 (farm) to property ID 855 (farm)
73,1052,189,DAY 13/01/2025 - moved 14 animals from property ID 1052 (farm) to property ID 189 (saleyard)
73,1075,867,DAY 13/01/2025 - moved 2 animals from property ID 1075 (farm) to property ID 867 (feedlot)
73,1118,1823,DAY 13/01/2025 - moved 2 animals from property ID 1118 (farm) to property ID 1823 (trader)
73,1119,1094,DAY 13/01/2025 - moved 19 animals from property ID 1119 (trader) to property ID 1094 (farm)
73,1145,758,DAY 13/01/2025 - moved 7 animals from property ID 1145 (farm) to property ID 758 (feedlot)
73,1148,778,DAY 13/01/2025 - moved 5 animals from property ID 1148 (farm) to property ID 778 (farm)
73,1150,524,DAY 13/01/2025 - moved 2 animals from property ID 1150 (farm) to property ID 524 (feedlot)
73,1163,1652,DAY 13/01/2025 - moved 3 animals from property ID 1163 (farm) to property ID 1652 (farm)
73,1183,189,DAY 13/01/2025 - moved 7 animals from property ID 1183 (farm) to property ID 189 (saleyard)
73,1192,758,DAY 13/01/2025 - moved 1 animals from property ID 1192 (farm) to property ID 758 (feedlot)
73,1240,264,DAY 13/01/2025 - moved 1 animals from property ID 1240 (farm) to property ID 264 (feedlot)
73,1244,1119,DAY 13/01/2025 - moved 6 animals from property ID 1244 (farm) to property ID 1119 (trader)
73,1259,1938,DAY 13/01/2025 - moved 3 animals from property ID 1259 (farm) to property ID 1938 (farm)
73,1265,264,DAY 13/01/2025 - moved 3 animals from property ID 1265 (farm) to property ID 264 (feedlot)
73,1273,288,DAY 13/01/2025 - moved 10 animals from property ID 1273 (trader) to property ID 288 (farm)
73,1273,287,DAY 13/01/2025 - moved 11 animals from property ID 1273 (trader) to property ID 287 (farm)
73,1273,985,DAY 13/01/2025 - moved 11 animals from property ID 1273 (trader) to property ID 985 (farm)
73,1301,1017,DAY 13/01/2025 - moved 14 animals from property ID 1301 (saleyard) to property ID 1017 (farm)
73,1301,1560,DAY 13/01/2025 - moved 13 animals from property ID 1301 (saleyard) to property ID 1560 (farm)
73,1301,867,DAY 13/01/2025 - moved 13 animals from property ID 1301 (saleyard) to property ID 867 (feedlot)
73,1301,227,DAY 13/01/2025 - moved 13 animals from property ID 1301 (saleyard) to property ID 227 (farm)
73,1309,1301,DAY 13/01/2025 - moved 2 animals from property ID 1309 (farm) to property ID 1301 (saleyard)
73,1351,867,DAY 13/01/2025 - moved 2 animals from property ID 1351 (farm) to property ID 867 (feedlot)
73,1355,1823,DAY 13/01/2025 - moved 5 animals from property ID 1355 (farm) to property ID 1823 (trader)
73,1357,758,DAY 13/01/2025 - moved 1 animals from property ID 1357 (farm) to property ID 758 (feedlot)
73,1364,964,DAY 13/01/2025 - moved 4 animals from property ID 1364 (farm) to property ID 964 (feedlot)
73,1384,700,DAY 13/01/2025 - moved 10 animals from property ID 1384 (farm) to property ID 700 (trader)
73,1385,104,DAY 13/01/2025 - moved 10 animals from property ID 1385 (farm) to property ID 104 (farm)
73,1391,1062,DAY 13/01/2025 - moved 3 animals from property ID 1391 (farm) to property ID 1062 (farm)
73,1403,1273,DAY 13/01/2025 - moved 10 animals from property ID 1403 (farm) to property ID 1273 (trader)
73,1414,1531,DAY 13/01/2025 - moved 3 animals from property ID 1414 (farm) to property ID 1531 (farm)
73,1428,1312,DAY 13/01/2025 - moved 17 animals from property ID 1428 (farm) to property ID 1312 (farm)
73,1429,1273,DAY 13/01/2025 - moved 5 animals from property ID 1429 (farm) to property ID 1273 (trader)
73,1430,904,DAY 13/01/2025 - moved 6 animals from property ID 1430 (farm) to property ID 904 (trader)
73,1434,1823,DAY 13/01/2025 - moved 1 animals from property ID 1434 (farm) to property ID 1823 (trader)
73,1479,758,DAY 13/01/2025 - moved 17 animals from property ID 1479 (trader) to property ID 758 (feedlot)
73,1479,758,DAY 13/01/2025 - moved 16 animals from property ID 1479 (trader) to property ID 758 (feedlot)
73,1479,758,DAY 13/01/2025 - moved 16 animals from property ID 1479 (trader) to property ID 758 (feedlot)
73,1481,1542,DAY 13/01/2025 - moved 3 animals from property ID 1481 (farm) to property ID 1542 (farm)
73,1508,986,DAY 13/01/2025 - moved 9 animals from property ID 1508 (farm) to property ID 986 (farm)
73,1511,1301,DAY 13/01/2025 - moved 2 animals from property ID 1511 (farm) to property ID 1301 (saleyard)
73,1526,592,DAY 13/01/2025 - moved 14 animals from property ID 1526 (farm) to property ID 592 (farm)
73,1527,28,DAY 13/01/2025 - moved 5 animals from property ID 1527 (farm) to property ID 28 (farm)
73,1535,1403,DAY 13/01/2025 - moved 5 animals from property ID 1535 (farm) to property ID 1403 (farm)
73,1542,415,DAY 13/01/2025 - moved 3 animals from property ID 1542 (farm) to property ID 415 (trader)
73,1557,418,DAY 13/01/2025 - moved 4 animals from property ID 1557 (farm) to property ID 418 (farm)
73,1561,1273,DAY 13/01/2025 - moved 3 animals from property ID 1561 (farm) to property ID 1273 (trader)
73,1644,813,DAY 13/01/2025 - moved 1 animals from property ID 1644 (farm) to property ID 813 (farm)
73,1655,415,DAY 13/01/2025 - moved 1 animals from property ID 1655 (farm) to property ID 415 (trader)
73,1656,1273,DAY 13/01/2025 - moved 5 animals from property ID 1656 (farm) to property ID 1273 (trader)
73,1659,867,DAY 13/01/2025 - moved 2 animals from property ID 1659 (farm) to property ID 867 (feedlot)
73,1665,189,DAY 13/01/2025 - moved 4 animals from property ID 1665 (farm) to property ID 189 (saleyard)
73,1696,92,DAY 13/01/2025 - moved 3 animals from property ID 1696 (farm) to property ID 92 (trader)
73,1698,1591,DAY 13/01/2025 - moved 26 animals from property ID 1698 (farm) to property ID 1591 (farm)
73,1760,1799,DAY 13/01/2025 - moved 1 animals from property ID 1760 (farm) to property ID 1799 (farm)
73,1765,454,DAY 13/01/2025 - moved 5 animals from property ID 1765 (farm) to property ID 454 (farm)
73,1816,1634,DAY 13/01/2025 - moved 11 animals from property ID 1816 (farm) to property ID 1634 (farm)
73,1823,886,DAY 13/01/2025 - moved 27 animals from property ID 1823 (trader) to property ID 886 (farm)
73,1833,1301,DAY 13/01/2025 - moved 2 animals from property ID 1833 (farm) to property ID 1301 (saleyard)
73,1858,644,DAY 13/01/2025 - moved 7 animals from property ID 1858 (farm) to property ID 644 (farm)
73,1860,742,DAY 13/01/2025 - moved 6 animals from property ID 1860 (farm) to property ID 742 (farm)
73,1911,1042,DAY 13/01/2025 - moved 11 animals from property ID 1911 (farm) to property ID 1042 (farm)
73,1958,1602,DAY 13/01/2025 - moved 3 animals from property ID 1958 (farm) to property ID 1602 (farm)
73,1961,415,DAY 13/01/2025 - moved 5 animals from property ID 1961 (farm) to property ID 415 (trader)
73,1964,264,DAY 13/01/2025 - moved 4 animals from property ID 1964 (farm) to property ID 264 (feedlot)
73,1974,782,DAY 13/01/2025 - moved 12 animals from property ID 1974 (farm) to property ID 782 (trader)
73,1999,866,DAY 13/01/2025 - moved 27 animals from property ID 1999 (farm) to property ID 866 (feedlot)
74,13,189,DAY 14/01/2025 - moved 9 animals from property ID 13 (farm) to property ID 189 (saleyard)
74,42,458,DAY 14/01/2025 - moved 34 animals from property ID 42 (farm) to property ID 458 (abbattoir)
74,83,89,DAY 14/01/2025 - moved 10 animals from property ID 83 (farm) to property ID 89 (farm)
74,84,1301,DAY 14/01/2025 - moved 3 animals from property ID 84 (farm) to property ID 1301 (saleyard)
74,92,1133,DAY 14/01/2025 - moved 19 animals from property ID 92 (trader) to property ID 1133 (farm)
74,92,1029,DAY 14/01/2025 - moved 18 animals from property ID 92 (trader) to property ID 1029 (farm)
74,124,1596,DAY 14/01/2025 - moved 3 animals from property ID 124 (farm) to property ID 1596 (farm)
74,133,1369,DAY 14/01/2025 - moved 10 animals from property ID 133 (farm) to property ID 1369 (farm)
74,144,1301,DAY 14/01/2025 - moved 3 animals from property ID 144 (farm) to property ID 1301 (saleyard)
74,147,1110,DAY 14/01/2025 - moved 6 animals from property ID 147 (farm) to property ID 1110 (feedlot)
74,159,1666,DAY 14/01/2025 - moved 13 animals from property ID 159 (farm) to property ID 1666 (feedlot)
74,161,1273,DAY 14/01/2025 - moved 6 animals from property ID 161 (farm) to property ID 1273 (trader)
74,168,248,DAY 14/01/2025 - moved 2 animals from property ID 168 (farm) to property ID 248 (farm)
74,189,1184,DAY 14/01/2025 - moved 6 animals from property ID 189 (saleyard) to property ID 1184 (farm)
74,189,964,DAY 14/01/2025 - moved 5 animals from property ID 189 (saleyard) to property ID 964 (feedlot)
74,189,1111,DAY 14/01/2025 - moved 5 animals from property ID 189 (saleyard) to property ID 1111 (farm)
74,189,382,DAY 14/01/2025 - moved 5 animals from property ID 189 (saleyard) to property ID 382 (farm)
74,189,188,DAY 14/01/2025 - moved 5 animals from property ID 189 (saleyard) to property ID 188 (feedlot)
74,189,483,DAY 14/01/2025 - moved 5 animals from property ID 189 (saleyard) to property ID 483 (farm)
74,191,1666,DAY 14/01/2025 - moved 5 animals from property ID 191 (farm) to property ID 1666 (feedlot)
74,210,1823,DAY 14/01/2025 - moved 14 animals from property ID 210 (farm) to property ID 1823 (trader)
74,220,264,DAY 14/01/2025 - moved 2 animals from property ID 220 (farm) to property ID 264 (feedlot)
74,235,1170,DAY 14/01/2025 - moved 1 animals from property ID 235 (farm) to property ID 1170 (farm)
74,283,92,DAY 14/01/2025 - moved 11 animals from property ID 283 (farm) to property ID 92 (trader)
74,284,1110,DAY 14/01/2025 - moved 1 animals from property ID 284 (farm) to property ID 1110 (feedlot)
74,304,1776,DAY 14/01/2025 - moved 5 animals from property ID 304 (farm) to property ID 1776 (farm)
74,340,584,DAY 14/01/2025 - moved 77 animals from property ID 340 (farm) to property ID 584 (farm)
74,358,1029,DAY 14/01/2025 - moved 10 animals from property ID 358 (farm) to property ID 1029 (farm)
74,380,1592,DAY 14/01/2025 - moved 23 animals from property ID 380 (farm) to property ID 1592 (farm)
74,383,866,DAY 14/01/2025 - moved 8 animals from property ID 383 (farm) to property ID 866 (feedlot)
74,398,814,DAY 14/01/2025 - moved 18 animals from property ID 398 (farm) to property ID 814 (farm)
74,406,1273,DAY 14/01/2025 - moved 3 animals from property ID 406 (farm) to property ID 1273 (trader)
74,408,758,DAY 14/01/2025 - moved 16 animals from property ID 408 (farm) to property ID 758 (feedlot)
74,415,188,DAY 14/01/2025 - moved 5 animals from property ID 415 (trader) to property ID 188 (feedlot)
74,415,1301,DAY 14/01/2025 - moved 5 animals from property ID 415 (trader) to property ID 1301 (saleyard)
74,415,188,DAY 14/01/2025 - moved 5 animals from property ID 415 (trader) to property ID 188 (feedlot)
74,419,701,DAY 14/01/2025 - moved 4 animals from property ID 419 (farm) to property ID 701 (farm)
74,427,1691,DAY 14/01/2025 - moved 6 animals from property ID 427 (farm) to property ID 1691 (farm)
74,440,1666,DAY 14/01/2025 - moved 7 animals from property ID 440 (farm) to property ID 1666 (feedlot)
74,474,415,DAY 14/01/2025 - moved 2 animals from property ID 474 (farm) to property ID 415 (trader)
74,482,1136,DAY 14/01/2025 - moved 9 animals from property ID 482 (farm) to property ID 1136 (farm)
74,489,92,DAY 14/01/2025 - moved 10 animals from property ID 489 (farm) to property ID 92 (trader)
74,498,1119,DAY 14/01/2025 - moved 9 animals from property ID 498 (farm) to property ID 1119 (trader)
74,529,1823,DAY 14/01/2025 - moved 12 animals from property ID 529 (farm) to property ID 1823 (trader)
74,541,57,DAY 14/01/2025 - moved 2 animals from property ID 541 (farm) to property ID 57 (farm)
74,585,782,DAY 14/01/2025 - moved 6 animals from property ID 585 (farm) to property ID 782 (trader)
74,590,907,DAY 14/01/2025 - moved 3 animals from property ID 590 (farm) to property ID 907 (farm)
74,592,1421,DAY 14/01/2025 - moved 13 animals from property ID 592 (farm) to property ID 1421 (farm)
74,640,1301,DAY 14/01/2025 - moved 4 animals from property ID 640 (farm) to property ID 1301 (saleyard)
74,651,415,DAY 14/01/2025 - moved 4 animals from property ID 651 (farm) to property ID 415 (trader)
74,656,1027,DAY 14/01/2025 - moved 9 animals from property ID 656 (farm) to property ID 1027 (farm)
74,737,699,DAY 14/01/2025 - moved 5 animals from property ID 737 (farm) to property ID 699 (farm)
74,738,1727,DAY 14/01/2025 - moved 3 animals from property ID 738 (farm) to property ID 1727 (farm)
74,745,782,DAY 14/01/2025 - moved 8 animals from property ID 745 (farm) to property ID 782 (trader)
74,762,1343,DAY 14/01/2025 - moved 18 animals from property ID 762 (farm) to property ID 1343 (farm)
74,770,867,DAY 14/01/2025 - moved 2 animals from property ID 770 (farm) to property ID 867 (feedlot)
74,782,458,DAY 14/01/2025 - moved 61 animals from property ID 782 (trader) to property ID 458 (abbattoir)
74,783,1907,DAY 14/01/2025 - moved 17 animals from property ID 783 (farm) to property ID 1907 (feedlot)
74,784,866,DAY 14/01/2025 - moved 6 animals from property ID 784 (farm) to property ID 866 (feedlot)
74,786,1684,DAY 14/01/2025 - moved 8 animals from property ID 786 (farm) to property ID 1684 (farm)
74,787,904,DAY 14/01/2025 - moved 3 animals from property ID 787 (farm) to property ID 904 (trader)
74,794,1042,DAY 14/01/2025 - moved 5 animals from property ID 794 (farm) to property ID 1042 (farm)
74,797,1301,DAY 14/01/2025 - moved 6 animals from property ID 797 (farm) to property ID 1301 (saleyard)
74,825,1823,DAY 14/01/2025 - moved 2 animals from property ID 825 (farm) to property ID 1823 (trader)
74,828,1301,DAY 14/01/2025 - moved 8 animals from property ID 828 (farm) to property ID 1301 (saleyard)
74,829,1301,DAY 14/01/2025 - moved 4 animals from property ID 829 (farm) to property ID 1301 (saleyard)
74,861,188,DAY 14/01/2025 - moved 15 animals from property ID 861 (farm) to property ID 188 (feedlot)
74,881,1144,DAY 14/01/2025 - moved 7 animals from property ID 881 (farm) to property ID 1144 (farm)
74,896,866,DAY 14/01/2025 - moved 1 animals from property ID 896 (farm) to property ID 866 (feedlot)
74,904,700,DAY 14/01/2025 - moved 4 animals from property ID 904 (trader) to property ID 700 (trader)
74,904,816,DAY 14/01/2025 - moved 5 animals from property ID 904 (trader) to property ID 816 (farm)
74,904,903,DAY 14/01/2025 - moved 5 animals from property ID 904 (trader) to property ID 903 (farm)
74,927,732,DAY 14/01/2025 - moved 2 animals from property ID 927 (farm) to property ID 732 (farm)
74,931,1466,DAY 14/01/2025 - moved 21 animals from property ID 931 (farm) to property ID 1466 (farm)
74,932,1479,DAY 14/01/2025 - moved 11 animals from property ID 932 (farm) to property ID 1479 (trader)
74,938,1110,DAY 14/01/2025 - moved 6 animals from property ID 938 (farm) to property ID 1110 (feedlot)
74,999,529,DAY 14/01/2025 - moved 10 animals from property ID 999 (farm) to property ID 529 (farm)
74,1015,1666,DAY 14/01/2025 - moved 5 animals from property ID 1015 (farm) to property ID 1666 (feedlot)
74,1017,1172,DAY 14/01/2025 - moved 3 animals from property ID 1017 (farm) to property ID 1172 (farm)
74,1041,1584,DAY 14/01/2025 - moved 12 animals from property ID 1041 (farm) to property ID 1584 (farm)
74,1042,92,DAY 14/01/2025 - moved 5 animals from property ID 1042 (farm) to property ID 92 (trader)
74,1048,867,DAY 14/01/2025 - moved 4 animals from property ID 1048 (farm) to property ID 867 (feedlot)
74,1057,188,DAY 14/01/2025 - moved 36 animals from property ID 1057 (farm) to property ID 188 (feedlot)
74,1070,1760,DAY 14/01/2025 - moved 1 animals from property ID 1070 (farm) to property ID 1760 (farm)
74,1080,973,DAY 14/01/2025 - moved 14 animals from property ID 1080 (farm) to property ID 973 (farm)
74,1098,1571,DAY 14/01/2025 - moved 8 animals from property ID 1098 (farm) to property ID 1571 (farm)
74,1108,533,DAY 14/01/2025 - moved 2 animals from property ID 1108 (farm) to property ID 533 (farm)
74,1119,1301,DAY 14/01/2025 - moved 5 animals from property ID 1119 (trader) to property ID 1301 (saleyard)
74,1119,100,DAY 14/01/2025 - moved 6 animals from property ID 1119 (trader) to property ID 100 (farm)
74,1119,867,DAY 14/01/2025 - moved 6 animals from property ID 1119 (trader) to property ID 867 (feedlot)
74,1138,92,DAY 14/01/2025 - moved 30 animals from property ID 1138 (farm) to property ID 92 (trader)
74,1146,1952,DAY 14/01/2025 - moved 4 animals from property ID 1146 (farm) to property ID 1952 (farm)
74,1170,1061,DAY 14/01/2025 - moved 2 animals from property ID 1170 (farm) to property ID 1061 (farm)
74,1177,1823,DAY 14/01/2025 - moved 3 animals from property ID 1177 (farm) to property ID 1823 (trader)
74,1194,1479,DAY 14/01/2025 - moved 12 animals from property ID 1194 (farm) to property ID 1479 (trader)
74,1199,1460,DAY 14/01/2025 - moved 8 animals from property ID 1199 (farm) to property ID 1460 (farm)
74,1206,297,DAY 14/01/2025 - moved 2 animals from property ID 1206 (farm) to property ID 297 (farm)
74,1207,1872,DAY 14/01/2025 - moved 3 animals from property ID 1207 (farm) to property ID 1872 (farm)
74,1212,1578,DAY 14/01/2025 - moved 1 animals from property ID 1212 (farm) to property ID 1578 (farm)
74,1217,1134,DAY 14/01/2025 - moved 3 animals from property ID 1217 (farm) to property ID 1134 (farm)
74,1273,978,DAY 14/01/2025 - moved 32 animals from property ID 1273 (trader) to property ID 978 (farm)
74,1283,1479,DAY 14/01/2025 - moved 10 animals from property ID 1283 (farm) to property ID 1479 (trader)
74,1310,664,DAY 14/01/2025 - moved 12 animals from property ID 1310 (farm) to property ID 664 (farm)
74,1354,866,DAY 14/01/2025 - moved 5 animals from property ID 1354 (farm) to property ID 866 (feedlot)
74,1360,1479,DAY 14/01/2025 - moved 53 animals from property ID 1360 (farm) to property ID 1479 (trader)
74,1368,220,DAY 14/01/2025 - moved 1 animals from property ID 1368 (farm) to property ID 220 (farm)
74,1372,491,DAY 14/01/2025 - moved 10 animals from property ID 1372 (farm) to property ID 491 (farm)
74,1376,1839,DAY 14/01/2025 - moved 1 animals from property ID 1376 (farm) to property ID 1839 (farm)
74,1380,264,DAY 14/01/2025 - moved 3 animals from property ID 1380 (farm) to property ID 264 (feedlot)
74,1392,1896,DAY 14/01/2025 - moved 14 animals from property ID 1392 (farm) to property ID 1896 (farm)
74,1409,867,DAY 14/01/2025 - moved 5 animals from property ID 1409 (farm) to property ID 867 (feedlot)
74,1411,1249,DAY 14/01/2025 - moved 2 animals from property ID 1411 (farm) to property ID 1249 (farm)
74,1417,1042,DAY 14/01/2025 - moved 18 animals from property ID 1417 (farm) to property ID 1042 (farm)
74,1431,1119,DAY 14/01/2025 - moved 3 animals from property ID 1431 (farm) to property ID 1119 (trader)
74,1432,1823,DAY 14/01/2025 - moved 5 animals from property ID 1432 (farm) to property ID 1823 (trader)
74,1458,1693,DAY 14/01/2025 - moved 13 animals from property ID 1458 (farm) to property ID 1693 (farm)
74,1466,758,DAY 14/01/2025 - moved 9 animals from property ID 1466 (farm) to property ID 758 (feedlot)
74,1473,943,DAY 14/01/2025 - moved 2 animals from property ID 1473 (farm) to property ID 943 (farm)
74,1479,758,DAY 14/01/2025 - moved 14 animals from property ID 1479 (trader) to property ID 758 (feedlot)
74,1479,1628,DAY 14/01/2025 - moved 15 animals from property ID 1479 (trader) to property ID 1628 (farm)
74,1479,351,DAY 14/01/2025 - moved 15 animals from property ID 1479 (trader) to property ID 351 (farm)
74,1530,1471,DAY 14/01/2025 - moved 3 animals from property ID 1530 (farm) to property ID 1471 (farm)
74,1548,978,DAY 14/01/2025 - moved 4 animals from property ID 1548 (farm) to property ID 978 (farm)
74,1572,867,DAY 14/01/2025 - moved 1 animals from property ID 1572 (farm) to property ID 867 (feedlot)
74,1579,867,DAY 14/01/2025 - moved 3 animals from property ID 1579 (farm) to property ID 867 (feedlot)
74,1602,1642,DAY 14/01/2025 - moved 4 animals from property ID 1602 (farm) to property ID 1642 (farm)
74,1604,415,DAY 14/01/2025 - moved 3 animals from property ID 1604 (farm) to property ID 415 (trader)
74,1637,1479,DAY 14/01/2025 - moved 19 animals from property ID 1637 (farm) to property ID 1479 (trader)
74,1654,415,DAY 14/01/2025 - moved 2 animals from property ID 1654 (farm) to property ID 415 (trader)
74,1670,1273,DAY 14/01/2025 - moved 1 animals from property ID 1670 (farm) to property ID 1273 (trader)
74,1676,92,DAY 14/01/2025 - moved 5 animals from property ID 1676 (farm) to property ID 92 (trader)
74,1679,1873,DAY 14/01/2025 - moved 2 animals from property ID 1679 (farm) to property ID 1873 (farm)
74,1718,458,DAY 14/01/2025 - moved 6 animals from property ID 1718 (farm) to property ID 458 (abbattoir)
74,1744,1907,DAY 14/01/2025 - moved 15 animals from property ID 1744 (farm) to property ID 1907 (feedlot)
74,1759,45,DAY 14/01/2025 - moved 8 animals from property ID 1759 (farm) to property ID 45 (farm)
74,1805,189,DAY 14/01/2025 - moved 6 animals from property ID 1805 (farm) to property ID 189 (saleyard)
74,1812,541,DAY 14/01/2025 - moved 4 animals from property ID 1812 (farm) to property ID 541 (farm)
74,1823,867,DAY 14/01/2025 - moved 13 animals from property ID 1823 (trader) to property ID 867 (feedlot)
74,1823,867,DAY 14/01/2025 - moved 13 animals from property ID 1823 (trader) to property ID 867 (feedlot)
74,1827,1109,DAY 14/01/2025 - moved 15 animals from property ID 1827 (farm) to property ID 1109 (feedlot)
74,1841,1823,DAY 14/01/2025 - moved 11 animals from property ID 1841 (farm) to property ID 1823 (trader)
74,1850,1793,DAY 14/01/2025 - moved 15 animals from property ID 1850 (farm) to property ID 1793 (farm)
74,1872,92,DAY 14/01/2025 - moved 12 animals from property ID 1872 (farm) to property ID 92 (trader)
74,1883,1032,DAY 14/01/2025 - moved 1 animals from property ID 1883 (farm) to property ID 1032 (farm)
74,1886,1297,DAY 14/01/2025 - moved 3 animals from property ID 1886 (farm) to property ID 1297 (farm)
74,1904,1795,DAY 14/01/2025 - moved 2 animals from property ID 1904 (farm) to property ID 1795 (farm)
74,1919,1119,DAY 14/01/2025 - moved 2 animals from property ID 1919 (farm) to property ID 1119 (trader)
74,1935,758,DAY 14/01/2025 - moved 10 animals from property ID 1935 (farm) to property ID 758 (feedlot)
74,1938,1273,DAY 14/01/2025 - moved 4 animals from property ID 1938 (farm) to property ID 1273 (trader)
74,1947,101,DAY 14/01/2025 - moved 7 animals from property ID 1947 (farm) to property ID 101 (farm)
74,1950,707,DAY 14/01/2025 - moved 3 animals from property ID 1950 (farm) to property ID 707 (farm)
74,1956,1702,DAY 14/01/2025 - moved 18 animals from property ID 1956 (farm) to property ID 1702 (farm)
74,1966,759,DAY 14/01/2025 - moved 5 animals from property ID 1966 (farm) to property ID 759 (farm)
74,1981,1465,DAY 14/01/2025 - moved 25 animals from property ID 1981 (farm) to property ID 1465 (farm)
74,1992,524,DAY 14/01/2025 - moved 5 animals from property ID 1992 (farm) to property ID 524 (feedlot)
74,1993,1301,DAY 14/01/2025 - moved 6 animals from property ID 1993 (farm) to property ID 1301 (saleyard)
74,1996,866,DAY 14/01/2025 - moved 2 animals from property ID 1996 (farm) to property ID 866 (feedlot)
75,5,299,DAY 15/01/2025 - moved 6 animals from property ID 5 (farm) to property ID 299 (farm)
75,19,1884,DAY 15/01/2025 - moved 13 animals from property ID 19 (farm) to property ID 1884 (farm)
75,53,92,DAY 15/01/2025 - moved 11 animals from property ID 53 (farm) to property ID 92 (trader)
75,55,458,DAY 15/01/2025 - moved 7 animals from property ID 55 (farm) to property ID 458 (abbattoir)
75,60,782,DAY 15/01/2025 - moved 12 animals from property ID 60 (farm) to property ID 782 (trader)
75,92,866,DAY 15/01/2025 - moved 22 animals from property ID 92 (trader) to property ID 866 (feedlot)
75,92,907,DAY 15/01/2025 - moved 22 animals from property ID 92 (trader) to property ID 907 (farm)
75,93,1273,DAY 15/01/2025 - moved 3 animals from property ID 93 (farm) to property ID 1273 (trader)
75,101,1301,DAY 15/01/2025 - moved 6 animals from property ID 101 (farm) to property ID 1301 (saleyard)
75,122,1908,DAY 15/01/2025 - moved 3 animals from property ID 122 (farm) to property ID 1908 (farm)
75,129,469,DAY 15/01/2025 - moved 3 animals from property ID 129 (farm) to property ID 469 (farm)
75,140,904,DAY 15/01/2025 - moved 6 animals from property ID 140 (farm) to property ID 904 (trader)
75,142,782,DAY 15/01/2025 - moved 14 animals from property ID 142 (farm) to property ID 782 (trader)
75,165,1479,DAY 15/01/2025 - moved 21 animals from property ID 165 (farm) to property ID 1479 (trader)
75,189,1109,DAY 15/01/2025 - moved 14 animals from property ID 189 (saleyard) to property ID 1109 (feedlot)
75,189,421,DAY 15/01/2025 - moved 14 animals from property ID 189 (saleyard) to property ID 421 (farm)
75,192,1823,DAY 15/01/2025 - moved 3 animals from property ID 192 (farm) to property ID 1823 (trader)
75,194,721,DAY 15/01/2025 - moved 15 animals from property ID 194 (farm) to property ID 721 (farm)
75,228,524,DAY 15/01/2025 - moved 2 animals from property ID 228 (farm) to property ID 524 (feedlot)
75,233,98,DAY 15/01/2025 - moved 1 animals from property ID 233 (farm) to property ID 98 (farm)
75,234,1964,DAY 15/01/2025 - moved 12 animals from property ID 234 (farm) to property ID 1964 (farm)
75,242,188,DAY 15/01/2025 - moved 3 animals from property ID 242 (farm) to property ID 188 (feedlot)
75,247,92,DAY 15/01/2025 - moved 13 animals from property ID 247 (farm) to property ID 92 (trader)
75,255,867,DAY 15/01/2025 - moved 7 animals from property ID 255 (farm) to property ID 867 (feedlot)
75,261,411,DAY 15/01/2025 - moved 4 animals from property ID 261 (farm) to property ID 411 (farm)
75,279,415,DAY 15/01/2025 - moved 1 animals from property ID 279 (farm) to property ID 415 (trader)
75,333,1823,DAY 15/01/2025 - moved 10 animals from property ID 333 (farm) to property ID 1823 (trader)
75,334,415,DAY 15/01/2025 - moved 10 animals from property ID 334 (farm) to property ID 415 (trader)
75,368,1109,DAY 15/01/2025 - moved 4 animals from property ID 368 (farm) to property ID 1109 (feedlot)
75,393,1051,DAY 15/01/2025 - moved 15 animals from property ID 393 (farm) to property ID 1051 (farm)
75,395,1823,DAY 15/01/2025 - moved 30 animals from property ID 395 (farm) to property ID 1823 (trader)
75,414,362,DAY 15/01/2025 - moved 1 animals from property ID 414 (farm) to property ID 362 (farm)
75,415,1301,DAY 15/01/2025 - moved 15 animals from property ID 415 (trader) to property ID 1301 (saleyard)
75,424,1020,DAY 15/01/2025 - moved 7 animals from property ID 424 (farm) to property ID 1020 (farm)
75,435,1568,DAY 15/01/2025 - moved 11 animals from property ID 435 (farm) to property ID 1568 (farm)
75,447,184,DAY 15/01/2025 - moved 13 animals from property ID 447 (farm) to property ID 184 (farm)
75,481,1301,DAY 15/01/2025 - moved 1 animals from property ID 481 (farm) to property ID 1301 (saleyard)
75,490,867,DAY 15/01/2025 - moved 7 animals from property ID 490 (farm) to property ID 867 (feedlot)
75,596,1183,DAY 15/01/2025 - moved 2 animals from property ID 596 (farm) to property ID 1183 (farm)
75,606,1078,DAY 15/01/2025 - moved 42 animals from property ID 606 (farm) to property ID 1078 (farm)
75,624,1918,DAY 15/01/2025 - moved 2 animals from property ID 624 (farm) to property ID 1918 (farm)
75,638,768,DAY 15/01/2025 - moved 6 animals from property ID 638 (farm) to property ID 768 (farm)
75,652,342,DAY 15/01/2025 - moved 1 animals from property ID 652 (farm) to property ID 342 (farm)
75,694,1479,DAY 15/01/2025 - moved 6 animals from property ID 694 (farm) to property ID 1479 (trader)
75,700,873,DAY 15/01/2025 - moved 9 animals from property ID 700 (trader) to property ID 873 (farm)
75,700,1413,DAY 15/01/2025 - moved 9 animals from property ID 700 (trader) to property ID 1413 (farm)
75,705,1728,DAY 15/01/2025 - moved 8 animals from property ID 705 (farm) to property ID 1728 (farm)
75,707,189,DAY 15/01/2025 - moved 2 animals from property ID 707 (farm) to property ID 189 (saleyard)
75,717,189,DAY 15/01/2025 - moved 5 animals from property ID 717 (farm) to property ID 189 (saleyard)
75,718,834,DAY 15/01/2025 - moved 3 animals from property ID 718 (farm) to property ID 834 (farm)
75,719,1261,DAY 15/01/2025 - moved 5 animals from property ID 719 (farm) to property ID 1261 (farm)
75,721,758,DAY 15/01/2025 - moved 9 animals from property ID 721 (farm) to property ID 758 (feedlot)
75,724,782,DAY 15/01/2025 - moved 6 animals from property ID 724 (farm) to property ID 782 (trader)
75,726,867,DAY 15/01/2025 - moved 2 animals from property ID 726 (farm) to property ID 867 (feedlot)
75,728,438,DAY 15/01/2025 - moved 16 animals from property ID 728 (farm) to property ID 438 (farm)
75,732,1109,DAY 15/01/2025 - moved 3 animals from property ID 732 (farm) to property ID 1109 (feedlot)
75,755,1464,DAY 15/01/2025 - moved 6 animals from property ID 755 (farm) to property ID 1464 (farm)
75,782,796,DAY 15/01/2025 - moved 25 animals from property ID 782 (trader) to property ID 796 (farm)
75,782,864,DAY 15/01/2025 - moved 26 animals from property ID 782 (trader) to property ID 864 (farm)
75,800,1301,DAY 15/01/2025 - moved 5 animals from property ID 800 (farm) to property ID 1301 (saleyard)
75,814,1479,DAY 15/01/2025 - moved 13 animals from property ID 814 (farm) to property ID 1479 (trader)
75,815,229,DAY 15/01/2025 - moved 23 animals from property ID 815 (farm) to property ID 229 (farm)
75,824,1301,DAY 15/01/2025 - moved 12 animals from property ID 824 (farm) to property ID 1301 (saleyard)
75,876,700,DAY 15/01/2025 - moved 3 animals from property ID 876 (farm) to property ID 700 (trader)
75,882,904,DAY 15/01/2025 - moved 12 animals from property ID 882 (farm) to property ID 904 (trader)
75,883,188,DAY 15/01/2025 - moved 3 animals from property ID 883 (farm) to property ID 188 (feedlot)
75,889,1823,DAY 15/01/2025 - moved 6 animals from property ID 889 (farm) to property ID 1823 (trader)
75,903,1109,DAY 15/01/2025 - moved 4 animals from property ID 903 (farm) to property ID 1109 (feedlot)
75,904,264,DAY 15/01/2025 - moved 12 animals from property ID 904 (trader) to property ID 264 (feedlot)
75,922,556,DAY 15/01/2025 - moved 53 animals from property ID 922 (farm) to property ID 556 (farm)
75,928,1867,DAY 15/01/2025 - moved 8 animals from property ID 928 (farm) to property ID 1867 (farm)
75,935,92,DAY 15/01/2025 - moved 8 animals from property ID 935 (farm) to property ID 92 (trader)
75,943,546,DAY 15/01/2025 - moved 6 animals from property ID 943 (farm) to property ID 546 (farm)
75,947,1301,DAY 15/01/2025 - moved 5 animals from property ID 947 (farm) to property ID 1301 (saleyard)
75,950,782,DAY 15/01/2025 - moved 3 animals from property ID 950 (farm) to property ID 782 (trader)
75,965,1823,DAY 15/01/2025 - moved 4 animals from property ID 965 (farm) to property ID 1823 (trader)
75,984,188,DAY 15/01/2025 - moved 7 animals from property ID 984 (farm) to property ID 188 (feedlot)
75,985,524,DAY 15/01/2025 - moved 7 animals from property ID 985 (farm) to property ID 524 (feedlot)
75,993,867,DAY 15/01/2025 - moved 3 animals from property ID 993 (farm) to property ID 867 (feedlot)
75,1005,147,DAY 15/01/2025 - moved 5 animals from property ID 1005 (farm) to property ID 147 (farm)
75,1028,1119,DAY 15/01/2025 - moved 5 animals from property ID 1028 (farm) to property ID 1119 (trader)
75,1063,1301,DAY 15/01/2025 - moved 4 animals from property ID 1063 (farm) to property ID 1301 (saleyard)
75,1064,1696,DAY 15/01/2025 - moved 9 animals from property ID 1064 (farm) to property ID 1696 (farm)
75,1066,782,DAY 15/01/2025 - moved 16 animals from property ID 1066 (farm) to property ID 782 (trader)
75,1073,5,DAY 15/01/2025 - moved 22 animals from property ID 1073 (farm) to property ID 5 (farm)
75,1083,1119,DAY 15/01/2025 - moved 1 animals from property ID 1083 (farm) to property ID 1119 (trader)
75,1089,415,DAY 15/01/2025 - moved 5 animals from property ID 1089 (farm) to property ID 415 (trader)
75,1090,189,DAY 15/01/2025 - moved 6 animals from property ID 1090 (farm) to property ID 189 (saleyard)
75,1097,1736,DAY 15/01/2025 - moved 4 animals from property ID 1097 (farm) to property ID 1736 (farm)
75,1119,437,DAY 15/01/2025 - moved 16 animals from property ID 1119 (trader) to property ID 437 (farm)
75,1120,1301,DAY 15/01/2025 - moved 6 animals from property ID 1120 (farm) to property ID 1301 (saleyard)
75,1135,1273,DAY 15/01/2025 - moved 1 animals from property ID 1135 (farm) to property ID 1273 (trader)
75,1158,1737,DAY 15/01/2025 - moved 9 animals from property ID 1158 (farm) to property ID 1737 (farm)
75,1238,1637,DAY 15/01/2025 - moved 23 animals from property ID 1238 (farm) to property ID 1637 (farm)
75,1251,553,DAY 15/01/2025 - moved 14 animals from property ID 1251 (farm) to property ID 553 (farm)
75,1273,1005,DAY 15/01/2025 - moved 15 animals from property ID 1273 (trader) to property ID 1005 (farm)
75,1273,243,DAY 15/01/2025 - moved 14 animals from property ID 1273 (trader) to property ID 243 (farm)
75,1280,210,DAY 15/01/2025 - moved 7 animals from property ID 1280 (farm) to property ID 210 (farm)
75,1299,1301,DAY 15/01/2025 - moved 6 animals from property ID 1299 (farm) to property ID 1301 (saleyard)
75,1301,867,DAY 15/01/2025 - moved 13 animals from property ID 1301 (saleyard) to property ID 867 (feedlot)
75,1301,867,DAY 15/01/2025 - moved 14 animals from property ID 1301 (saleyard) to property ID 867 (feedlot)
75,1301,1629,DAY 15/01/2025 - moved 14 animals from property ID 1301 (saleyard) to property ID 1629 (farm)
75,1301,867,DAY 15/01/2025 - moved 14 animals from property ID 1301 (saleyard) to property ID 867 (feedlot)
75,1315,1301,DAY 15/01/2025 - moved 1 animals from property ID 1315 (farm) to property ID 1301 (saleyard)
75,1381,1334,DAY 15/01/2025 - moved 11 animals from property ID 1381 (farm) to property ID 1334 (farm)
75,1457,1301,DAY 15/01/2025 - moved 1 animals from property ID 1457 (farm) to property ID 1301 (saleyard)
75,1474,1273,DAY 15/01/2025 - moved 4 animals from property ID 1474 (farm) to property ID 1273 (trader)
75,1479,694,DAY 15/01/2025 - moved 28 animals from property ID 1479 (trader) to property ID 694 (farm)
75,1479,758,DAY 15/01/2025 - moved 28 animals from property ID 1479 (trader) to property ID 758 (feedlot)
75,1523,92,DAY 15/01/2025 - moved 5 animals from property ID 1523 (farm) to property ID 92 (trader)
75,1537,189,DAY 15/01/2025 - moved 8 animals from property ID 1537 (farm) to property ID 189 (saleyard)
75,1554,782,DAY 15/01/2025 - moved 12 animals from property ID 1554 (farm) to property ID 782 (trader)
75,1556,1505,DAY 15/01/2025 - moved 13 animals from property ID 1556 (farm) to property ID 1505 (farm)
75,1560,1119,DAY 15/01/2025 - moved 6 animals from property ID 1560 (farm) to property ID 1119 (trader)
75,1578,264,DAY 15/01/2025 - moved 8 animals from property ID 1578 (farm) to property ID 264 (feedlot)
75,1585,1301,DAY 15/01/2025 - moved 2 animals from property ID 1585 (farm) to property ID 1301 (saleyard)
75,1607,264,DAY 15/01/2025 - moved 3 animals from property ID 1607 (farm) to property ID 264 (feedlot)
75,1610,867,DAY 15/01/2025 - moved 4 animals from property ID 1610 (farm) to property ID 867 (feedlot)
75,1611,1824,DAY 15/01/2025 - moved 4 animals from property ID 1611 (farm) to property ID 1824 (farm)
75,1633,415,DAY 15/01/2025 - moved 1 animals from property ID 1633 (farm) to property ID 415 (trader)
75,1649,481,DAY 15/01/2025 - moved 6 animals from property ID 1649 (farm) to property ID 481 (farm)
75,1657,835,DAY 15/01/2025 - moved 2 animals from property ID 1657 (farm) to property ID 835 (farm)
75,1661,1109,DAY 15/01/2025 - moved 17 animals from property ID 1661 (farm) to property ID 1109 (feedlot)
75,1682,264,DAY 15/01/2025 - moved 4 animals from property ID 1682 (farm) to property ID 264 (feedlot)
75,1687,1020,DAY 15/01/2025 - moved 8 animals from property ID 1687 (farm) to property ID 1020 (farm)
75,1730,5,DAY 15/01/2025 - moved 1 animals from property ID 1730 (farm) to property ID 5 (farm)
75,1823,1394,DAY 15/01/2025 - moved 15 animals from property ID 1823 (trader) to property ID 1394 (farm)
75,1823,1840,DAY 15/01/2025 - moved 15 animals from property ID 1823 (trader) to property ID 1840 (farm)
75,1830,188,DAY 15/01/2025 - moved 4 animals from property ID 1830 (farm) to property ID 188 (feedlot)
75,1857,1921,DAY 15/01/2025 - moved 8 animals from property ID 1857 (farm) to property ID 1921 (farm)
75,1880,415,DAY 15/01/2025 - moved 6 animals from property ID 1880 (farm) to property ID 415 (trader)
75,1930,437,DAY 15/01/2025 - moved 18 animals from property ID 1930 (farm) to property ID 437 (farm)
75,1982,458,DAY 15/01/2025 - moved 15 animals from property ID 1982 (farm) to property ID 458 (abbattoir)
75,1997,1885,DAY 15/01/2025 - moved 11 animals from property ID 1997 (farm) to property ID 1885 (farm)
76,20,433,DAY 16/01/2025 - moved 2 animals from property ID 20 (farm) to property ID 433 (farm)
76,24,1301,DAY 16/01/2025 - moved 7 animals from property ID 24 (farm) to property ID 1301 (saleyard)
76,30,1031,DAY 16/01/2025 - moved 1 animals from property ID 30 (farm) to property ID 1031 (farm)
76,33,204,DAY 16/01/2025 - moved 11 animals from property ID 33 (farm) to property ID 204 (farm)
76,46,1479,DAY 16/01/2025 - moved 6 animals from property ID 46 (farm) to property ID 1479 (trader)
76,52,112,DAY 16/01/2025 - moved 6 animals from property ID 52 (farm) to property ID 112 (farm)
76,69,1343,DAY 16/01/2025 - moved 14 animals from property ID 69 (farm) to property ID 1343 (farm)
76,92,593,DAY 16/01/2025 - moved 21 animals from property ID 92 (trader) to property ID 593 (farm)
76,92,943,DAY 16/01/2025 - moved 22 animals from property ID 92 (trader) to property ID 943 (farm)
76,156,1263,DAY 16/01/2025 - moved 1 animals from property ID 156 (farm) to property ID 1263 (farm)
76,182,1235,DAY 16/01/2025 - moved 4 animals from property ID 182 (farm) to property ID 1235 (farm)
76,184,1823,DAY 16/01/2025 - moved 6 animals from property ID 184 (farm) to property ID 1823 (trader)
76,189,1966,DAY 16/01/2025 - moved 5 animals from property ID 189 (saleyard) to property ID 1966 (farm)
76,189,732,DAY 16/01/2025 - moved 5 animals from property ID 189 (saleyard) to property ID 732 (farm)
76,189,974,DAY 16/01/2025 - moved 5 animals from property ID 189 (saleyard) to property ID 974 (farm)
76,189,1987,DAY 16/01/2025 - moved 4 animals from property ID 189 (saleyard) to property ID 1987 (farm)
76,189,964,DAY 16/01/2025 - moved 4 animals from property ID 189 (saleyard) to property ID 964 (feedlot)
76,189,964,DAY 16/01/2025 - moved 4 animals from property ID 189 (saleyard) to property ID 964 (feedlot)
76,208,1666,DAY 16/01/2025 - moved 7 animals from property ID 208 (farm) to property ID 1666 (feedlot)
76,231,758,DAY 16/01/2025 - moved 7 animals from property ID 231 (farm) to property ID 758 (feedlot)
76,239,380,DAY 16/01/2025 - moved 4 animals from property ID 239 (farm) to property ID 380 (farm)
76,262,408,DAY 16/01/2025 - moved 8 animals from property ID 262 (farm) to property ID 408 (farm)
76,341,1681,DAY 16/01/2025 - moved 12 animals from property ID 341 (farm) to property ID 1681 (farm)
76,346,1823,DAY 16/01/2025 - moved 5 animals from property ID 346 (farm) to property ID 1823 (trader)
76,377,818,DAY 16/01/2025 - moved 15 animals from property ID 377 (farm) to property ID 818 (farm)
76,438,866,DAY 16/01/2025 - moved 8 animals from property ID 438 (farm) to property ID 866 (feedlot)
76,452,684,DAY 16/01/2025 - moved 8 animals from property ID 452 (farm) to property ID 684 (farm)
76,514,92,DAY 16/01/2025 - moved 14 animals from property ID 514 (farm) to property ID 92 (trader)
76,534,867,DAY 16/01/2025 - moved 9 animals from property ID 534 (farm) to property ID 867 (feedlot)
76,542,189,DAY 16/01/2025 - moved 1 animals from property ID 542 (farm) to property ID 189 (saleyard)
76,553,809,DAY 16/01/2025 - moved 15 animals from property ID 553 (farm) to property ID 809 (farm)
76,563,189,DAY 16/01/2025 - moved 3 animals from property ID 563 (farm) to property ID 189 (saleyard)
76,574,1479,DAY 16/01/2025 - moved 10 animals from property ID 574 (farm) to property ID 1479 (trader)
76,613,1119,DAY 16/01/2025 - moved 1 animals from property ID 613 (farm) to property ID 1119 (trader)
76,619,1109,DAY 16/01/2025 - moved 7 animals from property ID 619 (farm) to property ID 1109 (feedlot)
76,639,866,DAY 16/01/2025 - moved 69 animals from property ID 639 (farm) to property ID 866 (feedlot)
76,650,721,DAY 16/01/2025 - moved 19 animals from property ID 650 (farm) to property ID 721 (farm)
76,659,1301,DAY 16/01/2025 - moved 4 animals from property ID 659 (farm) to property ID 1301 (saleyard)
76,696,1301,DAY 16/01/2025 - moved 12 animals from property ID 696 (farm) to property ID 1301 (saleyard)
76,713,902,DAY 16/01/2025 - moved 16 animals from property ID 713 (farm) to property ID 902 (farm)
76,725,904,DAY 16/01/2025 - moved 3 animals from property ID 725 (farm) to property ID 904 (trader)
76,727,1479,DAY 16/01/2025 - moved 18 animals from property ID 727 (farm) to property ID 1479 (trader)
76,740,782,DAY 16/01/2025 - moved 11 animals from property ID 740 (farm) to property ID 782 (trader)
76,773,92,DAY 16/01/2025 - moved 6 animals from property ID 773 (farm) to property ID 92 (trader)
76,782,1066,DAY 16/01/2025 - moved 18 animals from property ID 782 (trader) to property ID 1066 (farm)
76,782,1221,DAY 16/01/2025 - moved 18 animals from property ID 782 (trader) to property ID 1221 (farm)
76,782,1261,DAY 16/01/2025 - moved 18 animals from property ID 782 (trader) to property ID 1261 (farm)
76,793,1301,DAY 16/01/2025 - moved 3 animals from property ID 793 (farm) to property ID 1301 (saleyard)
76,805,758,DAY 16/01/2025 - moved 5 animals from property ID 805 (farm) to property ID 758 (feedlot)
76,813,1712,DAY 16/01/2025 - moved 3 animals from property ID 813 (farm) to property ID 1712 (farm)
76,854,645,DAY 16/01/2025 - moved 7 animals from property ID 854 (farm) to property ID 645 (farm)
76,870,264,DAY 16/01/2025 - moved 4 animals from property ID 870 (farm) to property ID 264 (feedlot)
76,923,927,DAY 16/01/2025 - moved 8 animals from property ID 923 (farm) to property ID 927 (farm)
76,952,194,DAY 16/01/2025 - moved 3 animals from property ID 952 (farm) to property ID 194 (farm)
76,955,782,DAY 16/01/2025 - moved 8 animals from property ID 955 (farm) to property ID 782 (trader)
76,973,782,DAY 16/01/2025 - moved 16 animals from property ID 973 (farm) to property ID 782 (trader)
76,992,265,DAY 16/01/2025 - moved 2 animals from property ID 992 (farm) to property ID 265 (farm)
76,1001,92,DAY 16/01/2025 - moved 8 animals from property ID 1001 (farm) to property ID 92 (trader)
76,1003,1220,DAY 16/01/2025 - moved 1 animals from property ID 1003 (farm) to property ID 1220 (farm)
76,1024,1824,DAY 16/01/2025 - moved 12 animals from property ID 1024 (farm) to property ID 1824 (farm)
76,1034,1147,DAY 16/01/2025 - moved 4 animals from property ID 1034 (farm) to property ID 1147 (farm)
76,1038,713,DAY 16/01/2025 - moved 21 animals from property ID 1038 (farm) to property ID 713 (farm)
76,1081,1301,DAY 16/01/2025 - moved 1 animals from property ID 1081 (farm) to property ID 1301 (saleyard)
76,1095,241,DAY 16/01/2025 - moved 2 animals from property ID 1095 (farm) to property ID 241 (farm)
76,1119,368,DAY 16/01/2025 - moved 7 animals from property ID 1119 (trader) to property ID 368 (farm)
76,1119,1109,DAY 16/01/2025 - moved 8 animals from property ID 1119 (trader) to property ID 1109 (feedlot)
76,1160,1505,DAY 16/01/2025 - moved 9 animals from property ID 1160 (farm) to property ID 1505 (farm)
76,1169,758,DAY 16/01/2025 - moved 3 animals from property ID 1169 (farm) to property ID 758 (feedlot)
76,1176,1301,DAY 16/01/2025 - moved 3 animals from property ID 1176 (farm) to property ID 1301 (saleyard)
76,1179,1473,DAY 16/01/2025 - moved 4 animals from property ID 1179 (farm) to property ID 1473 (farm)
76,1197,309,DAY 16/01/2025 - moved 2 animals from property ID 1197 (farm) to property ID 309 (farm)
76,1202,264,DAY 16/01/2025 - moved 6 animals from property ID 1202 (farm) to property ID 264 (feedlot)
76,1203,1907,DAY 16/01/2025 - moved 14 animals from property ID 1203 (farm) to property ID 1907 (feedlot)
76,1228,524,DAY 16/01/2025 - moved 5 animals from property ID 1228 (farm) to property ID 524 (feedlot)
76,1230,973,DAY 16/01/2025 - moved 1 animals from property ID 1230 (farm) to property ID 973 (farm)
76,1301,1919,DAY 16/01/2025 - moved 19 animals from property ID 1301 (saleyard) to property ID 1919 (farm)
76,1301,1575,DAY 16/01/2025 - moved 19 animals from property ID 1301 (saleyard) to property ID 1575 (farm)
76,1301,481,DAY 16/01/2025 - moved 19 animals from property ID 1301 (saleyard) to property ID 481 (farm)
76,1314,1513,DAY 16/01/2025 - moved 4 animals from property ID 1314 (farm) to property ID 1513 (farm)
76,1316,1877,DAY 16/01/2025 - moved 3 animals from property ID 1316 (farm) to property ID 1877 (farm)
76,1330,1907,DAY 16/01/2025 - moved 5 animals from property ID 1330 (farm) to property ID 1907 (feedlot)
76,1342,964,DAY 16/01/2025 - moved 21 animals from property ID 1342 (farm) to property ID 964 (feedlot)
76,1374,1372,DAY 16/01/2025 - moved 2 animals from property ID 1374 (farm) to property ID 1372 (farm)
76,1383,1947,DAY 16/01/2025 - moved 10 animals from property ID 1383 (farm) to property ID 1947 (farm)
76,1389,990,DAY 16/01/2025 - moved 7 animals from property ID 1389 (farm) to property ID 990 (farm)
76,1390,1273,DAY 16/01/2025 - moved 4 animals from property ID 1390 (farm) to property ID 1273 (trader)
76,1398,1046,DAY 16/01/2025 - moved 4 animals from property ID 1398 (farm) to property ID 1046 (farm)
76,1420,264,DAY 16/01/2025 - moved 3 animals from property ID 1420 (farm) to property ID 264 (feedlot)
76,1427,415,DAY 16/01/2025 - moved 1 animals from property ID 1427 (farm) to property ID 415 (trader)
76,1443,1823,DAY 16/01/2025 - moved 4 animals from property ID 1443 (farm) to property ID 1823 (trader)
76,1479,758,DAY 16/01/2025 - moved 17 animals from property ID 1479 (trader) to property ID 758 (feedlot)
76,1479,26,DAY 16/01/2025 - moved 18 animals from property ID 1479 (trader) to property ID 26 (farm)
76,1479,758,DAY 16/01/2025 - moved 18 animals from property ID 1479 (trader) to property ID 758 (feedlot)
76,1497,264,DAY 16/01/2025 - moved 4 animals from property ID 1497 (farm) to property ID 264 (feedlot)
76,1502,846,DAY 16/01/2025 - moved 2 animals from property ID 1502 (farm) to property ID 846 (farm)
76,1519,758,DAY 16/01/2025 - moved 2 animals from property ID 1519 (farm) to property ID 758 (feedlot)
76,1522,192,DAY 16/01/2025 - moved 3 animals from property ID 1522 (farm) to property ID 192 (farm)
76,1574,1823,DAY 16/01/2025 - moved 8 animals from property ID 1574 (farm) to property ID 1823 (trader)
76,1624,1917,DAY 16/01/2025 - moved 35 animals from property ID 1624 (farm) to property ID 1917 (farm)
76,1652,714,DAY 16/01/2025 - moved 4 animals from property ID 1652 (farm) to property ID 714 (farm)
76,1691,184,DAY 16/01/2025 - moved 4 animals from property ID 1691 (farm) to property ID 184 (farm)
76,1700,866,DAY 16/01/2025 - moved 3 animals from property ID 1700 (farm) to property ID 866 (feedlot)
76,1701,1055,DAY 16/01/2025 - moved 3 animals from property ID 1701 (farm) to property ID 1055 (farm)
76,1714,189,DAY 16/01/2025 - moved 2 animals from property ID 1714 (farm) to property ID 189 (saleyard)
76,1721,758,DAY 16/01/2025 - moved 34 animals from property ID 1721 (farm) to property ID 758 (feedlot)
76,1736,753,DAY 16/01/2025 - moved 9 animals from property ID 1736 (farm) to property ID 753 (farm)
76,1767,1301,DAY 16/01/2025 - moved 4 animals from property ID 1767 (farm) to property ID 1301 (saleyard)
76,1794,1119,DAY 16/01/2025 - moved 2 animals from property ID 1794 (farm) to property ID 1119 (trader)
76,1806,1479,DAY 16/01/2025 - moved 5 animals from property ID 1806 (farm) to property ID 1479 (trader)
76,1815,1273,DAY 16/01/2025 - moved 14 animals from property ID 1815 (farm) to property ID 1273 (trader)
76,1823,130,DAY 16/01/2025 - moved 11 animals from property ID 1823 (trader) to property ID 130 (farm)
76,1823,867,DAY 16/01/2025 - moved 12 animals from property ID 1823 (trader) to property ID 867 (feedlot)
76,1823,1369,DAY 16/01/2025 - moved 12 animals from property ID 1823 (trader) to property ID 1369 (farm)
76,1854,563,DAY 16/01/2025 - moved 4 animals from property ID 1854 (farm) to property ID 563 (farm)
76,1864,866,DAY 16/01/2025 - moved 2 animals from property ID 1864 (farm) to property ID 866 (feedlot)
76,1867,782,DAY 16/01/2025 - moved 5 animals from property ID 1867 (farm) to property ID 782 (trader)
76,1878,1823,DAY 16/01/2025 - moved 18 animals from property ID 1878 (farm) to property ID 1823 (trader)
76,1896,974,DAY 16/01/2025 - moved 4 animals from property ID 1896 (farm) to property ID 974 (farm)
76,1918,1527,DAY 16/01/2025 - moved 15 animals from property ID 1918 (farm) to property ID 1527 (farm)
76,1921,1273,DAY 16/01/2025 - moved 3 animals from property ID 1921 (farm) to property ID 1273 (trader)
76,1922,547,DAY 16/01/2025 - moved 4 animals from property ID 1922 (farm) to property ID 547 (farm)
76,1924,1110,DAY 16/01/2025 - moved 2 animals from property ID 1924 (farm) to property ID 1110 (feedlot)
76,1932,782,DAY 16/01/2025 - moved 10 animals from property ID 1932 (farm) to property ID 782 (trader)
76,1948,724,DAY 16/01/2025 - moved 12 animals from property ID 1948 (farm) to property ID 724 (farm)
77,8,1510,DAY 17/01/2025 - moved 8 animals from property ID 8 (farm) to property ID 1510 (farm)
77,40,1301,DAY 17/01/2025 - moved 3 animals from property ID 40 (farm) to property ID 1301 (saleyard)
77,43,415,DAY 17/01/2025 - moved 2 animals from property ID 43 (farm) to property ID 415 (trader)
77,58,1823,DAY 17/01/2025 - moved 3 animals from property ID 58 (farm) to property ID 1823 (trader)
77,63,811,DAY 17/01/2025 - moved 17 animals from property ID 63 (farm) to property ID 811 (farm)
77,80,700,DAY 17/01/2025 - moved 2 animals from property ID 80 (farm) to property ID 700 (trader)
77,92,383,DAY 17/01/2025 - moved 20 animals from property ID 92 (trader) to property ID 383 (farm)
77,92,1593,DAY 17/01/2025 - moved 20 animals from property ID 92 (trader) to property ID 1593 (farm)
77,103,458,DAY 17/01/2025 - moved 6 animals from property ID 103 (farm) to property ID 458 (abbattoir)
77,106,892,DAY 17/01/2025 - moved 10 animals from property ID 106 (farm) to property ID 892 (farm)
77,118,1479,DAY 17/01/2025 - moved 7 animals from property ID 118 (farm) to property ID 1479 (trader)
77,125,916,DAY 17/01/2025 - moved 7 animals from property ID 125 (farm) to property ID 916 (farm)
77,130,1823,DAY 17/01/2025 - moved 6 animals from property ID 130 (farm) to property ID 1823 (trader)
77,134,415,DAY 17/01/2025 - moved 9 animals from property ID 134 (farm) to property ID 415 (trader)
77,138,1212,DAY 17/01/2025 - moved 4 animals from property ID 138 (farm) to property ID 1212 (farm)
77,150,189,DAY 17/01/2025 - moved 13 animals from property ID 150 (farm) to property ID 189 (saleyard)
77,171,1666,DAY 17/01/2025 - moved 8 animals from property ID 171 (farm) to property ID 1666 (feedlot)
77,177,1286,DAY 17/01/2025 - moved 4 animals from property ID 177 (farm) to property ID 1286 (farm)
77,189,710,DAY 17/01/2025 - moved 3 animals from property ID 189 (saleyard) to property ID 710 (farm)
77,189,964,DAY 17/01/2025 - moved 4 animals from property ID 189 (saleyard) to property ID 964 (feedlot)
77,189,816,DAY 17/01/2025 - moved 4 animals from property ID 189 (saleyard) to property ID 816 (farm)
77,189,1183,DAY 17/01/2025 - moved 4 animals from property ID 189 (saleyard) to property ID 1183 (farm)
77,189,1109,DAY 17/01/2025 - moved 4 animals from property ID 189 (saleyard) to property ID 1109 (feedlot)
77,189,1274,DAY 17/01/2025 - moved 4 animals from property ID 189 (saleyard) to property ID 1274 (farm)
77,241,415,DAY 17/01/2025 - moved 2 animals from property ID 241 (farm) to property ID 415 (trader)
77,259,61,DAY 17/01/2025 - moved 8 animals from property ID 259 (farm) to property ID 61 (farm)
77,276,1289,DAY 17/01/2025 - moved 3 animals from property ID 276 (farm) to property ID 1289 (farm)
77,286,202,DAY 17/01/2025 - moved 8 animals from property ID 286 (farm) to property ID 202 (farm)
77,301,1823,DAY 17/01/2025 - moved 4 animals from property ID 301 (farm) to property ID 1823 (trader)
77,311,188,DAY 17/01/2025 - moved 2 animals from property ID 311 (farm) to property ID 188 (feedlot)
77,344,1479,DAY 17/01/2025 - moved 11 animals from property ID 344 (farm) to property ID 1479 (trader)
77,365,458,DAY 17/01/2025 - moved 10 animals from property ID 365 (farm) to property ID 458 (abbattoir)
77,379,782,DAY 17/01/2025 - moved 4 animals from property ID 379 (farm) to property ID 782 (trader)
77,385,1479,DAY 17/01/2025 - moved 31 animals from property ID 385 (farm) to property ID 1479 (trader)
77,399,782,DAY 17/01/2025 - moved 14 animals from property ID 399 (farm) to property ID 782 (trader)
77,412,782,DAY 17/01/2025 - moved 11 animals from property ID 412 (farm) to property ID 782 (trader)
77,413,1301,DAY 17/01/2025 - moved 2 animals from property ID 413 (farm) to property ID 1301 (saleyard)
77,415,836,DAY 17/01/2025 - moved 8 animals from property ID 415 (trader) to property ID 836 (farm)
77,415,1468,DAY 17/01/2025 - moved 8 animals from property ID 415 (trader) to property ID 1468 (farm)
77,441,685,DAY 17/01/2025 - moved 6 animals from property ID 441 (farm) to property ID 685 (farm)
77,461,237,DAY 17/01/2025 - moved 4 animals from property ID 461 (farm) to property ID 237 (farm)
77,471,145,DAY 17/01/2025 - moved 8 animals from property ID 471 (farm) to property ID 145 (farm)
77,508,1109,DAY 17/01/2025 - moved 5 animals from property ID 508 (farm) to property ID 1109 (feedlot)
77,510,156,DAY 17/01/2025 - moved 3 animals from property ID 510 (farm) to property ID 156 (farm)
77,512,188,DAY 17/01/2025 - moved 5 animals from property ID 512 (farm) to property ID 188 (feedlot)
77,520,700,DAY 17/01/2025 - moved 5 animals from property ID 520 (farm) to property ID 700 (trader)
77,527,524,DAY 17/01/2025 - moved 3 animals from property ID 527 (farm) to property ID 524 (feedlot)
77,532,1119,DAY 17/01/2025 - moved 14 animals from property ID 532 (farm) to property ID 1119 (trader)
77,544,867,DAY 17/01/2025 - moved 1 animals from property ID 544 (farm) to property ID 867 (feedlot)
77,548,1479,DAY 17/01/2025 - moved 15 animals from property ID 548 (farm) to property ID 1479 (trader)
77,554,1273,DAY 17/01/2025 - moved 6 animals from property ID 554 (farm) to property ID 1273 (trader)
77,568,1823,DAY 17/01/2025 - moved 6 animals from property ID 568 (farm) to property ID 1823 (trader)
77,576,1666,DAY 17/01/2025 - moved 3 animals from property ID 576 (farm) to property ID 1666 (feedlot)
77,594,867,DAY 17/01/2025 - moved 9 animals from property ID 594 (farm) to property ID 867 (feedlot)
77,634,904,DAY 17/01/2025 - moved 3 animals from property ID 634 (farm) to property ID 904 (trader)
77,646,1018,DAY 17/01/2025 - moved 8 animals from property ID 646 (farm) to property ID 1018 (farm)
77,648,1327,DAY 17/01/2025 - moved 3 animals from property ID 648 (farm) to property ID 1327 (farm)
77,654,1479,DAY 17/01/2025 - moved 17 animals from property ID 654 (farm) to property ID 1479 (trader)
77,700,1111,DAY 17/01/2025 - moved 5 animals from property ID 700 (trader) to property ID 1111 (farm)
77,700,595,DAY 17/01/2025 - moved 5 animals from property ID 700 (trader) to property ID 595 (farm)
77,700,1110,DAY 17/01/2025 - moved 5 animals from property ID 700 (trader) to property ID 1110 (feedlot)
77,708,967,DAY 17/01/2025 - moved 14 animals from property ID 708 (farm) to property ID 967 (farm)
77,731,964,DAY 17/01/2025 - moved 9 animals from property ID 731 (farm) to property ID 964 (feedlot)
77,751,1109,DAY 17/01/2025 - moved 4 animals from property ID 751 (farm) to property ID 1109 (feedlot)
77,772,1907,DAY 17/01/2025 - moved 31 animals from property ID 772 (farm) to property ID 1907 (feedlot)
77,791,528,DAY 17/01/2025 - moved 16 animals from property ID 791 (farm) to property ID 528 (farm)
77,822,585,DAY 17/01/2025 - moved 43 animals from property ID 822 (farm) to property ID 585 (farm)
77,843,415,DAY 17/01/2025 - moved 3 animals from property ID 843 (farm) to property ID 415 (trader)
77,852,839,DAY 17/01/2025 - moved 12 animals from property ID 852 (farm) to property ID 839 (farm)
77,869,443,DAY 17/01/2025 - moved 24 animals from property ID 869 (farm) to property ID 443 (farm)
77,873,524,DAY 17/01/2025 - moved 19 animals from property ID 873 (farm) to property ID 524 (feedlot)
77,904,775,DAY 17/01/2025 - moved 4 animals from property ID 904 (trader) to property ID 775 (farm)
77,904,242,DAY 17/01/2025 - moved 5 animals from property ID 904 (trader) to property ID 242 (farm)
77,904,1110,DAY 17/01/2025 - moved 5 animals from property ID 904 (trader) to property ID 1110 (feedlot)
77,912,1273,DAY 17/01/2025 - moved 17 animals from property ID 912 (farm) to property ID 1273 (trader)
77,924,758,DAY 17/01/2025 - moved 9 animals from property ID 924 (farm) to property ID 758 (feedlot)
77,933,904,DAY 17/01/2025 - moved 6 animals from property ID 933 (farm) to property ID 904 (trader)
77,942,1301,DAY 17/01/2025 - moved 3 animals from property ID 942 (farm) to property ID 1301 (saleyard)
77,978,524,DAY 17/01/2025 - moved 6 animals from property ID 978 (farm) to property ID 524 (feedlot)
77,981,861,DAY 17/01/2025 - moved 8 animals from property ID 981 (farm) to property ID 861 (farm)
77,983,188,DAY 17/01/2025 - moved 4 animals from property ID 983 (farm) to property ID 188 (feedlot)
77,997,986,DAY 17/01/2025 - moved 3 animals from property ID 997 (farm) to property ID 986 (farm)
77,1044,782,DAY 17/01/2025 - moved 15 animals from property ID 1044 (farm) to property ID 782 (trader)
77,1068,1815,DAY 17/01/2025 - moved 6 animals from property ID 1068 (farm) to property ID 1815 (farm)
77,1074,1200,DAY 17/01/2025 - moved 1 animals from property ID 1074 (farm) to property ID 1200 (farm)
77,1076,1843,DAY 17/01/2025 - moved 2 animals from property ID 1076 (farm) to property ID 1843 (farm)
77,1088,524,DAY 17/01/2025 - moved 3 animals from property ID 1088 (farm) to property ID 524 (feedlot)
77,1092,1727,DAY 17/01/2025 - moved 12 animals from property ID 1092 (farm) to property ID 1727 (farm)
77,1111,242,DAY 17/01/2025 - moved 20 animals from property ID 1111 (farm) to property ID 242 (farm)
77,1119,867,DAY 17/01/2025 - moved 13 animals from property ID 1119 (trader) to property ID 867 (feedlot)
77,1125,1659,DAY 17/01/2025 - moved 3 animals from property ID 1125 (farm) to property ID 1659 (farm)
77,1133,92,DAY 17/01/2025 - moved 3 animals from property ID 1133 (farm) to property ID 92 (trader)
77,1134,1505,DAY 17/01/2025 - moved 8 animals from property ID 1134 (farm) to property ID 1505 (farm)
77,1141,1273,DAY 17/01/2025 - moved 2 animals from property ID 1141 (farm) to property ID 1273 (trader)
77,1164,700,DAY 17/01/2025 - moved 6 animals from property ID 1164 (farm) to property ID 700 (trader)
77,1165,1999,DAY 17/01/2025 - moved 12 animals from property ID 1165 (farm) to property ID 1999 (farm)
77,1180,1119,DAY 17/01/2025 - moved 3 animals from property ID 1180 (farm) to property ID 1119 (trader)
77,1184,524,DAY 17/01/2025 - moved 9 animals from property ID 1184 (farm) to property ID 524 (feedlot)
77,1214,1428,DAY 17/01/2025 - moved 6 animals from property ID 1214 (farm) to property ID 1428 (farm)
77,1224,557,DAY 17/01/2025 - moved 10 animals from property ID 1224 (farm) to property ID 557 (farm)
77,1241,524,DAY 17/01/2025 - moved 5 animals from property ID 1241 (farm) to property ID 524 (feedlot)
77,1273,77,DAY 17/01/2025 - moved 29 animals from property ID 1273 (trader) to property ID 77 (farm)
77,1282,92,DAY 17/01/2025 - moved 3 animals from property ID 1282 (farm) to property ID 92 (trader)
77,1301,867,DAY 17/01/2025 - moved 13 animals from property ID 1301 (saleyard) to property ID 867 (feedlot)
77,1301,1620,DAY 17/01/2025 - moved 13 animals from property ID 1301 (saleyard) to property ID 1620 (farm)
77,1301,1245,DAY 17/01/2025 - moved 13 animals from property ID 1301 (saleyard) to property ID 1245 (farm)
77,1301,867,DAY 17/01/2025 - moved 13 animals from property ID 1301 (saleyard) to property ID 867 (feedlot)
77,1303,415,DAY 17/01/2025 - moved 3 animals from property ID 1303 (farm) to property ID 415 (trader)
77,1311,458,DAY 17/01/2025 - moved 35 animals from property ID 1311 (farm) to property ID 458 (abbattoir)
77,1326,92,DAY 17/01/2025 - moved 2 animals from property ID 1326 (farm) to property ID 92 (trader)
77,1336,547,DAY 17/01/2025 - moved 10 animals from property ID 1336 (farm) to property ID 547 (farm)
77,1362,867,DAY 17/01/2025 - moved 5 animals from property ID 1362 (farm) to property ID 867 (feedlot)
77,1410,524,DAY 17/01/2025 - moved 4 animals from property ID 1410 (farm) to property ID 524 (feedlot)
77,1426,1301,DAY 17/01/2025 - moved 7 animals from property ID 1426 (farm) to property ID 1301 (saleyard)
77,1449,228,DAY 17/01/2025 - moved 9 animals from property ID 1449 (farm) to property ID 228 (farm)
77,1454,1528,DAY 17/01/2025 - moved 21 animals from property ID 1454 (farm) to property ID 1528 (farm)
77,1459,1283,DAY 17/01/2025 - moved 4 animals from property ID 1459 (farm) to property ID 1283 (farm)
77,1471,524,DAY 17/01/2025 - moved 3 animals from property ID 1471 (farm) to property ID 524 (feedlot)
77,1479,758,DAY 17/01/2025 - moved 50 animals from property ID 1479 (trader) to property ID 758 (feedlot)
77,1496,1479,DAY 17/01/2025 - moved 3 animals from property ID 1496 (farm) to property ID 1479 (trader)
77,1518,838,DAY 17/01/2025 - moved 7 animals from property ID 1518 (farm) to property ID 838 (farm)
77,1545,404,DAY 17/01/2025 - moved 2 animals from property ID 1545 (farm) to property ID 404 (farm)
77,1558,1133,DAY 17/01/2025 - moved 7 animals from property ID 1558 (farm) to property ID 1133 (farm)
77,1559,364,DAY 17/01/2025 - moved 7 animals from property ID 1559 (farm) to property ID 364 (farm)
77,1591,782,DAY 17/01/2025 - moved 21 animals from property ID 1591 (farm) to property ID 782 (trader)
77,1642,866,DAY 17/01/2025 - moved 2 animals from property ID 1642 (farm) to property ID 866 (feedlot)
77,1699,727,DAY 17/01/2025 - moved 6 animals from property ID 1699 (farm) to property ID 727 (farm)
77,1705,1119,DAY 17/01/2025 - moved 2 animals from property ID 1705 (farm) to property ID 1119 (trader)
77,1713,1110,DAY 17/01/2025 - moved 3 animals from property ID 1713 (farm) to property ID 1110 (feedlot)
77,1738,1907,DAY 17/01/2025 - moved 7 animals from property ID 1738 (farm) to property ID 1907 (feedlot)
77,1746,1479,DAY 17/01/2025 - moved 12 animals from property ID 1746 (farm) to property ID 1479 (trader)
77,1751,700,DAY 17/01/2025 - moved 2 animals from property ID 1751 (farm) to property ID 700 (trader)
77,1771,264,DAY 17/01/2025 - moved 6 animals from property ID 1771 (farm) to property ID 264 (feedlot)
77,1776,1823,DAY 17/01/2025 - moved 16 animals from property ID 1776 (farm) to property ID 1823 (trader)
77,1777,782,DAY 17/01/2025 - moved 13 animals from property ID 1777 (farm) to property ID 782 (trader)
77,1780,547,DAY 17/01/2025 - moved 1 animals from property ID 1780 (farm) to property ID 547 (farm)
77,1782,1823,DAY 17/01/2025 - moved 7 animals from property ID 1782 (farm) to property ID 1823 (trader)
77,1789,1508,DAY 17/01/2025 - moved 5 animals from property ID 1789 (farm) to property ID 1508 (farm)
77,1790,1823,DAY 17/01/2025 - moved 2 animals from property ID 1790 (farm) to property ID 1823 (trader)
77,1798,1042,DAY 17/01/2025 - moved 2 animals from property ID 1798 (farm) to property ID 1042 (farm)
77,1800,740,DAY 17/01/2025 - moved 22 animals from property ID 1800 (farm) to property ID 740 (farm)
77,1820,524,DAY 17/01/2025 - moved 2 animals from property ID 1820 (farm) to property ID 524 (feedlot)
77,1823,1776,DAY 17/01/2025 - moved 12 animals from property ID 1823 (trader) to property ID 1776 (farm)
77,1823,1678,DAY 17/01/2025 - moved 12 animals from property ID 1823 (trader) to property ID 1678 (farm)
77,1823,676,DAY 17/01/2025 - moved 12 animals from property ID 1823 (trader) to property ID 676 (farm)
77,1839,1220,DAY 17/01/2025 - moved 12 animals from property ID 1839 (farm) to property ID 1220 (farm)
77,1851,92,DAY 17/01/2025 - moved 4 animals from property ID 1851 (farm) to property ID 92 (trader)
77,1869,1301,DAY 17/01/2025 - moved 2 animals from property ID 1869 (farm) to property ID 1301 (saleyard)
77,1875,1776,DAY 17/01/2025 - moved 19 animals from property ID 1875 (farm) to property ID 1776 (farm)
77,1906,867,DAY 17/01/2025 - moved 3 animals from property ID 1906 (farm) to property ID 867 (feedlot)
77,1916,782,DAY 17/01/2025 - moved 23 animals from property ID 1916 (farm) to property ID 782 (trader)
77,1917,1478,DAY 17/01/2025 - moved 7 animals from property ID 1917 (farm) to property ID 1478 (farm)
77,1940,524,DAY 17/01/2025 - moved 3 animals from property ID 1940 (farm) to property ID 524 (feedlot)
77,1952,1483,DAY 17/01/2025 - moved 2 animals from property ID 1952 (farm) to property ID 1483 (farm)
78,1,1273,DAY 18/01/2025 - moved 7 animals from property ID 1 (farm) to property ID 1273 (trader)
78,28,1273,DAY 18/01/2025 - moved 2 animals from property ID 28 (farm) to property ID 1273 (trader)
78,39,1872,DAY 18/01/2025 - moved 4 animals from property ID 39 (farm) to property ID 1872 (farm)
78,62,867,DAY 18/01/2025 - moved 5 animals from property ID 62 (farm) to property ID 867 (feedlot)
78,79,458,DAY 18/01/2025 - moved 11 animals from property ID 79 (farm) to property ID 458 (abbattoir)
78,92,1279,DAY 18/01/2025 - moved 17 animals from property ID 92 (trader) to property ID 1279 (farm)
78,92,1666,DAY 18/01/2025 - moved 17 animals from property ID 92 (trader) to property ID 1666 (feedlot)
78,94,554,DAY 18/01/2025 - moved 5 animals from property ID 94 (farm) to property ID 554 (farm)
78,109,1080,DAY 18/01/2025 - moved 8 animals from property ID 109 (farm) to property ID 1080 (farm)
78,110,446,DAY 18/01/2025 - moved 5 animals from property ID 110 (farm) to property ID 446 (farm)
78,116,1119,DAY 18/01/2025 - moved 5 animals from property ID 116 (farm) to property ID 1119 (trader)
78,121,1301,DAY 18/01/2025 - moved 1 animals from property ID 121 (farm) to property ID 1301 (saleyard)
78,132,1301,DAY 18/01/2025 - moved 3 animals from property ID 132 (farm) to property ID 1301 (saleyard)
78,148,92,DAY 18/01/2025 - moved 10 animals from property ID 148 (farm) to property ID 92 (trader)
78,160,1666,DAY 18/01/2025 - moved 9 animals from property ID 160 (farm) to property ID 1666 (feedlot)
78,178,1103,DAY 18/01/2025 - moved 6 animals from property ID 178 (farm) to property ID 1103 (farm)
78,183,1397,DAY 18/01/2025 - moved 3 animals from property ID 183 (farm) to property ID 1397 (farm)
78,223,264,DAY 18/01/2025 - moved 2 animals from property ID 223 (farm) to property ID 264 (feedlot)
78,251,4,DAY 18/01/2025 - moved 4 animals from property ID 251 (farm) to property ID 4 (farm)
78,269,867,DAY 18/01/2025 - moved 1 animals from property ID 269 (farm) to property ID 867 (feedlot)
78,288,411,DAY 18/01/2025 - moved 2 animals from property ID 288 (farm) to property ID 411 (farm)
78,306,1823,DAY 18/01/2025 - moved 3 animals from property ID 306 (farm) to property ID 1823 (trader)
78,310,229,DAY 18/01/2025 - moved 1 animals from property ID 310 (farm) to property ID 229 (farm)
78,316,1195,DAY 18/01/2025 - moved 3 animals from property ID 316 (farm) to property ID 1195 (farm)
78,342,285,DAY 18/01/2025 - moved 8 animals from property ID 342 (farm) to property ID 285 (farm)
78,351,650,DAY 18/01/2025 - moved 6 animals from property ID 351 (farm) to property ID 650 (farm)
78,369,189,DAY 18/01/2025 - moved 1 animals from property ID 369 (farm) to property ID 189 (saleyard)
78,397,1907,DAY 18/01/2025 - moved 7 animals from property ID 397 (farm) to property ID 1907 (feedlot)
78,404,570,DAY 18/01/2025 - moved 19 animals from property ID 404 (farm) to property ID 570 (farm)
78,415,1109,DAY 18/01/2025 - moved 5 animals from property ID 415 (trader) to property ID 1109 (feedlot)
78,415,1109,DAY 18/01/2025 - moved 6 animals from property ID 415 (trader) to property ID 1109 (feedlot)
78,415,1109,DAY 18/01/2025 - moved 6 animals from property ID 415 (trader) to property ID 1109 (feedlot)
78,439,422,DAY 18/01/2025 - moved 2 animals from property ID 439 (farm) to property ID 422 (farm)
78,442,422,DAY 18/01/2025 - moved 1 animals from property ID 442 (farm) to property ID 422 (farm)
78,449,867,DAY 18/01/2025 - moved 3 animals from property ID 449 (farm) to property ID 867 (feedlot)
78,453,700,DAY 18/01/2025 - moved 7 animals from property ID 453 (farm) to property ID 700 (trader)
78,464,866,DAY 18/01/2025 - moved 5 animals from property ID 464 (farm) to property ID 866 (feedlot)
78,468,1273,DAY 18/01/2025 - moved 6 animals from property ID 468 (farm) to property ID 1273 (trader)
78,491,964,DAY 18/01/2025 - moved 32 animals from property ID 491 (farm) to property ID 964 (feedlot)
78,517,592,DAY 18/01/2025 - moved 7 animals from property ID 517 (farm) to property ID 592 (farm)
78,539,1301,DAY 18/01/2025 - moved 3 animals from property ID 539 (farm) to property ID 1301 (saleyard)
78,547,125,DAY 18/01/2025 - moved 5 animals from property ID 547 (farm) to property ID 125 (farm)
78,558,498,DAY 18/01/2025 - moved 7 animals from property ID 558 (farm) to property ID 498 (farm)
78,572,412,DAY 18/01/2025 - moved 18 animals from property ID 572 (farm) to property ID 412 (farm)
78,577,1666,DAY 18/01/2025 - moved 8 animals from property ID 577 (farm) to property ID 1666 (feedlot)
78,591,758,DAY 18/01/2025 - moved 7 animals from property ID 591 (farm) to property ID 758 (feedlot)
78,597,189,DAY 18/01/2025 - moved 6 animals from property ID 597 (farm) to property ID 189 (saleyard)
78,605,1108,DAY 18/01/2025 - moved 5 animals from property ID 605 (farm) to property ID 1108 (farm)
78,620,1873,DAY 18/01/2025 - moved 3 animals from property ID 620 (farm) to property ID 1873 (farm)
78,645,1699,DAY 18/01/2025 - moved 28 animals from property ID 645 (farm) to property ID 1699 (farm)
78,658,782,DAY 18/01/2025 - moved 12 animals from property ID 658 (farm) to property ID 782 (trader)
78,665,1119,DAY 18/01/2025 - moved 4 animals from property ID 665 (farm) to property ID 1119 (trader)
78,671,758,DAY 18/01/2025 - moved 4 animals from property ID 671 (farm) to property ID 758 (feedlot)
78,672,188,DAY 18/01/2025 - moved 3 animals from property ID 672 (farm) to property ID 188 (feedlot)
78,684,1929,DAY 18/01/2025 - moved 3 animals from property ID 684 (farm) to property ID 1929 (farm)
78,700,1110,DAY 18/01/2025 - moved 7 animals from property ID 700 (trader) to property ID 1110 (feedlot)
78,700,703,DAY 18/01/2025 - moved 8 animals from property ID 700 (trader) to property ID 703 (farm)
78,701,1273,DAY 18/01/2025 - moved 2 animals from property ID 701 (farm) to property ID 1273 (trader)
78,711,1180,DAY 18/01/2025 - moved 3 animals from property ID 711 (farm) to property ID 1180 (farm)
78,736,640,DAY 18/01/2025 - moved 7 animals from property ID 736 (farm) to property ID 640 (farm)
78,742,782,DAY 18/01/2025 - moved 13 animals from property ID 742 (farm) to property ID 782 (trader)
78,806,1479,DAY 18/01/2025 - moved 6 animals from property ID 806 (farm) to property ID 1479 (trader)
78,809,1907,DAY 18/01/2025 - moved 5 animals from property ID 809 (farm) to property ID 1907 (feedlot)
78,811,189,DAY 18/01/2025 - moved 8 animals from property ID 811 (farm) to property ID 189 (saleyard)
78,836,893,DAY 18/01/2025 - moved 4 animals from property ID 836 (farm) to property ID 893 (farm)
78,846,1123,DAY 18/01/2025 - moved 3 animals from property ID 846 (farm) to property ID 1123 (farm)
78,847,264,DAY 18/01/2025 - moved 8 animals from property ID 847 (farm) to property ID 264 (feedlot)
78,857,189,DAY 18/01/2025 - moved 2 animals from property ID 857 (farm) to property ID 189 (saleyard)
78,879,189,DAY 18/01/2025 - moved 9 animals from property ID 879 (farm) to property ID 189 (saleyard)
78,904,1167,DAY 18/01/2025 - moved 7 animals from property ID 904 (trader) to property ID 1167 (farm)
78,904,1410,DAY 18/01/2025 - moved 6 animals from property ID 904 (trader) to property ID 1410 (farm)
78,911,1109,DAY 18/01/2025 - moved 6 animals from property ID 911 (farm) to property ID 1109 (feedlot)
78,940,524,DAY 18/01/2025 - moved 3 animals from property ID 940 (farm) to property ID 524 (feedlot)
78,946,867,DAY 18/01/2025 - moved 3 animals from property ID 946 (farm) to property ID 867 (feedlot)
78,968,867,DAY 18/01/2025 - moved 7 animals from property ID 968 (farm) to property ID 867 (feedlot)
78,975,458,DAY 18/01/2025 - moved 2 animals from property ID 975 (farm) to property ID 458 (abbattoir)
78,990,1823,DAY 18/01/2025 - moved 5 animals from property ID 990 (farm) to property ID 1823 (trader)
78,1000,1663,DAY 18/01/2025 - moved 3 animals from property ID 1000 (farm) to property ID 1663 (farm)
78,1033,1823,DAY 18/01/2025 - moved 10 animals from property ID 1033 (farm) to property ID 1823 (trader)
78,1049,1823,DAY 18/01/2025 - moved 2 animals from property ID 1049 (farm) to property ID 1823 (trader)
78,1055,203,DAY 18/01/2025 - moved 27 animals from property ID 1055 (farm) to property ID 203 (farm)
78,1085,92,DAY 18/01/2025 - moved 6 animals from property ID 1085 (farm) to property ID 92 (trader)
78,1118,958,DAY 18/01/2025 - moved 2 animals from property ID 1118 (farm) to property ID 958 (farm)
78,1119,867,DAY 18/01/2025 - moved 14 animals from property ID 1119 (trader) to property ID 867 (feedlot)
78,1121,782,DAY 18/01/2025 - moved 12 animals from property ID 1121 (farm) to property ID 782 (trader)
78,1143,866,DAY 18/01/2025 - moved 1 animals from property ID 1143 (farm) to property ID 866 (feedlot)
78,1145,758,DAY 18/01/2025 - moved 6 animals from property ID 1145 (farm) to property ID 758 (feedlot)
78,1152,964,DAY 18/01/2025 - moved 1 animals from property ID 1152 (farm) to property ID 964 (feedlot)
78,1155,188,DAY 18/01/2025 - moved 9 animals from property ID 1155 (farm) to property ID 188 (feedlot)
78,1163,904,DAY 18/01/2025 - moved 3 animals from property ID 1163 (farm) to property ID 904 (trader)
78,1175,1301,DAY 18/01/2025 - moved 3 animals from property ID 1175 (farm) to property ID 1301 (saleyard)
78,1183,524,DAY 18/01/2025 - moved 7 animals from property ID 1183 (farm) to property ID 524 (feedlot)
78,1239,867,DAY 18/01/2025 - moved 8 animals from property ID 1239 (farm) to property ID 867 (feedlot)
78,1240,1273,DAY 18/01/2025 - moved 1 animals from property ID 1240 (farm) to property ID 1273 (trader)
78,1244,867,DAY 18/01/2025 - moved 6 animals from property ID 1244 (farm) to property ID 867 (feedlot)
78,1249,1800,DAY 18/01/2025 - moved 6 animals from property ID 1249 (farm) to property ID 1800 (farm)
78,1250,1479,DAY 18/01/2025 - moved 8 animals from property ID 1250 (farm) to property ID 1479 (trader)
78,1252,758,DAY 18/01/2025 - moved 2 animals from property ID 1252 (farm) to property ID 758 (feedlot)
78,1265,524,DAY 18/01/2025 - moved 2 animals from property ID 1265 (farm) to property ID 524 (feedlot)
78,1272,782,DAY 18/01/2025 - moved 9 animals from property ID 1272 (farm) to property ID 782 (trader)
78,1273,873,DAY 18/01/2025 - moved 14 animals from property ID 1273 (trader) to property ID 873 (farm)
78,1273,618,DAY 18/01/2025 - moved 14 animals from property ID 1273 (trader) to property ID 618 (farm)
78,1300,1078,DAY 18/01/2025 - moved 10 animals from property ID 1300 (farm) to property ID 1078 (farm)
78,1309,1083,DAY 18/01/2025 - moved 2 animals from property ID 1309 (farm) to property ID 1083 (farm)
78,1321,188,DAY 18/01/2025 - moved 4 animals from property ID 1321 (farm) to property ID 188 (feedlot)
78,1340,1228,DAY 18/01/2025 - moved 1 animals from property ID 1340 (farm) to property ID 1228 (farm)
78,1357,1907,DAY 18/01/2025 - moved 1 animals from property ID 1357 (farm) to property ID 1907 (feedlot)
78,1364,1380,DAY 18/01/2025 - moved 4 animals from property ID 1364 (farm) to property ID 1380 (farm)
78,1384,1778,DAY 18/01/2025 - moved 9 animals from property ID 1384 (farm) to property ID 1778 (farm)
78,1385,782,DAY 18/01/2025 - moved 9 animals from property ID 1385 (farm) to property ID 782 (trader)
78,1391,1117,DAY 18/01/2025 - moved 2 animals from property ID 1391 (farm) to property ID 1117 (farm)
78,1403,1273,DAY 18/01/2025 - moved 9 animals from property ID 1403 (farm) to property ID 1273 (trader)
78,1407,867,DAY 18/01/2025 - moved 5 animals from property ID 1407 (farm) to property ID 867 (feedlot)
78,1414,144,DAY 18/01/2025 - moved 3 animals from property ID 1414 (farm) to property ID 144 (farm)
78,1428,1866,DAY 18/01/2025 - moved 16 animals from property ID 1428 (farm) to property ID 1866 (farm)
78,1434,1804,DAY 18/01/2025 - moved 1 animals from property ID 1434 (farm) to property ID 1804 (farm)
78,1472,1301,DAY 18/01/2025 - moved 5 animals from property ID 1472 (farm) to property ID 1301 (saleyard)
78,1479,758,DAY 18/01/2025 - moved 59 animals from property ID 1479 (trader) to property ID 758 (feedlot)
78,1481,189,DAY 18/01/2025 - moved 2 animals from property ID 1481 (farm) to property ID 189 (saleyard)
78,1527,1946,DAY 18/01/2025 - moved 6 animals from property ID 1527 (farm) to property ID 1946 (farm)
78,1535,1259,DAY 18/01/2025 - moved 5 animals from property ID 1535 (farm) to property ID 1259 (farm)
78,1605,1109,DAY 18/01/2025 - moved 6 animals from property ID 1605 (farm) to property ID 1109 (feedlot)
78,1625,92,DAY 18/01/2025 - moved 3 animals from property ID 1625 (farm) to property ID 92 (trader)
78,1655,415,DAY 18/01/2025 - moved 1 animals from property ID 1655 (farm) to property ID 415 (trader)
78,1656,1676,DAY 18/01/2025 - moved 5 animals from property ID 1656 (farm) to property ID 1676 (farm)
78,1678,1823,DAY 18/01/2025 - moved 11 animals from property ID 1678 (farm) to property ID 1823 (trader)
78,1689,1823,DAY 18/01/2025 - moved 3 animals from property ID 1689 (farm) to property ID 1823 (trader)
78,1696,92,DAY 18/01/2025 - moved 3 animals from property ID 1696 (farm) to property ID 92 (trader)
78,1816,1907,DAY 18/01/2025 - moved 10 animals from property ID 1816 (farm) to property ID 1907 (feedlot)
78,1823,1351,DAY 18/01/2025 - moved 38 animals from property ID 1823 (trader) to property ID 1351 (farm)
78,1858,1615,DAY 18/01/2025 - moved 7 animals from property ID 1858 (farm) to property ID 1615 (farm)
78,1860,1960,DAY 18/01/2025 - moved 6 animals from property ID 1860 (farm) to property ID 1960 (farm)
78,1888,1742,DAY 18/01/2025 - moved 17 animals from property ID 1888 (farm) to property ID 1742 (farm)
78,1925,1515,DAY 18/01/2025 - moved 2 animals from property ID 1925 (farm) to property ID 1515 (farm)
78,1926,524,DAY 18/01/2025 - moved 3 animals from property ID 1926 (farm) to property ID 524 (feedlot)
78,1928,686,DAY 18/01/2025 - moved 2 animals from property ID 1928 (farm) to property ID 686 (farm)
78,1937,1119,DAY 18/01/2025 - moved 3 animals from property ID 1937 (farm) to property ID 1119 (trader)
78,1961,1119,DAY 18/01/2025 - moved 5 animals from property ID 1961 (farm) to property ID 1119 (trader)
78,1995,867,DAY 18/01/2025 - moved 2 animals from property ID 1995 (farm) to property ID 867 (feedlot)
78,1999,1558,DAY 18/01/2025 - moved 26 animals from property ID 1999 (farm) to property ID 1558 (farm)
79,2,374,DAY 19/01/2025 - moved 3 animals from property ID 2 (farm) to property ID 374 (farm)
79,3,192,DAY 19/01/2025 - moved 5 animals from property ID 3 (farm) to property ID 192 (farm)
79,4,758,DAY 19/01/2025 - moved 14 animals from property ID 4 (farm) to property ID 758 (feedlot)
79,11,152,DAY 19/01/2025 - moved 35 animals from property ID 11 (farm) to property ID 152 (farm)
79,37,1301,DAY 19/01/2025 - moved 2 animals from property ID 37 (farm) to property ID 1301 (saleyard)
79,38,770,DAY 19/01/2025 - moved 3 animals from property ID 38 (farm) to property ID 770 (farm)
79,45,758,DAY 19/01/2025 - moved 4 animals from property ID 45 (farm) to property ID 758 (feedlot)
79,61,964,DAY 19/01/2025 - moved 7 animals from property ID 61 (farm) to property ID 964 (feedlot)
79,89,42,DAY 19/01/2025 - moved 11 animals from property ID 89 (farm) to property ID 42 (farm)
79,92,866,DAY 19/01/2025 - moved 10 animals from property ID 92 (trader) to property ID 866 (feedlot)
79,92,1969,DAY 19/01/2025 - moved 11 animals from property ID 92 (trader) to property ID 1969 (farm)
79,92,866,DAY 19/01/2025 - moved 11 animals from property ID 92 (trader) to property ID 866 (feedlot)
79,107,524,DAY 19/01/2025 - moved 8 animals from property ID 107 (farm) to property ID 524 (feedlot)
79,124,1907,DAY 19/01/2025 - moved 3 animals from property ID 124 (farm) to property ID 1907 (feedlot)
79,131,867,DAY 19/01/2025 - moved 1 animals from property ID 131 (farm) to property ID 867 (feedlot)
79,133,1823,DAY 19/01/2025 - moved 9 animals from property ID 133 (farm) to property ID 1823 (trader)
79,136,92,DAY 19/01/2025 - moved 8 animals from property ID 136 (farm) to property ID 92 (trader)
79,139,92,DAY 19/01/2025 - moved 4 animals from property ID 139 (farm) to property ID 92 (trader)
79,145,985,DAY 19/01/2025 - moved 5 animals from property ID 145 (farm) to property ID 985 (farm)
79,146,1301,DAY 19/01/2025 - moved 4 animals from property ID 146 (farm) to property ID 1301 (saleyard)
79,159,1666,DAY 19/01/2025 - moved 12 animals from property ID 159 (farm) to property ID 1666 (feedlot)
79,164,930,DAY 19/01/2025 - moved 3 animals from property ID 164 (farm) to property ID 930 (farm)
79,168,1273,DAY 19/01/2025 - moved 1 animals from property ID 168 (farm) to property ID 1273 (trader)
79,186,590,DAY 19/01/2025 - moved 7 animals from property ID 186 (farm) to property ID 590 (farm)
79,189,524,DAY 19/01/2025 - moved 8 animals from property ID 189 (saleyard) to property ID 524 (feedlot)
79,189,1714,DAY 19/01/2025 - moved 9 animals from property ID 189 (saleyard) to property ID 1714 (farm)
79,189,524,DAY 19/01/2025 - moved 9 animals from property ID 189 (saleyard) to property ID 524 (feedlot)
79,210,1727,DAY 19/01/2025 - moved 13 animals from property ID 210 (farm) to property ID 1727 (farm)
79,220,455,DAY 19/01/2025 - moved 2 animals from property ID 220 (farm) to property ID 455 (farm)
79,284,1273,DAY 19/01/2025 - moved 1 animals from property ID 284 (farm) to property ID 1273 (trader)
79,304,1092,DAY 19/01/2025 - moved 4 animals from property ID 304 (farm) to property ID 1092 (farm)
79,340,1022,DAY 19/01/2025 - moved 70 animals from property ID 340 (farm) to property ID 1022 (farm)
79,380,458,DAY 19/01/2025 - moved 21 animals from property ID 380 (farm) to property ID 458 (abbattoir)
79,384,36,DAY 19/01/2025 - moved 6 animals from property ID 384 (farm) to property ID 36 (farm)
79,406,976,DAY 19/01/2025 - moved 3 animals from property ID 406 (farm) to property ID 976 (farm)
79,408,758,DAY 19/01/2025 - moved 15 animals from property ID 408 (farm) to property ID 758 (feedlot)
79,411,189,DAY 19/01/2025 - moved 8 animals from property ID 411 (farm) to property ID 189 (saleyard)
79,415,1499,DAY 19/01/2025 - moved 14 animals from property ID 415 (trader) to property ID 1499 (farm)
79,418,1909,DAY 19/01/2025 - moved 10 animals from property ID 418 (farm) to property ID 1909 (farm)
79,479,1479,DAY 19/01/2025 - moved 22 animals from property ID 479 (farm) to property ID 1479 (trader)
79,482,92,DAY 19/01/2025 - moved 8 animals from property ID 482 (farm) to property ID 92 (trader)
79,487,1093,DAY 19/01/2025 - moved 25 animals from property ID 487 (farm) to property ID 1093 (farm)
79,529,1837,DAY 19/01/2025 - moved 12 animals from property ID 529 (farm) to property ID 1837 (farm)
79,541,1273,DAY 19/01/2025 - moved 2 animals from property ID 541 (farm) to property ID 1273 (trader)
79,585,782,DAY 19/01/2025 - moved 10 animals from property ID 585 (farm) to property ID 782 (trader)
79,592,782,DAY 19/01/2025 - moved 12 animals from property ID 592 (farm) to property ID 782 (trader)
79,609,1206,DAY 19/01/2025 - moved 5 animals from property ID 609 (farm) to property ID 1206 (farm)
79,618,1018,DAY 19/01/2025 - moved 13 animals from property ID 618 (farm) to property ID 1018 (farm)
79,635,1468,DAY 19/01/2025 - moved 3 animals from property ID 635 (farm) to property ID 1468 (farm)
79,685,188,DAY 19/01/2025 - moved 4 animals from property ID 685 (farm) to property ID 188 (feedlot)
79,700,904,DAY 19/01/2025 - moved 7 animals from property ID 700 (trader) to property ID 904 (trader)
79,700,453,DAY 19/01/2025 - moved 7 animals from property ID 700 (trader) to property ID 453 (farm)
79,710,1413,DAY 19/01/2025 - moved 4 animals from property ID 710 (farm) to property ID 1413 (farm)
79,714,964,DAY 19/01/2025 - moved 7 animals from property ID 714 (farm) to property ID 964 (feedlot)
79,741,1374,DAY 19/01/2025 - moved 3 animals from property ID 741 (farm) to property ID 1374 (farm)
79,745,458,DAY 19/01/2025 - moved 7 animals from property ID 745 (farm) to property ID 458 (abbattoir)
79,746,700,DAY 19/01/2025 - moved 2 animals from property ID 746 (farm) to property ID 700 (trader)
79,754,905,DAY 19/01/2025 - moved 21 animals from property ID 754 (farm) to property ID 905 (farm)
79,781,479,DAY 19/01/2025 - moved 9 animals from property ID 781 (farm) to property ID 479 (farm)
79,782,458,DAY 19/01/2025 - moved 84 animals from property ID 782 (trader) to property ID 458 (abbattoir)
79,786,173,DAY 19/01/2025 - moved 8 animals from property ID 786 (farm) to property ID 173 (farm)
79,787,700,DAY 19/01/2025 - moved 3 animals from property ID 787 (farm) to property ID 700 (trader)
79,789,999,DAY 19/01/2025 - moved 8 animals from property ID 789 (farm) to property ID 999 (farm)
79,797,867,DAY 19/01/2025 - moved 6 animals from property ID 797 (farm) to property ID 867 (feedlot)
79,837,836,DAY 19/01/2025 - moved 5 animals from property ID 837 (farm) to property ID 836 (farm)
79,856,415,DAY 19/01/2025 - moved 2 animals from property ID 856 (farm) to property ID 415 (trader)
79,865,904,DAY 19/01/2025 - moved 13 animals from property ID 865 (farm) to property ID 904 (trader)
79,898,188,DAY 19/01/2025 - moved 6 animals from property ID 898 (farm) to property ID 188 (feedlot)
79,904,91,DAY 19/01/2025 - moved 11 animals from property ID 904 (trader) to property ID 91 (farm)
79,906,1952,DAY 19/01/2025 - moved 2 animals from property ID 906 (farm) to property ID 1952 (farm)
79,907,92,DAY 19/01/2025 - moved 5 animals from property ID 907 (farm) to property ID 92 (trader)
79,917,524,DAY 19/01/2025 - moved 4 animals from property ID 917 (farm) to property ID 524 (feedlot)
79,931,1479,DAY 19/01/2025 - moved 19 animals from property ID 931 (farm) to property ID 1479 (trader)
79,932,1726,DAY 19/01/2025 - moved 10 animals from property ID 932 (farm) to property ID 1726 (farm)
79,999,1715,DAY 19/01/2025 - moved 9 animals from property ID 999 (farm) to property ID 1715 (farm)
79,1009,1823,DAY 19/01/2025 - moved 81 animals from property ID 1009 (farm) to property ID 1823 (trader)
79,1070,1666,DAY 19/01/2025 - moved 1 animals from property ID 1070 (farm) to property ID 1666 (feedlot)
79,1119,1236,DAY 19/01/2025 - moved 15 animals from property ID 1119 (trader) to property ID 1236 (farm)
79,1127,613,DAY 19/01/2025 - moved 2 animals from property ID 1127 (farm) to property ID 613 (farm)
79,1129,1119,DAY 19/01/2025 - moved 1 animals from property ID 1129 (farm) to property ID 1119 (trader)
79,1170,1273,DAY 19/01/2025 - moved 2 animals from property ID 1170 (farm) to property ID 1273 (trader)
79,1177,544,DAY 19/01/2025 - moved 3 animals from property ID 1177 (farm) to property ID 544 (farm)
79,1195,92,DAY 19/01/2025 - moved 12 animals from property ID 1195 (farm) to property ID 92 (trader)
79,1199,1885,DAY 19/01/2025 - moved 7 animals from property ID 1199 (farm) to property ID 1885 (farm)
79,1217,999,DAY 19/01/2025 - moved 3 animals from property ID 1217 (farm) to property ID 999 (farm)
79,1221,782,DAY 19/01/2025 - moved 11 animals from property ID 1221 (farm) to property ID 782 (trader)
79,1245,415,DAY 19/01/2025 - moved 4 animals from property ID 1245 (farm) to property ID 415 (trader)
79,1271,524,DAY 19/01/2025 - moved 6 animals from property ID 1271 (farm) to property ID 524 (feedlot)
79,1273,98,DAY 19/01/2025 - moved 14 animals from property ID 1273 (trader) to property ID 98 (farm)
79,1273,1202,DAY 19/01/2025 - moved 14 animals from property ID 1273 (trader) to property ID 1202 (farm)
79,1292,264,DAY 19/01/2025 - moved 1 animals from property ID 1292 (farm) to property ID 264 (feedlot)
79,1310,682,DAY 19/01/2025 - moved 11 animals from property ID 1310 (farm) to property ID 682 (farm)
79,1347,1301,DAY 19/01/2025 - moved 4 animals from property ID 1347 (farm) to property ID 1301 (saleyard)
79,1348,866,DAY 19/01/2025 - moved 4 animals from property ID 1348 (farm) to property ID 866 (feedlot)
79,1393,1273,DAY 19/01/2025 - moved 6 animals from property ID 1393 (farm) to property ID 1273 (trader)
79,1409,1560,DAY 19/01/2025 - moved 5 animals from property ID 1409 (farm) to property ID 1560 (farm)
79,1411,1974,DAY 19/01/2025 - moved 2 animals from property ID 1411 (farm) to property ID 1974 (farm)
79,1418,1273,DAY 19/01/2025 - moved 2 animals from property ID 1418 (farm) to property ID 1273 (trader)
79,1460,782,DAY 19/01/2025 - moved 9 animals from property ID 1460 (farm) to property ID 782 (trader)
79,1464,841,DAY 19/01/2025 - moved 5 animals from property ID 1464 (farm) to property ID 841 (farm)
79,1466,758,DAY 19/01/2025 - moved 10 animals from property ID 1466 (farm) to property ID 758 (feedlot)
79,1479,952,DAY 19/01/2025 - moved 50 animals from property ID 1479 (trader) to property ID 952 (farm)
79,1494,866,DAY 19/01/2025 - moved 5 animals from property ID 1494 (farm) to property ID 866 (feedlot)
79,1501,1301,DAY 19/01/2025 - moved 3 animals from property ID 1501 (farm) to property ID 1301 (saleyard)
79,1509,904,DAY 19/01/2025 - moved 3 animals from property ID 1509 (farm) to property ID 904 (trader)
79,1548,363,DAY 19/01/2025 - moved 4 animals from property ID 1548 (farm) to property ID 363 (farm)
79,1572,1119,DAY 19/01/2025 - moved 1 animals from property ID 1572 (farm) to property ID 1119 (trader)
79,1640,782,DAY 19/01/2025 - moved 3 animals from property ID 1640 (farm) to property ID 782 (trader)
79,1654,867,DAY 19/01/2025 - moved 2 animals from property ID 1654 (farm) to property ID 867 (feedlot)
79,1684,1848,DAY 19/01/2025 - moved 16 animals from property ID 1684 (farm) to property ID 1848 (farm)
79,1715,1301,DAY 19/01/2025 - moved 4 animals from property ID 1715 (farm) to property ID 1301 (saleyard)
79,1722,781,DAY 19/01/2025 - moved 21 animals from property ID 1722 (farm) to property ID 781 (farm)
79,1723,1823,DAY 19/01/2025 - moved 7 animals from property ID 1723 (farm) to property ID 1823 (trader)
79,1731,1136,DAY 19/01/2025 - moved 6 animals from property ID 1731 (farm) to property ID 1136 (farm)
79,1753,92,DAY 19/01/2025 - moved 12 animals from property ID 1753 (farm) to property ID 92 (trader)
79,1759,900,DAY 19/01/2025 - moved 7 animals from property ID 1759 (farm) to property ID 900 (farm)
79,1783,1119,DAY 19/01/2025 - moved 4 animals from property ID 1783 (farm) to property ID 1119 (trader)
79,1785,89,DAY 19/01/2025 - moved 55 animals from property ID 1785 (farm) to property ID 89 (farm)
79,1792,1109,DAY 19/01/2025 - moved 2 animals from property ID 1792 (farm) to property ID 1109 (feedlot)
79,1808,92,DAY 19/01/2025 - moved 2 animals from property ID 1808 (farm) to property ID 92 (trader)
79,1809,296,DAY 19/01/2025 - moved 4 animals from property ID 1809 (farm) to property ID 296 (farm)
79,1823,867,DAY 19/01/2025 - moved 19 animals from property ID 1823 (trader) to property ID 867 (feedlot)
79,1823,867,DAY 19/01/2025 - moved 18 animals from property ID 1823 (trader) to property ID 867 (feedlot)
79,1824,487,DAY 19/01/2025 - moved 77 animals from property ID 1824 (farm) to property ID 487 (farm)
79,1828,783,DAY 19/01/2025 - moved 9 animals from property ID 1828 (farm) to property ID 783 (farm)
79,1841,1910,DAY 19/01/2025 - moved 10 animals from property ID 1841 (farm) to property ID 1910 (farm)
79,1866,866,DAY 19/01/2025 - moved 13 animals from property ID 1866 (farm) to property ID 866 (feedlot)
79,1872,92,DAY 19/01/2025 - moved 11 animals from property ID 1872 (farm) to property ID 92 (trader)
79,1895,1301,DAY 19/01/2025 - moved 1 animals from property ID 1895 (farm) to property ID 1301 (saleyard)
79,1904,264,DAY 19/01/2025 - moved 2 animals from property ID 1904 (farm) to property ID 264 (feedlot)
79,1919,1301,DAY 19/01/2025 - moved 4 animals from property ID 1919 (farm) to property ID 1301 (saleyard)
79,1935,1479,DAY 19/01/2025 - moved 9 animals from property ID 1935 (farm) to property ID 1479 (trader)
79,1950,1367,DAY 19/01/2025 - moved 3 animals from property ID 1950 (farm) to property ID 1367 (farm)
79,1981,1592,DAY 19/01/2025 - moved 23 animals from property ID 1981 (farm) to property ID 1592 (farm)
79,1984,1554,DAY 19/01/2025 - moved 1 animals from property ID 1984 (farm) to property ID 1554 (farm)
79,1996,1864,DAY 19/01/2025 - moved 2 animals from property ID 1996 (farm) to property ID 1864 (farm)
80,5,361,DAY 20/01/2025 - moved 8 animals from property ID 5 (farm) to property ID 361 (farm)
80,53,310,DAY 20/01/2025 - moved 10 animals from property ID 53 (farm) to property ID 310 (farm)
80,60,458,DAY 20/01/2025 - moved 11 animals from property ID 60 (farm) to property ID 458 (abbattoir)
80,75,1301,DAY 20/01/2025 - moved 5 animals from property ID 75 (farm) to property ID 1301 (saleyard)
80,101,619,DAY 20/01/2025 - moved 5 animals from property ID 101 (farm) to property ID 619 (farm)
80,108,1655,DAY 20/01/2025 - moved 4 animals from property ID 108 (farm) to property ID 1655 (farm)
80,122,904,DAY 20/01/2025 - moved 3 animals from property ID 122 (farm) to property ID 904 (trader)
80,140,904,DAY 20/01/2025 - moved 5 animals from property ID 140 (farm) to property ID 904 (trader)
80,157,1908,DAY 20/01/2025 - moved 4 animals from property ID 157 (farm) to property ID 1908 (farm)
80,165,1479,DAY 20/01/2025 - moved 19 animals from property ID 165 (farm) to property ID 1479 (trader)
80,214,664,DAY 20/01/2025 - moved 26 animals from property ID 214 (farm) to property ID 664 (farm)
80,226,1454,DAY 20/01/2025 - moved 22 animals from property ID 226 (farm) to property ID 1454 (farm)
80,229,1273,DAY 20/01/2025 - moved 8 animals from property ID 229 (farm) to property ID 1273 (trader)
80,233,229,DAY 20/01/2025 - moved 1 animals from property ID 233 (farm) to property ID 229 (farm)
80,243,1751,DAY 20/01/2025 - moved 16 animals from property ID 243 (farm) to property ID 1751 (farm)
80,247,1619,DAY 20/01/2025 - moved 12 animals from property ID 247 (farm) to property ID 1619 (farm)
80,255,867,DAY 20/01/2025 - moved 6 animals from property ID 255 (farm) to property ID 867 (feedlot)
80,261,264,DAY 20/01/2025 - moved 4 animals from property ID 261 (farm) to property ID 264 (feedlot)
80,275,719,DAY 20/01/2025 - moved 13 animals from property ID 275 (farm) to property ID 719 (farm)
80,279,867,DAY 20/01/2025 - moved 1 animals from property ID 279 (farm) to property ID 867 (feedlot)
80,282,469,DAY 20/01/2025 - moved 4 animals from property ID 282 (farm) to property ID 469 (farm)
80,308,189,DAY 20/01/2025 - moved 2 animals from property ID 308 (farm) to property ID 189 (saleyard)
80,324,19,DAY 20/01/2025 - moved 3 animals from property ID 324 (farm) to property ID 19 (farm)
80,354,1301,DAY 20/01/2025 - moved 4 animals from property ID 354 (farm) to property ID 1301 (saleyard)
80,364,92,DAY 20/01/2025 - moved 7 animals from property ID 364 (farm) to property ID 92 (trader)
80,372,1301,DAY 20/01/2025 - moved 2 animals from property ID 372 (farm) to property ID 1301 (saleyard)
80,382,1781,DAY 20/01/2025 - moved 5 animals from property ID 382 (farm) to property ID 1781 (farm)
80,395,1823,DAY 20/01/2025 - moved 27 animals from property ID 395 (farm) to property ID 1823 (trader)
80,415,1301,DAY 20/01/2025 - moved 12 animals from property ID 415 (trader) to property ID 1301 (saleyard)
80,422,867,DAY 20/01/2025 - moved 4 animals from property ID 422 (farm) to property ID 867 (feedlot)
80,435,524,DAY 20/01/2025 - moved 10 animals from property ID 435 (farm) to property ID 524 (feedlot)
80,446,1563,DAY 20/01/2025 - moved 15 animals from property ID 446 (farm) to property ID 1563 (farm)
80,460,867,DAY 20/01/2025 - moved 2 animals from property ID 460 (farm) to property ID 867 (feedlot)
80,481,1301,DAY 20/01/2025 - moved 3 animals from property ID 481 (farm) to property ID 1301 (saleyard)
80,560,940,DAY 20/01/2025 - moved 4 animals from property ID 560 (farm) to property ID 940 (farm)
80,562,1547,DAY 20/01/2025 - moved 16 animals from property ID 562 (farm) to property ID 1547 (farm)
80,570,189,DAY 20/01/2025 - moved 4 animals from property ID 570 (farm) to property ID 189 (saleyard)
80,596,524,DAY 20/01/2025 - moved 2 animals from property ID 596 (farm) to property ID 524 (feedlot)
80,632,189,DAY 20/01/2025 - moved 3 animals from property ID 632 (farm) to property ID 189 (saleyard)
80,638,1301,DAY 20/01/2025 - moved 5 animals from property ID 638 (farm) to property ID 1301 (saleyard)
80,668,1823,DAY 20/01/2025 - moved 7 animals from property ID 668 (farm) to property ID 1823 (trader)
80,697,200,DAY 20/01/2025 - moved 2 animals from property ID 697 (farm) to property ID 200 (farm)
80,698,867,DAY 20/01/2025 - moved 4 animals from property ID 698 (farm) to property ID 867 (feedlot)
80,700,903,DAY 20/01/2025 - moved 12 animals from property ID 700 (trader) to property ID 903 (farm)
80,706,911,DAY 20/01/2025 - moved 5 animals from property ID 706 (farm) to property ID 911 (farm)
80,707,189,DAY 20/01/2025 - moved 2 animals from property ID 707 (farm) to property ID 189 (saleyard)
80,733,415,DAY 20/01/2025 - moved 6 animals from property ID 733 (farm) to property ID 415 (trader)
80,814,1722,DAY 20/01/2025 - moved 11 animals from property ID 814 (farm) to property ID 1722 (farm)
80,823,1119,DAY 20/01/2025 - moved 5 animals from property ID 823 (farm) to property ID 1119 (trader)
80,824,788,DAY 20/01/2025 - moved 11 animals from property ID 824 (farm) to property ID 788 (farm)
80,889,1260,DAY 20/01/2025 - moved 6 animals from property ID 889 (farm) to property ID 1260 (farm)
80,890,509,DAY 20/01/2025 - moved 1 animals from property ID 890 (farm) to property ID 509 (farm)
80,892,1596,DAY 20/01/2025 - moved 19 animals from property ID 892 (farm) to property ID 1596 (farm)
80,893,867,DAY 20/01/2025 - moved 2 animals from property ID 893 (farm) to property ID 867 (feedlot)
80,903,530,DAY 20/01/2025 - moved 4 animals from property ID 903 (farm) to property ID 530 (farm)
80,904,407,DAY 20/01/2025 - moved 13 animals from property ID 904 (trader) to property ID 407 (farm)
80,935,1666,DAY 20/01/2025 - moved 8 animals from property ID 935 (farm) to property ID 1666 (feedlot)
80,943,92,DAY 20/01/2025 - moved 8 animals from property ID 943 (farm) to property ID 92 (trader)
80,947,867,DAY 20/01/2025 - moved 5 animals from property ID 947 (farm) to property ID 867 (feedlot)
80,961,1479,DAY 20/01/2025 - moved 10 animals from property ID 961 (farm) to property ID 1479 (trader)
80,984,1109,DAY 20/01/2025 - moved 6 animals from property ID 984 (farm) to property ID 1109 (feedlot)
80,985,524,DAY 20/01/2025 - moved 6 animals from property ID 985 (farm) to property ID 524 (feedlot)
80,993,867,DAY 20/01/2025 - moved 3 animals from property ID 993 (farm) to property ID 867 (feedlot)
80,1005,1561,DAY 20/01/2025 - moved 6 animals from property ID 1005 (farm) to property ID 1561 (farm)
80,1020,1823,DAY 20/01/2025 - moved 16 animals from property ID 1020 (farm) to property ID 1823 (trader)
80,1060,165,DAY 20/01/2025 - moved 4 animals from property ID 1060 (farm) to property ID 165 (farm)
80,1066,1974,DAY 20/01/2025 - moved 16 animals from property ID 1066 (farm) to property ID 1974 (farm)
80,1078,758,DAY 20/01/2025 - moved 20 animals from property ID 1078 (farm) to property ID 758 (feedlot)
80,1089,189,DAY 20/01/2025 - moved 4 animals from property ID 1089 (farm) to property ID 189 (saleyard)
80,1091,700,DAY 20/01/2025 - moved 10 animals from property ID 1091 (farm) to property ID 700 (trader)
80,1093,754,DAY 20/01/2025 - moved 32 animals from property ID 1093 (farm) to property ID 754 (farm)
80,1097,1173,DAY 20/01/2025 - moved 3 animals from property ID 1097 (farm) to property ID 1173 (farm)
80,1112,1046,DAY 20/01/2025 - moved 6 animals from property ID 1112 (farm) to property ID 1046 (farm)
80,1119,212,DAY 20/01/2025 - moved 13 animals from property ID 1119 (trader) to property ID 212 (farm)
80,1140,19,DAY 20/01/2025 - moved 3 animals from property ID 1140 (farm) to property ID 19 (farm)
80,1151,1628,DAY 20/01/2025 - moved 1 animals from property ID 1151 (farm) to property ID 1628 (farm)
80,1168,700,DAY 20/01/2025 - moved 4 animals from property ID 1168 (farm) to property ID 700 (trader)
80,1174,1054,DAY 20/01/2025 - moved 5 animals from property ID 1174 (farm) to property ID 1054 (farm)
80,1182,58,DAY 20/01/2025 - moved 7 animals from property ID 1182 (farm) to property ID 58 (farm)
80,1189,415,DAY 20/01/2025 - moved 6 animals from property ID 1189 (farm) to property ID 415 (trader)
80,1201,1109,DAY 20/01/2025 - moved 1 animals from property ID 1201 (farm) to property ID 1109 (feedlot)
80,1211,867,DAY 20/01/2025 - moved 3 animals from property ID 1211 (farm) to property ID 867 (feedlot)
80,1215,1301,DAY 20/01/2025 - moved 2 animals from property ID 1215 (farm) to property ID 1301 (saleyard)
80,1236,867,DAY 20/01/2025 - moved 6 animals from property ID 1236 (farm) to property ID 867 (feedlot)
80,1238,54,DAY 20/01/2025 - moved 21 animals from property ID 1238 (farm) to property ID 54 (farm)
80,1242,189,DAY 20/01/2025 - moved 3 animals from property ID 1242 (farm) to property ID 189 (saleyard)
80,1251,1525,DAY 20/01/2025 - moved 12 animals from property ID 1251 (farm) to property ID 1525 (farm)
80,1273,1122,DAY 20/01/2025 - moved 9 animals from property ID 1273 (trader) to property ID 1122 (farm)
80,1273,1908,DAY 20/01/2025 - moved 8 animals from property ID 1273 (trader) to property ID 1908 (farm)
80,1273,1318,DAY 20/01/2025 - moved 8 animals from property ID 1273 (trader) to property ID 1318 (farm)
80,1288,137,DAY 20/01/2025 - moved 7 animals from property ID 1288 (farm) to property ID 137 (farm)
80,1293,92,DAY 20/01/2025 - moved 6 animals from property ID 1293 (farm) to property ID 92 (trader)
80,1299,867,DAY 20/01/2025 - moved 5 animals from property ID 1299 (farm) to property ID 867 (feedlot)
80,1301,1119,DAY 20/01/2025 - moved 8 animals from property ID 1301 (saleyard) to property ID 1119 (trader)
80,1301,1989,DAY 20/01/2025 - moved 9 animals from property ID 1301 (saleyard) to property ID 1989 (farm)
80,1301,1119,DAY 20/01/2025 - moved 9 animals from property ID 1301 (saleyard) to property ID 1119 (trader)
80,1301,867,DAY 20/01/2025 - moved 9 animals from property ID 1301 (saleyard) to property ID 867 (feedlot)
80,1301,1965,DAY 20/01/2025 - moved 9 animals from property ID 1301 (saleyard) to property ID 1965 (farm)
80,1301,274,DAY 20/01/2025 - moved 9 animals from property ID 1301 (saleyard) to property ID 274 (farm)
80,1308,315,DAY 20/01/2025 - moved 2 animals from property ID 1308 (farm) to property ID 315 (farm)
80,1312,1596,DAY 20/01/2025 - moved 13 animals from property ID 1312 (farm) to property ID 1596 (farm)
80,1315,37,DAY 20/01/2025 - moved 1 animals from property ID 1315 (farm) to property ID 37 (farm)
80,1322,1996,DAY 20/01/2025 - moved 5 animals from property ID 1322 (farm) to property ID 1996 (farm)
80,1323,11,DAY 20/01/2025 - moved 40 animals from property ID 1323 (farm) to property ID 11 (farm)
80,1370,1824,DAY 20/01/2025 - moved 35 animals from property ID 1370 (farm) to property ID 1824 (farm)
80,1405,782,DAY 20/01/2025 - moved 23 animals from property ID 1405 (farm) to property ID 782 (trader)
80,1438,264,DAY 20/01/2025 - moved 4 animals from property ID 1438 (farm) to property ID 264 (feedlot)
80,1479,758,DAY 20/01/2025 - moved 50 animals from property ID 1479 (trader) to property ID 758 (feedlot)
80,1499,1301,DAY 20/01/2025 - moved 6 animals from property ID 1499 (farm) to property ID 1301 (saleyard)
80,1537,188,DAY 20/01/2025 - moved 7 animals from property ID 1537 (farm) to property ID 188 (feedlot)
80,1578,1273,DAY 20/01/2025 - moved 7 animals from property ID 1578 (farm) to property ID 1273 (trader)
80,1585,1301,DAY 20/01/2025 - moved 1 animals from property ID 1585 (farm) to property ID 1301 (saleyard)
80,1607,1110,DAY 20/01/2025 - moved 2 animals from property ID 1607 (farm) to property ID 1110 (feedlot)
80,1613,702,DAY 20/01/2025 - moved 13 animals from property ID 1613 (farm) to property ID 702 (farm)
80,1618,660,DAY 20/01/2025 - moved 21 animals from property ID 1618 (farm) to property ID 660 (farm)
80,1629,1301,DAY 20/01/2025 - moved 4 animals from property ID 1629 (farm) to property ID 1301 (saleyard)
80,1663,614,DAY 20/01/2025 - moved 13 animals from property ID 1663 (farm) to property ID 614 (farm)
80,1675,1119,DAY 20/01/2025 - moved 6 animals from property ID 1675 (farm) to property ID 1119 (trader)
80,1681,413,DAY 20/01/2025 - moved 4 animals from property ID 1681 (farm) to property ID 413 (farm)
80,1703,947,DAY 20/01/2025 - moved 3 animals from property ID 1703 (farm) to property ID 947 (farm)
80,1704,1100,DAY 20/01/2025 - moved 19 animals from property ID 1704 (farm) to property ID 1100 (farm)
80,1706,1109,DAY 20/01/2025 - moved 4 animals from property ID 1706 (farm) to property ID 1109 (feedlot)
80,1796,807,DAY 20/01/2025 - moved 4 animals from property ID 1796 (farm) to property ID 807 (farm)
80,1818,867,DAY 20/01/2025 - moved 16 animals from property ID 1818 (farm) to property ID 867 (feedlot)
80,1823,1125,DAY 20/01/2025 - moved 25 animals from property ID 1823 (trader) to property ID 1125 (farm)
80,1823,141,DAY 20/01/2025 - moved 24 animals from property ID 1823 (trader) to property ID 141 (farm)
80,1830,436,DAY 20/01/2025 - moved 4 animals from property ID 1830 (farm) to property ID 436 (farm)
80,1834,867,DAY 20/01/2025 - moved 5 animals from property ID 1834 (farm) to property ID 867 (feedlot)
80,1853,189,DAY 20/01/2025 - moved 11 animals from property ID 1853 (farm) to property ID 189 (saleyard)
80,1856,866,DAY 20/01/2025 - moved 4 animals from property ID 1856 (farm) to property ID 866 (feedlot)
80,1868,1134,DAY 20/01/2025 - moved 5 animals from property ID 1868 (farm) to property ID 1134 (farm)
80,1923,446,DAY 20/01/2025 - moved 15 animals from property ID 1923 (farm) to property ID 446 (farm)
80,1929,1119,DAY 20/01/2025 - moved 2 animals from property ID 1929 (farm) to property ID 1119 (trader)
80,1939,866,DAY 20/01/2025 - moved 2 animals from property ID 1939 (farm) to property ID 866 (feedlot)
80,1971,864,DAY 20/01/2025 - moved 3 animals from property ID 1971 (farm) to property ID 864 (farm)
80,1979,1301,DAY 20/01/2025 - moved 1 animals from property ID 1979 (farm) to property ID 1301 (saleyard)
80,1997,950,DAY 20/01/2025 - moved 10 animals from property ID 1997 (farm) to property ID 950 (farm)
81,7,1110,DAY 21/01/2025 - moved 5 animals from property ID 7 (farm) to property ID 1110 (feedlot)
81,30,866,DAY 21/01/2025 - moved 1 animals from property ID 30 (farm) to property ID 866 (feedlot)
81,46,758,DAY 21/01/2025 - moved 5 animals from property ID 46 (farm) to property ID 758 (feedlot)
81,69,758,DAY 21/01/2025 - moved 13 animals from property ID 69 (farm) to property ID 758 (feedlot)
81,74,1028,DAY 21/01/2025 - moved 4 animals from property ID 74 (farm) to property ID 1028 (farm)
81,87,1666,DAY 21/01/2025 - moved 3 animals from property ID 87 (farm) to property ID 1666 (feedlot)
81,92,1666,DAY 21/01/2025 - moved 42 animals from property ID 92 (trader) to property ID 1666 (feedlot)
81,182,778,DAY 21/01/2025 - moved 3 animals from property ID 182 (farm) to property ID 778 (farm)
81,189,1384,DAY 21/01/2025 - moved 5 animals from property ID 189 (saleyard) to property ID 1384 (farm)
81,189,964,DAY 21/01/2025 - moved 5 animals from property ID 189 (saleyard) to property ID 964 (feedlot)
81,189,524,DAY 21/01/2025 - moved 6 animals from property ID 189 (saleyard) to property ID 524 (feedlot)
81,189,1245,DAY 21/01/2025 - moved 6 animals from property ID 189 (saleyard) to property ID 1245 (farm)
81,189,1109,DAY 21/01/2025 - moved 6 animals from property ID 189 (saleyard) to property ID 1109 (feedlot)
81,198,1823,DAY 21/01/2025 - moved 5 animals from property ID 198 (farm) to property ID 1823 (trader)
81,201,904,DAY 21/01/2025 - moved 5 animals from property ID 201 (farm) to property ID 904 (trader)
81,253,1518,DAY 21/01/2025 - moved 41 animals from property ID 253 (farm) to property ID 1518 (farm)
81,263,866,DAY 21/01/2025 - moved 5 animals from property ID 263 (farm) to property ID 866 (feedlot)
81,273,1823,DAY 21/01/2025 - moved 11 animals from property ID 273 (farm) to property ID 1823 (trader)
81,294,904,DAY 21/01/2025 - moved 2 animals from property ID 294 (farm) to property ID 904 (trader)
81,299,782,DAY 21/01/2025 - moved 3 animals from property ID 299 (farm) to property ID 782 (trader)
81,300,92,DAY 21/01/2025 - moved 5 animals from property ID 300 (farm) to property ID 92 (trader)
81,307,1561,DAY 21/01/2025 - moved 5 animals from property ID 307 (farm) to property ID 1561 (farm)
81,355,92,DAY 21/01/2025 - moved 5 animals from property ID 355 (farm) to property ID 92 (trader)
81,356,524,DAY 21/01/2025 - moved 3 animals from property ID 356 (farm) to property ID 524 (feedlot)
81,378,1479,DAY 21/01/2025 - moved 17 animals from property ID 378 (farm) to property ID 1479 (trader)
81,415,751,DAY 21/01/2025 - moved 12 animals from property ID 415 (trader) to property ID 751 (farm)
81,421,264,DAY 21/01/2025 - moved 13 animals from property ID 421 (farm) to property ID 264 (feedlot)
81,434,638,DAY 21/01/2025 - moved 1 animals from property ID 434 (farm) to property ID 638 (farm)
81,437,188,DAY 21/01/2025 - moved 8 animals from property ID 437 (farm) to property ID 188 (feedlot)
81,448,1982,DAY 21/01/2025 - moved 17 animals from property ID 448 (farm) to property ID 1982 (farm)
81,452,1878,DAY 21/01/2025 - moved 7 animals from property ID 452 (farm) to property ID 1878 (farm)
81,467,3,DAY 21/01/2025 - moved 1 animals from property ID 467 (farm) to property ID 3 (farm)
81,486,1273,DAY 21/01/2025 - moved 1 animals from property ID 486 (farm) to property ID 1273 (trader)
81,514,92,DAY 21/01/2025 - moved 13 animals from property ID 514 (farm) to property ID 92 (trader)
81,531,782,DAY 21/01/2025 - moved 10 animals from property ID 531 (farm) to property ID 782 (trader)
81,534,867,DAY 21/01/2025 - moved 8 animals from property ID 534 (farm) to property ID 867 (feedlot)
81,563,1109,DAY 21/01/2025 - moved 3 animals from property ID 563 (farm) to property ID 1109 (feedlot)
81,595,189,DAY 21/01/2025 - moved 9 animals from property ID 595 (farm) to property ID 189 (saleyard)
81,601,912,DAY 21/01/2025 - moved 3 animals from property ID 601 (farm) to property ID 912 (farm)
81,619,1109,DAY 21/01/2025 - moved 7 animals from property ID 619 (farm) to property ID 1109 (feedlot)
81,657,264,DAY 21/01/2025 - moved 1 animals from property ID 657 (farm) to property ID 264 (feedlot)
81,659,1229,DAY 21/01/2025 - moved 4 animals from property ID 659 (farm) to property ID 1229 (farm)
81,676,965,DAY 21/01/2025 - moved 4 animals from property ID 676 (farm) to property ID 965 (farm)
81,678,1824,DAY 21/01/2025 - moved 52 animals from property ID 678 (farm) to property ID 1824 (farm)
81,696,1301,DAY 21/01/2025 - moved 11 animals from property ID 696 (farm) to property ID 1301 (saleyard)
81,700,904,DAY 21/01/2025 - moved 4 animals from property ID 700 (trader) to property ID 904 (trader)
81,700,188,DAY 21/01/2025 - moved 4 animals from property ID 700 (trader) to property ID 188 (feedlot)
81,700,885,DAY 21/01/2025 - moved 4 animals from property ID 700 (trader) to property ID 885 (farm)
81,712,25,DAY 21/01/2025 - moved 5 animals from property ID 712 (farm) to property ID 25 (farm)
81,725,904,DAY 21/01/2025 - moved 2 animals from property ID 725 (farm) to property ID 904 (trader)
81,773,1923,DAY 21/01/2025 - moved 5 animals from property ID 773 (farm) to property ID 1923 (farm)
81,782,1385,DAY 21/01/2025 - moved 27 animals from property ID 782 (trader) to property ID 1385 (farm)
81,782,104,DAY 21/01/2025 - moved 27 animals from property ID 782 (trader) to property ID 104 (farm)
81,782,345,DAY 21/01/2025 - moved 27 animals from property ID 782 (trader) to property ID 345 (farm)
81,793,1772,DAY 21/01/2025 - moved 2 animals from property ID 793 (farm) to property ID 1772 (farm)
81,810,1273,DAY 21/01/2025 - moved 4 animals from property ID 810 (farm) to property ID 1273 (trader)
81,832,458,DAY 21/01/2025 - moved 12 animals from property ID 832 (farm) to property ID 458 (abbattoir)
81,848,799,DAY 21/01/2025 - moved 22 animals from property ID 848 (farm) to property ID 799 (farm)
81,854,671,DAY 21/01/2025 - moved 7 animals from property ID 854 (farm) to property ID 671 (farm)
81,904,1902,DAY 21/01/2025 - moved 12 animals from property ID 904 (trader) to property ID 1902 (farm)
81,905,1479,DAY 21/01/2025 - moved 15 animals from property ID 905 (farm) to property ID 1479 (trader)
81,923,964,DAY 21/01/2025 - moved 7 animals from property ID 923 (farm) to property ID 964 (feedlot)
81,945,415,DAY 21/01/2025 - moved 1 animals from property ID 945 (farm) to property ID 415 (trader)
81,952,758,DAY 21/01/2025 - moved 8 animals from property ID 952 (farm) to property ID 758 (feedlot)
81,955,724,DAY 21/01/2025 - moved 7 animals from property ID 955 (farm) to property ID 724 (farm)
81,956,1415,DAY 21/01/2025 - moved 3 animals from property ID 956 (farm) to property ID 1415 (farm)
81,973,782,DAY 21/01/2025 - moved 14 animals from property ID 973 (farm) to property ID 782 (trader)
81,1001,92,DAY 21/01/2025 - moved 7 animals from property ID 1001 (farm) to property ID 92 (trader)
81,1003,507,DAY 21/01/2025 - moved 1 animals from property ID 1003 (farm) to property ID 507 (farm)
81,1012,961,DAY 21/01/2025 - moved 25 animals from property ID 1012 (farm) to property ID 961 (farm)
81,1014,1689,DAY 21/01/2025 - moved 4 animals from property ID 1014 (farm) to property ID 1689 (farm)
81,1027,1119,DAY 21/01/2025 - moved 1 animals from property ID 1027 (farm) to property ID 1119 (trader)
81,1034,144,DAY 21/01/2025 - moved 3 animals from property ID 1034 (farm) to property ID 144 (farm)
81,1062,1713,DAY 21/01/2025 - moved 4 animals from property ID 1062 (farm) to property ID 1713 (farm)
81,1095,1109,DAY 21/01/2025 - moved 2 animals from property ID 1095 (farm) to property ID 1109 (feedlot)
81,1105,1301,DAY 21/01/2025 - moved 7 animals from property ID 1105 (farm) to property ID 1301 (saleyard)
81,1119,665,DAY 21/01/2025 - moved 8 animals from property ID 1119 (trader) to property ID 665 (farm)
81,1119,1301,DAY 21/01/2025 - moved 8 animals from property ID 1119 (trader) to property ID 1301 (saleyard)
81,1122,1273,DAY 21/01/2025 - moved 8 animals from property ID 1122 (farm) to property ID 1273 (trader)
81,1137,269,DAY 21/01/2025 - moved 7 animals from property ID 1137 (farm) to property ID 269 (farm)
81,1254,782,DAY 21/01/2025 - moved 12 animals from property ID 1254 (farm) to property ID 782 (trader)
81,1273,1652,DAY 21/01/2025 - moved 7 animals from property ID 1273 (trader) to property ID 1652 (farm)
81,1273,229,DAY 21/01/2025 - moved 8 animals from property ID 1273 (trader) to property ID 229 (farm)
81,1273,363,DAY 21/01/2025 - moved 8 animals from property ID 1273 (trader) to property ID 363 (farm)
81,1316,1000,DAY 21/01/2025 - moved 3 animals from property ID 1316 (farm) to property ID 1000 (farm)
81,1330,1907,DAY 21/01/2025 - moved 4 animals from property ID 1330 (farm) to property ID 1907 (feedlot)
81,1333,867,DAY 21/01/2025 - moved 6 animals from property ID 1333 (farm) to property ID 867 (feedlot)
81,1342,964,DAY 21/01/2025 - moved 19 animals from property ID 1342 (farm) to property ID 964 (feedlot)
81,1343,106,DAY 21/01/2025 - moved 10 animals from property ID 1343 (farm) to property ID 106 (farm)
81,1374,310,DAY 21/01/2025 - moved 2 animals from property ID 1374 (farm) to property ID 310 (farm)
81,1388,92,DAY 21/01/2025 - moved 11 animals from property ID 1388 (farm) to property ID 92 (trader)
81,1389,709,DAY 21/01/2025 - moved 7 animals from property ID 1389 (farm) to property ID 709 (farm)
81,1406,1239,DAY 21/01/2025 - moved 7 animals from property ID 1406 (farm) to property ID 1239 (farm)
81,1420,264,DAY 21/01/2025 - moved 2 animals from property ID 1420 (farm) to property ID 264 (feedlot)
81,1427,1301,DAY 21/01/2025 - moved 1 animals from property ID 1427 (farm) to property ID 1301 (saleyard)
81,1443,1129,DAY 21/01/2025 - moved 3 animals from property ID 1443 (farm) to property ID 1129 (farm)
81,1475,1823,DAY 21/01/2025 - moved 4 animals from property ID 1475 (farm) to property ID 1823 (trader)
81,1479,758,DAY 21/01/2025 - moved 23 animals from property ID 1479 (trader) to property ID 758 (feedlot)
81,1479,758,DAY 21/01/2025 - moved 23 animals from property ID 1479 (trader) to property ID 758 (feedlot)
81,1497,700,DAY 21/01/2025 - moved 4 animals from property ID 1497 (farm) to property ID 700 (trader)
81,1498,866,DAY 21/01/2025 - moved 3 animals from property ID 1498 (farm) to property ID 866 (feedlot)
81,1502,1301,DAY 21/01/2025 - moved 2 animals from property ID 1502 (farm) to property ID 1301 (saleyard)
81,1512,904,DAY 21/01/2025 - moved 1 animals from property ID 1512 (farm) to property ID 904 (trader)
81,1522,1009,DAY 21/01/2025 - moved 3 animals from property ID 1522 (farm) to property ID 1009 (farm)
81,1544,867,DAY 21/01/2025 - moved 2 animals from property ID 1544 (farm) to property ID 867 (feedlot)
81,1568,524,DAY 21/01/2025 - moved 3 animals from property ID 1568 (farm) to property ID 524 (feedlot)
81,1615,1871,DAY 21/01/2025 - moved 5 animals from property ID 1615 (farm) to property ID 1871 (farm)
81,1626,1807,DAY 21/01/2025 - moved 12 animals from property ID 1626 (farm) to property ID 1807 (farm)
81,1634,1479,DAY 21/01/2025 - moved 7 animals from property ID 1634 (farm) to property ID 1479 (trader)
81,1646,1301,DAY 21/01/2025 - moved 5 animals from property ID 1646 (farm) to property ID 1301 (saleyard)
81,1651,1110,DAY 21/01/2025 - moved 4 animals from property ID 1651 (farm) to property ID 1110 (feedlot)
81,1691,1867,DAY 21/01/2025 - moved 4 animals from property ID 1691 (farm) to property ID 1867 (farm)
81,1695,1273,DAY 21/01/2025 - moved 6 animals from property ID 1695 (farm) to property ID 1273 (trader)
81,1700,1694,DAY 21/01/2025 - moved 3 animals from property ID 1700 (farm) to property ID 1694 (farm)
81,1714,1940,DAY 21/01/2025 - moved 2 animals from property ID 1714 (farm) to property ID 1940 (farm)
81,1720,1223,DAY 21/01/2025 - moved 2 animals from property ID 1720 (farm) to property ID 1223 (farm)
81,1745,1110,DAY 21/01/2025 - moved 7 animals from property ID 1745 (farm) to property ID 1110 (feedlot)
81,1772,1054,DAY 21/01/2025 - moved 8 animals from property ID 1772 (farm) to property ID 1054 (farm)
81,1773,1666,DAY 21/01/2025 - moved 4 animals from property ID 1773 (farm) to property ID 1666 (feedlot)
81,1779,1110,DAY 21/01/2025 - moved 13 animals from property ID 1779 (farm) to property ID 1110 (feedlot)
81,1794,415,DAY 21/01/2025 - moved 2 animals from property ID 1794 (farm) to property ID 415 (trader)
81,1815,1852,DAY 21/01/2025 - moved 13 animals from property ID 1815 (farm) to property ID 1852 (farm)
81,1819,1638,DAY 21/01/2025 - moved 2 animals from property ID 1819 (farm) to property ID 1638 (farm)
81,1823,867,DAY 21/01/2025 - moved 17 animals from property ID 1823 (trader) to property ID 867 (feedlot)
81,1823,648,DAY 21/01/2025 - moved 16 animals from property ID 1823 (trader) to property ID 648 (farm)
81,1823,867,DAY 21/01/2025 - moved 16 animals from property ID 1823 (trader) to property ID 867 (feedlot)
81,1840,449,DAY 21/01/2025 - moved 10 animals from property ID 1840 (farm) to property ID 449 (farm)
81,1854,1167,DAY 21/01/2025 - moved 4 animals from property ID 1854 (farm) to property ID 1167 (farm)
81,1878,1175,DAY 21/01/2025 - moved 16 animals from property ID 1878 (farm) to property ID 1175 (farm)
81,1884,1422,DAY 21/01/2025 - moved 5 animals from property ID 1884 (farm) to property ID 1422 (farm)
81,1921,524,DAY 21/01/2025 - moved 2 animals from property ID 1921 (farm) to property ID 524 (feedlot)
81,1927,866,DAY 21/01/2025 - moved 6 animals from property ID 1927 (farm) to property ID 866 (feedlot)
81,1934,1301,DAY 21/01/2025 - moved 1 animals from property ID 1934 (farm) to property ID 1301 (saleyard)
81,1942,904,DAY 21/01/2025 - moved 3 animals from property ID 1942 (farm) to property ID 904 (trader)
81,1948,1747,DAY 21/01/2025 - moved 11 animals from property ID 1948 (farm) to property ID 1747 (farm)
81,1953,524,DAY 21/01/2025 - moved 4 animals from property ID 1953 (farm) to property ID 524 (feedlot)
81,1990,53,DAY 21/01/2025 - moved 6 animals from property ID 1990 (farm) to property ID 53 (farm)
82,92,764,DAY 22/01/2025 - moved 42 animals from property ID 92 (trader) to property ID 764 (farm)
82,100,415,DAY 22/01/2025 - moved 5 animals from property ID 100 (farm) to property ID 415 (trader)
82,106,900,DAY 22/01/2025 - moved 10 animals from property ID 106 (farm) to property ID 900 (farm)
82,134,188,DAY 22/01/2025 - moved 9 animals from property ID 134 (farm) to property ID 188 (feedlot)
82,150,189,DAY 22/01/2025 - moved 12 animals from property ID 150 (farm) to property ID 189 (saleyard)
82,173,1666,DAY 22/01/2025 - moved 13 animals from property ID 173 (farm) to property ID 1666 (feedlot)
82,189,1002,DAY 22/01/2025 - moved 13 animals from property ID 189 (saleyard) to property ID 1002 (farm)
82,189,885,DAY 22/01/2025 - moved 12 animals from property ID 189 (saleyard) to property ID 885 (farm)
82,200,918,DAY 22/01/2025 - moved 6 animals from property ID 200 (farm) to property ID 918 (farm)
82,212,1095,DAY 22/01/2025 - moved 3 animals from property ID 212 (farm) to property ID 1095 (farm)
82,219,664,DAY 22/01/2025 - moved 17 animals from property ID 219 (farm) to property ID 664 (farm)
82,225,188,DAY 22/01/2025 - moved 4 animals from property ID 225 (farm) to property ID 188 (feedlot)
82,241,189,DAY 22/01/2025 - moved 2 animals from property ID 241 (farm) to property ID 189 (saleyard)
82,249,412,DAY 22/01/2025 - moved 15 animals from property ID 249 (farm) to property ID 412 (farm)
82,259,839,DAY 22/01/2025 - moved 7 animals from property ID 259 (farm) to property ID 839 (farm)
82,266,194,DAY 22/01/2025 - moved 2 animals from property ID 266 (farm) to property ID 194 (farm)
82,285,1907,DAY 22/01/2025 - moved 70 animals from property ID 285 (farm) to property ID 1907 (feedlot)
82,291,1750,DAY 22/01/2025 - moved 5 animals from property ID 291 (farm) to property ID 1750 (farm)
82,301,1823,DAY 22/01/2025 - moved 3 animals from property ID 301 (farm) to property ID 1823 (trader)
82,313,1145,DAY 22/01/2025 - moved 16 animals from property ID 313 (farm) to property ID 1145 (farm)
82,387,1498,DAY 22/01/2025 - moved 5 animals from property ID 387 (farm) to property ID 1498 (farm)
82,415,1499,DAY 22/01/2025 - moved 4 animals from property ID 415 (trader) to property ID 1499 (farm)
82,415,188,DAY 22/01/2025 - moved 3 animals from property ID 415 (trader) to property ID 188 (feedlot)
82,415,1119,DAY 22/01/2025 - moved 3 animals from property ID 415 (trader) to property ID 1119 (trader)
82,428,1545,DAY 22/01/2025 - moved 3 animals from property ID 428 (farm) to property ID 1545 (farm)
82,441,1301,DAY 22/01/2025 - moved 5 animals from property ID 441 (farm) to property ID 1301 (saleyard)
82,461,1490,DAY 22/01/2025 - moved 4 animals from property ID 461 (farm) to property ID 1490 (farm)
82,492,1858,DAY 22/01/2025 - moved 9 animals from property ID 492 (farm) to property ID 1858 (farm)
82,495,1119,DAY 22/01/2025 - moved 3 animals from property ID 495 (farm) to property ID 1119 (trader)
82,512,524,DAY 22/01/2025 - moved 4 animals from property ID 512 (farm) to property ID 524 (feedlot)
82,523,92,DAY 22/01/2025 - moved 11 animals from property ID 523 (farm) to property ID 92 (trader)
82,552,189,DAY 22/01/2025 - moved 1 animals from property ID 552 (farm) to property ID 189 (saleyard)
82,554,1146,DAY 22/01/2025 - moved 6 animals from property ID 554 (farm) to property ID 1146 (farm)
82,566,1602,DAY 22/01/2025 - moved 2 animals from property ID 566 (farm) to property ID 1602 (farm)
82,576,92,DAY 22/01/2025 - moved 3 animals from property ID 576 (farm) to property ID 92 (trader)
82,586,267,DAY 22/01/2025 - moved 4 animals from property ID 586 (farm) to property ID 267 (farm)
82,626,458,DAY 22/01/2025 - moved 25 animals from property ID 626 (farm) to property ID 458 (abbattoir)
82,646,1847,DAY 22/01/2025 - moved 7 animals from property ID 646 (farm) to property ID 1847 (farm)
82,648,1823,DAY 22/01/2025 - moved 4 animals from property ID 648 (farm) to property ID 1823 (trader)
82,700,904,DAY 22/01/2025 - moved 11 animals from property ID 700 (trader) to property ID 904 (trader)
82,708,1339,DAY 22/01/2025 - moved 13 animals from property ID 708 (farm) to property ID 1339 (farm)
82,722,1479,DAY 22/01/2025 - moved 20 animals from property ID 722 (farm) to property ID 1479 (trader)
82,748,911,DAY 22/01/2025 - moved 2 animals from property ID 748 (farm) to property ID 911 (farm)
82,751,189,DAY 22/01/2025 - moved 5 animals from property ID 751 (farm) to property ID 189 (saleyard)
82,759,524,DAY 22/01/2025 - moved 6 animals from property ID 759 (farm) to property ID 524 (feedlot)
82,772,105,DAY 22/01/2025 - moved 28 animals from property ID 772 (farm) to property ID 105 (farm)
82,782,104,DAY 22/01/2025 - moved 25 animals from property ID 782 (trader) to property ID 104 (farm)
82,782,649,DAY 22/01/2025 - moved 24 animals from property ID 782 (trader) to property ID 649 (farm)
82,782,458,DAY 22/01/2025 - moved 24 animals from property ID 782 (trader) to property ID 458 (abbattoir)
82,790,189,DAY 22/01/2025 - moved 2 animals from property ID 790 (farm) to property ID 189 (saleyard)
82,839,287,DAY 22/01/2025 - moved 4 animals from property ID 839 (farm) to property ID 287 (farm)
82,843,1119,DAY 22/01/2025 - moved 3 animals from property ID 843 (farm) to property ID 1119 (trader)
82,852,918,DAY 22/01/2025 - moved 11 animals from property ID 852 (farm) to property ID 918 (farm)
82,869,92,DAY 22/01/2025 - moved 21 animals from property ID 869 (farm) to property ID 92 (trader)
82,874,1149,DAY 22/01/2025 - moved 6 animals from property ID 874 (farm) to property ID 1149 (farm)
82,904,870,DAY 22/01/2025 - moved 5 animals from property ID 904 (trader) to property ID 870 (farm)
82,904,7,DAY 22/01/2025 - moved 4 animals from property ID 904 (trader) to property ID 7 (farm)
82,904,264,DAY 22/01/2025 - moved 4 animals from property ID 904 (trader) to property ID 264 (feedlot)
82,916,1273,DAY 22/01/2025 - moved 3 animals from property ID 916 (farm) to property ID 1273 (trader)
82,933,1110,DAY 22/01/2025 - moved 6 animals from property ID 933 (farm) to property ID 1110 (feedlot)
82,942,415,DAY 22/01/2025 - moved 2 animals from property ID 942 (farm) to property ID 415 (trader)
82,997,615,DAY 22/01/2025 - moved 3 animals from property ID 997 (farm) to property ID 615 (farm)
82,1006,964,DAY 22/01/2025 - moved 8 animals from property ID 1006 (farm) to property ID 964 (feedlot)
82,1018,810,DAY 22/01/2025 - moved 2 animals from property ID 1018 (farm) to property ID 810 (farm)
82,1030,524,DAY 22/01/2025 - moved 2 animals from property ID 1030 (farm) to property ID 524 (feedlot)
82,1031,92,DAY 22/01/2025 - moved 11 animals from property ID 1031 (farm) to property ID 92 (trader)
82,1054,415,DAY 22/01/2025 - moved 6 animals from property ID 1054 (farm) to property ID 415 (trader)
82,1068,1273,DAY 22/01/2025 - moved 5 animals from property ID 1068 (farm) to property ID 1273 (trader)
82,1074,832,DAY 22/01/2025 - moved 1 animals from property ID 1074 (farm) to property ID 832 (farm)
82,1076,486,DAY 22/01/2025 - moved 2 animals from property ID 1076 (farm) to property ID 486 (farm)
82,1092,580,DAY 22/01/2025 - moved 11 animals from property ID 1092 (farm) to property ID 580 (farm)
82,1119,1378,DAY 22/01/2025 - moved 5 animals from property ID 1119 (trader) to property ID 1378 (farm)
82,1119,867,DAY 22/01/2025 - moved 4 animals from property ID 1119 (trader) to property ID 867 (feedlot)
82,1119,164,DAY 22/01/2025 - moved 4 animals from property ID 1119 (trader) to property ID 164 (farm)
82,1125,867,DAY 22/01/2025 - moved 5 animals from property ID 1125 (farm) to property ID 867 (feedlot)
82,1133,92,DAY 22/01/2025 - moved 4 animals from property ID 1133 (farm) to property ID 92 (trader)
82,1134,529,DAY 22/01/2025 - moved 8 animals from property ID 1134 (farm) to property ID 529 (farm)
82,1141,902,DAY 22/01/2025 - moved 2 animals from property ID 1141 (farm) to property ID 902 (farm)
82,1144,1459,DAY 22/01/2025 - moved 21 animals from property ID 1144 (farm) to property ID 1459 (farm)
82,1180,1301,DAY 22/01/2025 - moved 3 animals from property ID 1180 (farm) to property ID 1301 (saleyard)
82,1273,596,DAY 22/01/2025 - moved 11 animals from property ID 1273 (trader) to property ID 596 (farm)
82,1273,1084,DAY 22/01/2025 - moved 11 animals from property ID 1273 (trader) to property ID 1084 (farm)
82,1282,1666,DAY 22/01/2025 - moved 3 animals from property ID 1282 (farm) to property ID 1666 (feedlot)
82,1301,534,DAY 22/01/2025 - moved 29 animals from property ID 1301 (saleyard) to property ID 534 (farm)
82,1301,1827,DAY 22/01/2025 - moved 29 animals from property ID 1301 (saleyard) to property ID 1827 (farm)
82,1303,1827,DAY 22/01/2025 - moved 3 animals from property ID 1303 (farm) to property ID 1827 (farm)
82,1306,1823,DAY 22/01/2025 - moved 7 animals from property ID 1306 (farm) to property ID 1823 (trader)
82,1311,378,DAY 22/01/2025 - moved 32 animals from property ID 1311 (farm) to property ID 378 (farm)
82,1327,867,DAY 22/01/2025 - moved 5 animals from property ID 1327 (farm) to property ID 867 (feedlot)
82,1341,867,DAY 22/01/2025 - moved 4 animals from property ID 1341 (farm) to property ID 867 (feedlot)
82,1352,1823,DAY 22/01/2025 - moved 28 animals from property ID 1352 (farm) to property ID 1823 (trader)
82,1353,664,DAY 22/01/2025 - moved 41 animals from property ID 1353 (farm) to property ID 664 (farm)
82,1445,700,DAY 22/01/2025 - moved 13 animals from property ID 1445 (farm) to property ID 700 (trader)
82,1471,524,DAY 22/01/2025 - moved 3 animals from property ID 1471 (farm) to property ID 524 (feedlot)
82,1476,450,DAY 22/01/2025 - moved 7 animals from property ID 1476 (farm) to property ID 450 (farm)
82,1479,313,DAY 22/01/2025 - moved 45 animals from property ID 1479 (trader) to property ID 313 (farm)
82,1490,1897,DAY 22/01/2025 - moved 1 animals from property ID 1490 (farm) to property ID 1897 (farm)
82,1496,458,DAY 22/01/2025 - moved 2 animals from property ID 1496 (farm) to property ID 458 (abbattoir)
82,1518,918,DAY 22/01/2025 - moved 11 animals from property ID 1518 (farm) to property ID 918 (farm)
82,1558,728,DAY 22/01/2025 - moved 9 animals from property ID 1558 (farm) to property ID 728 (farm)
82,1559,30,DAY 22/01/2025 - moved 6 animals from property ID 1559 (farm) to property ID 30 (farm)
82,1588,911,DAY 22/01/2025 - moved 3 animals from property ID 1588 (farm) to property ID 911 (farm)
82,1647,866,DAY 22/01/2025 - moved 19 animals from property ID 1647 (farm) to property ID 866 (feedlot)
82,1712,198,DAY 22/01/2025 - moved 3 animals from property ID 1712 (farm) to property ID 198 (farm)
82,1733,533,DAY 22/01/2025 - moved 4 animals from property ID 1733 (farm) to property ID 533 (farm)
82,1737,918,DAY 22/01/2025 - moved 5 animals from property ID 1737 (farm) to property ID 918 (farm)
82,1740,1666,DAY 22/01/2025 - moved 8 animals from property ID 1740 (farm) to property ID 1666 (feedlot)
82,1741,1301,DAY 22/01/2025 - moved 3 animals from property ID 1741 (farm) to property ID 1301 (saleyard)
82,1766,513,DAY 22/01/2025 - moved 5 animals from property ID 1766 (farm) to property ID 513 (farm)
82,1770,1666,DAY 22/01/2025 - moved 26 animals from property ID 1770 (farm) to property ID 1666 (feedlot)
82,1771,1899,DAY 22/01/2025 - moved 5 animals from property ID 1771 (farm) to property ID 1899 (farm)
82,1780,1273,DAY 22/01/2025 - moved 1 animals from property ID 1780 (farm) to property ID 1273 (trader)
82,1781,700,DAY 22/01/2025 - moved 7 animals from property ID 1781 (farm) to property ID 700 (trader)
82,1789,1030,DAY 22/01/2025 - moved 4 animals from property ID 1789 (farm) to property ID 1030 (farm)
82,1797,946,DAY 22/01/2025 - moved 5 animals from property ID 1797 (farm) to property ID 946 (farm)
82,1804,1823,DAY 22/01/2025 - moved 14 animals from property ID 1804 (farm) to property ID 1823 (trader)
82,1823,1118,DAY 22/01/2025 - moved 43 animals from property ID 1823 (trader) to property ID 1118 (farm)
82,1832,1480,DAY 22/01/2025 - moved 5 animals from property ID 1832 (farm) to property ID 1480 (farm)
82,1839,818,DAY 22/01/2025 - moved 11 animals from property ID 1839 (farm) to property ID 818 (farm)
82,1869,415,DAY 22/01/2025 - moved 2 animals from property ID 1869 (farm) to property ID 415 (trader)
82,1871,17,DAY 22/01/2025 - moved 6 animals from property ID 1871 (farm) to property ID 17 (farm)
82,1903,1851,DAY 22/01/2025 - moved 9 animals from property ID 1903 (farm) to property ID 1851 (farm)
82,1910,324,DAY 22/01/2025 - moved 8 animals from property ID 1910 (farm) to property ID 324 (farm)
82,1917,782,DAY 22/01/2025 - moved 6 animals from property ID 1917 (farm) to property ID 782 (trader)
82,1931,1031,DAY 22/01/2025 - moved 10 animals from property ID 1931 (farm) to property ID 1031 (farm)
82,1946,869,DAY 22/01/2025 - moved 5 animals from property ID 1946 (farm) to property ID 869 (farm)
82,1957,834,DAY 22/01/2025 - moved 3 animals from property ID 1957 (farm) to property ID 834 (farm)
82,1963,1316,DAY 22/01/2025 - moved 1 animals from property ID 1963 (farm) to property ID 1316 (farm)
83,1,1507,DAY 23/01/2025 - moved 7 animals from property ID 1 (farm) to property ID 1507 (farm)
83,9,1273,DAY 23/01/2025 - moved 6 animals from property ID 9 (farm) to property ID 1273 (trader)
83,14,1823,DAY 23/01/2025 - moved 7 animals from property ID 14 (farm) to property ID 1823 (trader)
83,15,1301,DAY 23/01/2025 - moved 1 animals from property ID 15 (farm) to property ID 1301 (saleyard)
83,28,1483,DAY 23/01/2025 - moved 2 animals from property ID 28 (farm) to property ID 1483 (farm)
83,79,458,DAY 23/01/2025 - moved 10 animals from property ID 79 (farm) to property ID 458 (abbattoir)
83,81,92,DAY 23/01/2025 - moved 6 animals from property ID 81 (farm) to property ID 92 (trader)
83,94,524,DAY 23/01/2025 - moved 5 animals from property ID 94 (farm) to property ID 524 (feedlot)
83,116,183,DAY 23/01/2025 - moved 4 animals from property ID 116 (farm) to property ID 183 (farm)
83,119,1066,DAY 23/01/2025 - moved 5 animals from property ID 119 (farm) to property ID 1066 (farm)
83,149,1966,DAY 23/01/2025 - moved 2 animals from property ID 149 (farm) to property ID 1966 (farm)
83,174,709,DAY 23/01/2025 - moved 7 animals from property ID 174 (farm) to property ID 709 (farm)
83,178,1652,DAY 23/01/2025 - moved 6 animals from property ID 178 (farm) to property ID 1652 (farm)
83,183,414,DAY 23/01/2025 - moved 3 animals from property ID 183 (farm) to property ID 414 (farm)
83,189,1957,DAY 23/01/2025 - moved 4 animals from property ID 189 (saleyard) to property ID 1957 (farm)
83,189,964,DAY 23/01/2025 - moved 5 animals from property ID 189 (saleyard) to property ID 964 (feedlot)
83,189,524,DAY 23/01/2025 - moved 5 animals from property ID 189 (saleyard) to property ID 524 (feedlot)
83,189,1706,DAY 23/01/2025 - moved 5 animals from property ID 189 (saleyard) to property ID 1706 (farm)
83,189,188,DAY 23/01/2025 - moved 5 animals from property ID 189 (saleyard) to property ID 188 (feedlot)
83,223,524,DAY 23/01/2025 - moved 2 animals from property ID 223 (farm) to property ID 524 (feedlot)
83,248,1110,DAY 23/01/2025 - moved 2 animals from property ID 248 (farm) to property ID 1110 (feedlot)
83,251,671,DAY 23/01/2025 - moved 3 animals from property ID 251 (farm) to property ID 671 (farm)
83,254,1117,DAY 23/01/2025 - moved 3 animals from property ID 254 (farm) to property ID 1117 (farm)
83,257,867,DAY 23/01/2025 - moved 4 animals from property ID 257 (farm) to property ID 867 (feedlot)
83,274,1796,DAY 23/01/2025 - moved 3 animals from property ID 274 (farm) to property ID 1796 (farm)
83,281,644,DAY 23/01/2025 - moved 3 animals from property ID 281 (farm) to property ID 644 (farm)
83,288,609,DAY 23/01/2025 - moved 2 animals from property ID 288 (farm) to property ID 609 (farm)
83,297,264,DAY 23/01/2025 - moved 3 animals from property ID 297 (farm) to property ID 264 (feedlot)
83,309,866,DAY 23/01/2025 - moved 7 animals from property ID 309 (farm) to property ID 866 (feedlot)
83,310,1839,DAY 23/01/2025 - moved 2 animals from property ID 310 (farm) to property ID 1839 (farm)
83,315,264,DAY 23/01/2025 - moved 1 animals from property ID 315 (farm) to property ID 264 (feedlot)
83,322,120,DAY 23/01/2025 - moved 21 animals from property ID 322 (farm) to property ID 120 (farm)
83,342,1262,DAY 23/01/2025 - moved 7 animals from property ID 342 (farm) to property ID 1262 (farm)
83,351,762,DAY 23/01/2025 - moved 5 animals from property ID 351 (farm) to property ID 762 (farm)
83,362,1119,DAY 23/01/2025 - moved 3 animals from property ID 362 (farm) to property ID 1119 (trader)
83,369,1537,DAY 23/01/2025 - moved 1 animals from property ID 369 (farm) to property ID 1537 (farm)
83,394,965,DAY 23/01/2025 - moved 3 animals from property ID 394 (farm) to property ID 965 (farm)
83,402,866,DAY 23/01/2025 - moved 2 animals from property ID 402 (farm) to property ID 866 (feedlot)
83,403,1335,DAY 23/01/2025 - moved 5 animals from property ID 403 (farm) to property ID 1335 (farm)
83,410,92,DAY 23/01/2025 - moved 10 animals from property ID 410 (farm) to property ID 92 (trader)
83,415,1301,DAY 23/01/2025 - moved 5 animals from property ID 415 (trader) to property ID 1301 (saleyard)
83,415,1095,DAY 23/01/2025 - moved 6 animals from property ID 415 (trader) to property ID 1095 (farm)
83,442,1119,DAY 23/01/2025 - moved 1 animals from property ID 442 (farm) to property ID 1119 (trader)
83,443,1684,DAY 23/01/2025 - moved 9 animals from property ID 443 (farm) to property ID 1684 (farm)
83,453,189,DAY 23/01/2025 - moved 7 animals from property ID 453 (farm) to property ID 189 (saleyard)
83,491,1231,DAY 23/01/2025 - moved 29 animals from property ID 491 (farm) to property ID 1231 (farm)
83,517,1702,DAY 23/01/2025 - moved 7 animals from property ID 517 (farm) to property ID 1702 (farm)
83,539,1119,DAY 23/01/2025 - moved 3 animals from property ID 539 (farm) to property ID 1119 (trader)
83,547,524,DAY 23/01/2025 - moved 4 animals from property ID 547 (farm) to property ID 524 (feedlot)
83,561,866,DAY 23/01/2025 - moved 12 animals from property ID 561 (farm) to property ID 866 (feedlot)
83,579,1109,DAY 23/01/2025 - moved 2 animals from property ID 579 (farm) to property ID 1109 (feedlot)
83,584,152,DAY 23/01/2025 - moved 45 animals from property ID 584 (farm) to property ID 152 (farm)
83,597,964,DAY 23/01/2025 - moved 5 animals from property ID 597 (farm) to property ID 964 (feedlot)
83,620,1521,DAY 23/01/2025 - moved 3 animals from property ID 620 (farm) to property ID 1521 (farm)
83,644,1584,DAY 23/01/2025 - moved 6 animals from property ID 644 (farm) to property ID 1584 (farm)
83,645,1479,DAY 23/01/2025 - moved 25 animals from property ID 645 (farm) to property ID 1479 (trader)
83,658,26,DAY 23/01/2025 - moved 11 animals from property ID 658 (farm) to property ID 26 (farm)
83,665,1301,DAY 23/01/2025 - moved 5 animals from property ID 665 (farm) to property ID 1301 (saleyard)
83,684,867,DAY 23/01/2025 - moved 2 animals from property ID 684 (farm) to property ID 867 (feedlot)
83,700,1110,DAY 23/01/2025 - moved 4 animals from property ID 700 (trader) to property ID 1110 (feedlot)
83,700,188,DAY 23/01/2025 - moved 4 animals from property ID 700 (trader) to property ID 188 (feedlot)
83,700,1109,DAY 23/01/2025 - moved 4 animals from property ID 700 (trader) to property ID 1109 (feedlot)
83,701,1273,DAY 23/01/2025 - moved 2 animals from property ID 701 (farm) to property ID 1273 (trader)
83,736,209,DAY 23/01/2025 - moved 6 animals from property ID 736 (farm) to property ID 209 (farm)
83,742,1454,DAY 23/01/2025 - moved 12 animals from property ID 742 (farm) to property ID 1454 (farm)
83,766,458,DAY 23/01/2025 - moved 5 animals from property ID 766 (farm) to property ID 458 (abbattoir)
83,771,700,DAY 23/01/2025 - moved 1 animals from property ID 771 (farm) to property ID 700 (trader)
83,782,1147,DAY 23/01/2025 - moved 59 animals from property ID 782 (trader) to property ID 1147 (farm)
83,809,1787,DAY 23/01/2025 - moved 5 animals from property ID 809 (farm) to property ID 1787 (farm)
83,816,904,DAY 23/01/2025 - moved 3 animals from property ID 816 (farm) to property ID 904 (trader)
83,827,1664,DAY 23/01/2025 - moved 6 animals from property ID 827 (farm) to property ID 1664 (farm)
83,831,1109,DAY 23/01/2025 - moved 3 animals from property ID 831 (farm) to property ID 1109 (feedlot)
83,858,458,DAY 23/01/2025 - moved 5 animals from property ID 858 (farm) to property ID 458 (abbattoir)
83,877,189,DAY 23/01/2025 - moved 22 animals from property ID 877 (farm) to property ID 189 (saleyard)
83,879,579,DAY 23/01/2025 - moved 8 animals from property ID 879 (farm) to property ID 579 (farm)
83,901,105,DAY 23/01/2025 - moved 8 animals from property ID 901 (farm) to property ID 105 (farm)
83,904,140,DAY 23/01/2025 - moved 13 animals from property ID 904 (trader) to property ID 140 (farm)
83,930,415,DAY 23/01/2025 - moved 3 animals from property ID 930 (farm) to property ID 415 (trader)
83,946,1089,DAY 23/01/2025 - moved 3 animals from property ID 946 (farm) to property ID 1089 (farm)
83,957,806,DAY 23/01/2025 - moved 25 animals from property ID 957 (farm) to property ID 806 (farm)
83,968,1675,DAY 23/01/2025 - moved 6 animals from property ID 968 (farm) to property ID 1675 (farm)
83,975,782,DAY 23/01/2025 - moved 2 animals from property ID 975 (farm) to property ID 782 (trader)
83,990,1823,DAY 23/01/2025 - moved 5 animals from property ID 990 (farm) to property ID 1823 (trader)
83,1000,1316,DAY 23/01/2025 - moved 3 animals from property ID 1000 (farm) to property ID 1316 (farm)
83,1002,188,DAY 23/01/2025 - moved 3 animals from property ID 1002 (farm) to property ID 188 (feedlot)
83,1022,1933,DAY 23/01/2025 - moved 59 animals from property ID 1022 (farm) to property ID 1933 (farm)
83,1032,1823,DAY 23/01/2025 - moved 7 animals from property ID 1032 (farm) to property ID 1823 (trader)
83,1035,1146,DAY 23/01/2025 - moved 6 animals from property ID 1035 (farm) to property ID 1146 (farm)
83,1052,1109,DAY 23/01/2025 - moved 12 animals from property ID 1052 (farm) to property ID 1109 (feedlot)
83,1117,1657,DAY 23/01/2025 - moved 7 animals from property ID 1117 (farm) to property ID 1657 (farm)
83,1118,1823,DAY 23/01/2025 - moved 6 animals from property ID 1118 (farm) to property ID 1823 (trader)
83,1119,1895,DAY 23/01/2025 - moved 5 animals from property ID 1119 (trader) to property ID 1895 (farm)
83,1119,820,DAY 23/01/2025 - moved 4 animals from property ID 1119 (trader) to property ID 820 (farm)
83,1119,1109,DAY 23/01/2025 - moved 4 animals from property ID 1119 (trader) to property ID 1109 (feedlot)
83,1121,42,DAY 23/01/2025 - moved 11 animals from property ID 1121 (farm) to property ID 42 (farm)
83,1150,1273,DAY 23/01/2025 - moved 2 animals from property ID 1150 (farm) to property ID 1273 (trader)
83,1155,188,DAY 23/01/2025 - moved 8 animals from property ID 1155 (farm) to property ID 188 (feedlot)
83,1175,1823,DAY 23/01/2025 - moved 4 animals from property ID 1175 (farm) to property ID 1823 (trader)
83,1183,189,DAY 23/01/2025 - moved 6 animals from property ID 1183 (farm) to property ID 189 (saleyard)
83,1205,867,DAY 23/01/2025 - moved 2 animals from property ID 1205 (farm) to property ID 867 (feedlot)
83,1209,1301,DAY 23/01/2025 - moved 3 animals from property ID 1209 (farm) to property ID 1301 (saleyard)
83,1240,700,DAY 23/01/2025 - moved 1 animals from property ID 1240 (farm) to property ID 700 (trader)
83,1244,415,DAY 23/01/2025 - moved 5 animals from property ID 1244 (farm) to property ID 415 (trader)
83,1259,612,DAY 23/01/2025 - moved 3 animals from property ID 1259 (farm) to property ID 612 (farm)
83,1262,892,DAY 23/01/2025 - moved 3 animals from property ID 1262 (farm) to property ID 892 (farm)
83,1265,1926,DAY 23/01/2025 - moved 2 animals from property ID 1265 (farm) to property ID 1926 (farm)
83,1272,458,DAY 23/01/2025 - moved 8 animals from property ID 1272 (farm) to property ID 458 (abbattoir)
83,1276,1301,DAY 23/01/2025 - moved 2 animals from property ID 1276 (farm) to property ID 1301 (saleyard)
83,1300,781,DAY 23/01/2025 - moved 9 animals from property ID 1300 (farm) to property ID 781 (farm)
83,1301,1585,DAY 23/01/2025 - moved 9 animals from property ID 1301 (saleyard) to property ID 1585 (farm)
83,1301,1629,DAY 23/01/2025 - moved 10 animals from property ID 1301 (saleyard) to property ID 1629 (farm)
83,1301,362,DAY 23/01/2025 - moved 10 animals from property ID 1301 (saleyard) to property ID 362 (farm)
83,1301,1605,DAY 23/01/2025 - moved 10 animals from property ID 1301 (saleyard) to property ID 1605 (farm)
83,1301,867,DAY 23/01/2025 - moved 10 animals from property ID 1301 (saleyard) to property ID 867 (feedlot)
83,1319,1823,DAY 23/01/2025 - moved 2 animals from property ID 1319 (farm) to property ID 1823 (trader)
83,1321,1453,DAY 23/01/2025 - moved 4 animals from property ID 1321 (farm) to property ID 1453 (farm)
83,1324,999,DAY 23/01/2025 - moved 22 animals from property ID 1324 (farm) to property ID 999 (farm)
83,1351,1301,DAY 23/01/2025 - moved 5 animals from property ID 1351 (farm) to property ID 1301 (saleyard)
83,1355,1878,DAY 23/01/2025 - moved 4 animals from property ID 1355 (farm) to property ID 1878 (farm)
83,1414,790,DAY 23/01/2025 - moved 2 animals from property ID 1414 (farm) to property ID 790 (farm)
83,1424,1795,DAY 23/01/2025 - moved 4 animals from property ID 1424 (farm) to property ID 1795 (farm)
83,1428,1864,DAY 23/01/2025 - moved 15 animals from property ID 1428 (farm) to property ID 1864 (farm)
83,1430,1325,DAY 23/01/2025 - moved 5 animals from property ID 1430 (farm) to property ID 1325 (farm)
83,1478,458,DAY 23/01/2025 - moved 21 animals from property ID 1478 (farm) to property ID 458 (abbattoir)
83,1479,758,DAY 23/01/2025 - moved 14 animals from property ID 1479 (trader) to property ID 758 (feedlot)
83,1479,1456,DAY 23/01/2025 - moved 13 animals from property ID 1479 (trader) to property ID 1456 (farm)
83,1479,545,DAY 23/01/2025 - moved 13 animals from property ID 1479 (trader) to property ID 545 (farm)
83,1481,1812,DAY 23/01/2025 - moved 2 animals from property ID 1481 (farm) to property ID 1812 (farm)
83,1491,189,DAY 23/01/2025 - moved 6 animals from property ID 1491 (farm) to property ID 189 (saleyard)
83,1526,1885,DAY 23/01/2025 - moved 12 animals from property ID 1526 (farm) to property ID 1885 (farm)
83,1527,1789,DAY 23/01/2025 - moved 5 animals from property ID 1527 (farm) to property ID 1789 (farm)
83,1535,253,DAY 23/01/2025 - moved 4 animals from property ID 1535 (farm) to property ID 253 (farm)
83,1541,1292,DAY 23/01/2025 - moved 1 animals from property ID 1541 (farm) to property ID 1292 (farm)
83,1563,1666,DAY 23/01/2025 - moved 5 animals from property ID 1563 (farm) to property ID 1666 (feedlot)
83,1594,89,DAY 23/01/2025 - moved 9 animals from property ID 1594 (farm) to property ID 89 (farm)
83,1596,1031,DAY 23/01/2025 - moved 9 animals from property ID 1596 (farm) to property ID 1031 (farm)
83,1621,92,DAY 23/01/2025 - moved 6 animals from property ID 1621 (farm) to property ID 92 (trader)
83,1625,1133,DAY 23/01/2025 - moved 3 animals from property ID 1625 (farm) to property ID 1133 (farm)
83,1655,164,DAY 23/01/2025 - moved 2 animals from property ID 1655 (farm) to property ID 164 (farm)
83,1696,1143,DAY 23/01/2025 - moved 3 animals from property ID 1696 (farm) to property ID 1143 (farm)
83,1728,1508,DAY 23/01/2025 - moved 2 animals from property ID 1728 (farm) to property ID 1508 (farm)
83,1750,1678,DAY 23/01/2025 - moved 8 animals from property ID 1750 (farm) to property ID 1678 (farm)
83,1784,157,DAY 23/01/2025 - moved 1 animals from property ID 1784 (farm) to property ID 157 (farm)
83,1795,1273,DAY 23/01/2025 - moved 2 animals from property ID 1795 (farm) to property ID 1273 (trader)
83,1823,1301,DAY 23/01/2025 - moved 46 animals from property ID 1823 (trader) to property ID 1301 (saleyard)
83,1833,867,DAY 23/01/2025 - moved 2 animals from property ID 1833 (farm) to property ID 867 (feedlot)
83,1837,1301,DAY 23/01/2025 - moved 8 animals from property ID 1837 (farm) to property ID 1301 (saleyard)
83,1848,45,DAY 23/01/2025 - moved 25 animals from property ID 1848 (farm) to property ID 45 (farm)
83,1860,165,DAY 23/01/2025 - moved 5 animals from property ID 1860 (farm) to property ID 165 (farm)
83,1894,189,DAY 23/01/2025 - moved 4 animals from property ID 1894 (farm) to property ID 189 (saleyard)
83,1911,1565,DAY 23/01/2025 - moved 10 animals from property ID 1911 (farm) to property ID 1565 (farm)
83,1928,687,DAY 23/01/2025 - moved 1 animals from property ID 1928 (farm) to property ID 687 (farm)
83,1974,782,DAY 23/01/2025 - moved 12 animals from property ID 1974 (farm) to property ID 782 (trader)
83,1978,964,DAY 23/01/2025 - moved 2 animals from property ID 1978 (farm) to property ID 964 (feedlot)
84,2,1249,DAY 24/01/2025 - moved 3 animals from property ID 2 (farm) to property ID 1249 (farm)
84,26,616,DAY 24/01/2025 - moved 9 animals from property ID 26 (farm) to property ID 616 (farm)
84,32,1705,DAY 24/01/2025 - moved 1 animals from property ID 32 (farm) to property ID 1705 (farm)
84,37,867,DAY 24/01/2025 - moved 2 animals from property ID 37 (farm) to property ID 867 (feedlot)
84,38,1301,DAY 24/01/2025 - moved 2 animals from property ID 38 (farm) to property ID 1301 (saleyard)
84,45,991,DAY 24/01/2025 - moved 6 animals from property ID 45 (farm) to property ID 991 (farm)
84,61,967,DAY 24/01/2025 - moved 7 animals from property ID 61 (farm) to property ID 967 (farm)
84,89,702,DAY 24/01/2025 - moved 16 animals from property ID 89 (farm) to property ID 702 (farm)
84,92,1534,DAY 24/01/2025 - moved 16 animals from property ID 92 (trader) to property ID 1534 (farm)
84,92,866,DAY 24/01/2025 - moved 16 animals from property ID 92 (trader) to property ID 866 (feedlot)
84,92,202,DAY 24/01/2025 - moved 16 animals from property ID 92 (trader) to property ID 202 (farm)
84,96,173,DAY 24/01/2025 - moved 2 animals from property ID 96 (farm) to property ID 173 (farm)
84,107,524,DAY 24/01/2025 - moved 7 animals from property ID 107 (farm) to property ID 524 (feedlot)
84,124,1357,DAY 24/01/2025 - moved 2 animals from property ID 124 (farm) to property ID 1357 (farm)
84,133,1823,DAY 24/01/2025 - moved 8 animals from property ID 133 (farm) to property ID 1823 (trader)
84,139,1666,DAY 24/01/2025 - moved 4 animals from property ID 139 (farm) to property ID 1666 (feedlot)
84,158,189,DAY 24/01/2025 - moved 26 animals from property ID 158 (farm) to property ID 189 (saleyard)
84,189,241,DAY 24/01/2025 - moved 4 animals from property ID 189 (saleyard) to property ID 241 (farm)
84,189,925,DAY 24/01/2025 - moved 4 animals from property ID 189 (saleyard) to property ID 925 (farm)
84,189,512,DAY 24/01/2025 - moved 5 animals from property ID 189 (saleyard) to property ID 512 (farm)
84,189,1950,DAY 24/01/2025 - moved 5 animals from property ID 189 (saleyard) to property ID 1950 (farm)
84,189,188,DAY 24/01/2025 - moved 5 animals from property ID 189 (saleyard) to property ID 188 (feedlot)
84,189,524,DAY 24/01/2025 - moved 5 animals from property ID 189 (saleyard) to property ID 524 (feedlot)
84,191,653,DAY 24/01/2025 - moved 5 animals from property ID 191 (farm) to property ID 653 (farm)
84,210,1733,DAY 24/01/2025 - moved 12 animals from property ID 210 (farm) to property ID 1733 (farm)
84,244,866,DAY 24/01/2025 - moved 5 animals from property ID 244 (farm) to property ID 866 (feedlot)
84,287,1273,DAY 24/01/2025 - moved 3 animals from property ID 287 (farm) to property ID 1273 (trader)
84,340,329,DAY 24/01/2025 - moved 63 animals from property ID 340 (farm) to property ID 329 (farm)
84,353,524,DAY 24/01/2025 - moved 1 animals from property ID 353 (farm) to property ID 524 (feedlot)
84,358,1293,DAY 24/01/2025 - moved 9 animals from property ID 358 (farm) to property ID 1293 (farm)
84,361,1575,DAY 24/01/2025 - moved 7 animals from property ID 361 (farm) to property ID 1575 (farm)
84,380,782,DAY 24/01/2025 - moved 19 animals from property ID 380 (farm) to property ID 782 (trader)
84,384,1907,DAY 24/01/2025 - moved 5 animals from property ID 384 (farm) to property ID 1907 (feedlot)
84,398,1194,DAY 24/01/2025 - moved 16 animals from property ID 398 (farm) to property ID 1194 (farm)
84,409,458,DAY 24/01/2025 - moved 33 animals from property ID 409 (farm) to property ID 458 (abbattoir)
84,418,1313,DAY 24/01/2025 - moved 9 animals from property ID 418 (farm) to property ID 1313 (farm)
84,419,1413,DAY 24/01/2025 - moved 4 animals from property ID 419 (farm) to property ID 1413 (farm)
84,427,324,DAY 24/01/2025 - moved 5 animals from property ID 427 (farm) to property ID 324 (farm)
84,451,1907,DAY 24/01/2025 - moved 6 animals from property ID 451 (farm) to property ID 1907 (feedlot)
84,456,1715,DAY 24/01/2025 - moved 6 animals from property ID 456 (farm) to property ID 1715 (farm)
84,474,867,DAY 24/01/2025 - moved 2 animals from property ID 474 (farm) to property ID 867 (feedlot)
84,482,92,DAY 24/01/2025 - moved 7 animals from property ID 482 (farm) to property ID 92 (trader)
84,487,1060,DAY 24/01/2025 - moved 30 animals from property ID 487 (farm) to property ID 1060 (farm)
84,511,415,DAY 24/01/2025 - moved 2 animals from property ID 511 (farm) to property ID 415 (trader)
84,549,866,DAY 24/01/2025 - moved 8 animals from property ID 549 (farm) to property ID 866 (feedlot)
84,609,1308,DAY 24/01/2025 - moved 5 animals from property ID 609 (farm) to property ID 1308 (farm)
84,635,1743,DAY 24/01/2025 - moved 3 animals from property ID 635 (farm) to property ID 1743 (farm)
84,640,1823,DAY 24/01/2025 - moved 4 animals from property ID 640 (farm) to property ID 1823 (trader)
84,656,1301,DAY 24/01/2025 - moved 8 animals from property ID 656 (farm) to property ID 1301 (saleyard)
84,675,1907,DAY 24/01/2025 - moved 9 animals from property ID 675 (farm) to property ID 1907 (feedlot)
84,700,1110,DAY 24/01/2025 - moved 10 animals from property ID 700 (trader) to property ID 1110 (feedlot)
84,709,808,DAY 24/01/2025 - moved 7 animals from property ID 709 (farm) to property ID 808 (farm)
84,710,927,DAY 24/01/2025 - moved 4 animals from property ID 710 (farm) to property ID 927 (farm)
84,746,264,DAY 24/01/2025 - moved 2 animals from property ID 746 (farm) to property ID 264 (feedlot)
84,762,1479,DAY 24/01/2025 - moved 17 animals from property ID 762 (farm) to property ID 1479 (trader)
84,778,830,DAY 24/01/2025 - moved 2 animals from property ID 778 (farm) to property ID 830 (farm)
84,782,658,DAY 24/01/2025 - moved 50 animals from property ID 782 (trader) to property ID 658 (farm)
84,789,753,DAY 24/01/2025 - moved 7 animals from property ID 789 (farm) to property ID 753 (farm)
84,794,92,DAY 24/01/2025 - moved 5 animals from property ID 794 (farm) to property ID 92 (trader)
84,797,1792,DAY 24/01/2025 - moved 5 animals from property ID 797 (farm) to property ID 1792 (farm)
84,825,14,DAY 24/01/2025 - moved 2 animals from property ID 825 (farm) to property ID 14 (farm)
84,829,1610,DAY 24/01/2025 - moved 3 animals from property ID 829 (farm) to property ID 1610 (farm)
84,830,161,DAY 24/01/2025 - moved 10 animals from property ID 830 (farm) to property ID 161 (farm)
84,837,189,DAY 24/01/2025 - moved 5 animals from property ID 837 (farm) to property ID 189 (saleyard)
84,855,1301,DAY 24/01/2025 - moved 3 animals from property ID 855 (farm) to property ID 1301 (saleyard)
84,856,1301,DAY 24/01/2025 - moved 2 animals from property ID 856 (farm) to property ID 1301 (saleyard)
84,887,866,DAY 24/01/2025 - moved 13 animals from property ID 887 (farm) to property ID 866 (feedlot)
84,896,728,DAY 24/01/2025 - moved 1 animals from property ID 896 (farm) to property ID 728 (farm)
84,904,264,DAY 24/01/2025 - moved 3 animals from property ID 904 (trader) to property ID 264 (feedlot)
84,904,1110,DAY 24/01/2025 - moved 4 animals from property ID 904 (trader) to property ID 1110 (feedlot)
84,904,1826,DAY 24/01/2025 - moved 4 animals from property ID 904 (trader) to property ID 1826 (farm)
84,910,1946,DAY 24/01/2025 - moved 9 animals from property ID 910 (farm) to property ID 1946 (farm)
84,932,1479,DAY 24/01/2025 - moved 9 animals from property ID 932 (farm) to property ID 1479 (trader)
84,1042,777,DAY 24/01/2025 - moved 7 animals from property ID 1042 (farm) to property ID 777 (farm)
84,1048,684,DAY 24/01/2025 - moved 3 animals from property ID 1048 (farm) to property ID 684 (farm)
84,1070,1866,DAY 24/01/2025 - moved 1 animals from property ID 1070 (farm) to property ID 1866 (farm)
84,1098,1044,DAY 24/01/2025 - moved 8 animals from property ID 1098 (farm) to property ID 1044 (farm)
84,1108,1301,DAY 24/01/2025 - moved 2 animals from property ID 1108 (farm) to property ID 1301 (saleyard)
84,1119,823,DAY 24/01/2025 - moved 3 animals from property ID 1119 (trader) to property ID 823 (farm)
84,1119,1301,DAY 24/01/2025 - moved 4 animals from property ID 1119 (trader) to property ID 1301 (saleyard)
84,1119,146,DAY 24/01/2025 - moved 4 animals from property ID 1119 (trader) to property ID 146 (farm)
84,1129,1823,DAY 24/01/2025 - moved 2 animals from property ID 1129 (farm) to property ID 1823 (trader)
84,1146,189,DAY 24/01/2025 - moved 4 animals from property ID 1146 (farm) to property ID 189 (saleyard)
84,1170,1273,DAY 24/01/2025 - moved 2 animals from property ID 1170 (farm) to property ID 1273 (trader)
84,1188,1943,DAY 24/01/2025 - moved 13 animals from property ID 1188 (farm) to property ID 1943 (farm)
84,1194,54,DAY 24/01/2025 - moved 11 animals from property ID 1194 (farm) to property ID 54 (farm)
84,1195,1085,DAY 24/01/2025 - moved 11 animals from property ID 1195 (farm) to property ID 1085 (farm)
84,1217,21,DAY 24/01/2025 - moved 3 animals from property ID 1217 (farm) to property ID 21 (farm)
84,1221,1693,DAY 24/01/2025 - moved 10 animals from property ID 1221 (farm) to property ID 1693 (farm)
84,1245,415,DAY 24/01/2025 - moved 4 animals from property ID 1245 (farm) to property ID 415 (trader)
84,1255,1479,DAY 24/01/2025 - moved 9 animals from property ID 1255 (farm) to property ID 1479 (trader)
84,1260,1823,DAY 24/01/2025 - moved 13 animals from property ID 1260 (farm) to property ID 1823 (trader)
84,1271,1661,DAY 24/01/2025 - moved 5 animals from property ID 1271 (farm) to property ID 1661 (farm)
84,1292,1784,DAY 24/01/2025 - moved 1 animals from property ID 1292 (farm) to property ID 1784 (farm)
84,1301,1633,DAY 24/01/2025 - moved 9 animals from property ID 1301 (saleyard) to property ID 1633 (farm)
84,1301,1772,DAY 24/01/2025 - moved 9 animals from property ID 1301 (saleyard) to property ID 1772 (farm)
84,1301,867,DAY 24/01/2025 - moved 9 animals from property ID 1301 (saleyard) to property ID 867 (feedlot)
84,1301,867,DAY 24/01/2025 - moved 9 animals from property ID 1301 (saleyard) to property ID 867 (feedlot)
84,1301,24,DAY 24/01/2025 - moved 9 animals from property ID 1301 (saleyard) to property ID 24 (farm)
84,1301,867,DAY 24/01/2025 - moved 9 animals from property ID 1301 (saleyard) to property ID 867 (feedlot)
84,1310,1478,DAY 24/01/2025 - moved 9 animals from property ID 1310 (farm) to property ID 1478 (farm)
84,1317,866,DAY 24/01/2025 - moved 42 animals from property ID 1317 (farm) to property ID 866 (feedlot)
84,1339,1207,DAY 24/01/2025 - moved 10 animals from property ID 1339 (farm) to property ID 1207 (farm)
84,1348,1832,DAY 24/01/2025 - moved 3 animals from property ID 1348 (farm) to property ID 1832 (farm)
84,1360,1479,DAY 24/01/2025 - moved 47 animals from property ID 1360 (farm) to property ID 1479 (trader)
84,1367,1119,DAY 24/01/2025 - moved 13 animals from property ID 1367 (farm) to property ID 1119 (trader)
84,1372,995,DAY 24/01/2025 - moved 10 animals from property ID 1372 (farm) to property ID 995 (farm)
84,1392,1675,DAY 24/01/2025 - moved 12 animals from property ID 1392 (farm) to property ID 1675 (farm)
84,1409,867,DAY 24/01/2025 - moved 4 animals from property ID 1409 (farm) to property ID 867 (feedlot)
84,1411,649,DAY 24/01/2025 - moved 2 animals from property ID 1411 (farm) to property ID 649 (farm)
84,1458,1704,DAY 24/01/2025 - moved 12 animals from property ID 1458 (farm) to property ID 1704 (farm)
84,1479,957,DAY 24/01/2025 - moved 19 animals from property ID 1479 (trader) to property ID 957 (farm)
84,1479,1145,DAY 24/01/2025 - moved 18 animals from property ID 1479 (trader) to property ID 1145 (farm)
84,1488,524,DAY 24/01/2025 - moved 9 animals from property ID 1488 (farm) to property ID 524 (feedlot)
84,1494,653,DAY 24/01/2025 - moved 5 animals from property ID 1494 (farm) to property ID 653 (farm)
84,1501,1119,DAY 24/01/2025 - moved 3 animals from property ID 1501 (farm) to property ID 1119 (trader)
84,1640,782,DAY 24/01/2025 - moved 3 animals from property ID 1640 (farm) to property ID 782 (trader)
84,1679,1559,DAY 24/01/2025 - moved 2 animals from property ID 1679 (farm) to property ID 1559 (farm)
84,1692,866,DAY 24/01/2025 - moved 3 animals from property ID 1692 (farm) to property ID 866 (feedlot)
84,1711,1720,DAY 24/01/2025 - moved 4 animals from property ID 1711 (farm) to property ID 1720 (farm)
84,1715,1301,DAY 24/01/2025 - moved 5 animals from property ID 1715 (farm) to property ID 1301 (saleyard)
84,1718,1055,DAY 24/01/2025 - moved 5 animals from property ID 1718 (farm) to property ID 1055 (farm)
84,1744,728,DAY 24/01/2025 - moved 13 animals from property ID 1744 (farm) to property ID 728 (farm)
84,1753,866,DAY 24/01/2025 - moved 11 animals from property ID 1753 (farm) to property ID 866 (feedlot)
84,1759,758,DAY 24/01/2025 - moved 6 animals from property ID 1759 (farm) to property ID 758 (feedlot)
84,1812,158,DAY 24/01/2025 - moved 4 animals from property ID 1812 (farm) to property ID 158 (farm)
84,1814,690,DAY 24/01/2025 - moved 5 animals from property ID 1814 (farm) to property ID 690 (farm)
84,1823,1834,DAY 24/01/2025 - moved 15 animals from property ID 1823 (trader) to property ID 1834 (farm)
84,1823,867,DAY 24/01/2025 - moved 14 animals from property ID 1823 (trader) to property ID 867 (feedlot)
84,1823,648,DAY 24/01/2025 - moved 14 animals from property ID 1823 (trader) to property ID 648 (farm)
84,1827,1301,DAY 24/01/2025 - moved 16 animals from property ID 1827 (farm) to property ID 1301 (saleyard)
84,1866,1293,DAY 24/01/2025 - moved 12 animals from property ID 1866 (farm) to property ID 1293 (farm)
84,1872,92,DAY 24/01/2025 - moved 10 animals from property ID 1872 (farm) to property ID 92 (trader)
84,1873,528,DAY 24/01/2025 - moved 6 animals from property ID 1873 (farm) to property ID 528 (farm)
84,1886,736,DAY 24/01/2025 - moved 3 animals from property ID 1886 (farm) to property ID 736 (farm)
84,1895,867,DAY 24/01/2025 - moved 2 animals from property ID 1895 (farm) to property ID 867 (feedlot)
84,1950,189,DAY 24/01/2025 - moved 2 animals from property ID 1950 (farm) to property ID 189 (saleyard)
84,1966,524,DAY 24/01/2025 - moved 5 animals from property ID 1966 (farm) to property ID 524 (feedlot)
84,1969,355,DAY 24/01/2025 - moved 5 animals from property ID 1969 (farm) to property ID 355 (farm)
84,1984,144,DAY 24/01/2025 - moved 1 animals from property ID 1984 (farm) to property ID 144 (farm)
85,36,1479,DAY 25/01/2025 - moved 14 animals from property ID 36 (farm) to property ID 1479 (trader)
85,54,1479,DAY 25/01/2025 - moved 8 animals from property ID 54 (farm) to property ID 1479 (trader)
85,55,479,DAY 25/01/2025 - moved 6 animals from property ID 55 (farm) to property ID 479 (farm)
85,56,867,DAY 25/01/2025 - moved 4 animals from property ID 56 (farm) to property ID 867 (feedlot)
85,60,458,DAY 25/01/2025 - moved 9 animals from property ID 60 (farm) to property ID 458 (abbattoir)
85,75,415,DAY 25/01/2025 - moved 4 animals from property ID 75 (farm) to property ID 415 (trader)
85,92,866,DAY 25/01/2025 - moved 15 animals from property ID 92 (trader) to property ID 866 (feedlot)
85,92,1666,DAY 25/01/2025 - moved 14 animals from property ID 92 (trader) to property ID 1666 (feedlot)
85,92,1666,DAY 25/01/2025 - moved 14 animals from property ID 92 (trader) to property ID 1666 (feedlot)
85,108,1301,DAY 25/01/2025 - moved 4 animals from property ID 108 (farm) to property ID 1301 (saleyard)
85,112,843,DAY 25/01/2025 - moved 3 animals from property ID 112 (farm) to property ID 843 (farm)
85,122,904,DAY 25/01/2025 - moved 3 animals from property ID 122 (farm) to property ID 904 (trader)
85,137,731,DAY 25/01/2025 - moved 7 animals from property ID 137 (farm) to property ID 731 (farm)
85,151,866,DAY 25/01/2025 - moved 9 animals from property ID 151 (farm) to property ID 866 (feedlot)
85,165,1479,DAY 25/01/2025 - moved 18 animals from property ID 165 (farm) to property ID 1479 (trader)
85,166,668,DAY 25/01/2025 - moved 7 animals from property ID 166 (farm) to property ID 668 (farm)
85,192,341,DAY 25/01/2025 - moved 4 animals from property ID 192 (farm) to property ID 341 (farm)
85,214,11,DAY 25/01/2025 - moved 24 animals from property ID 214 (farm) to property ID 11 (farm)
85,228,700,DAY 25/01/2025 - moved 2 animals from property ID 228 (farm) to property ID 700 (trader)
85,233,1391,DAY 25/01/2025 - moved 1 animals from property ID 233 (farm) to property ID 1391 (farm)
85,247,92,DAY 25/01/2025 - moved 11 animals from property ID 247 (farm) to property ID 92 (trader)
85,261,1273,DAY 25/01/2025 - moved 3 animals from property ID 261 (farm) to property ID 1273 (trader)
85,265,596,DAY 25/01/2025 - moved 11 animals from property ID 265 (farm) to property ID 596 (farm)
85,308,1652,DAY 25/01/2025 - moved 2 animals from property ID 308 (farm) to property ID 1652 (farm)
85,317,1699,DAY 25/01/2025 - moved 65 animals from property ID 317 (farm) to property ID 1699 (farm)
85,324,21,DAY 25/01/2025 - moved 4 animals from property ID 324 (farm) to property ID 21 (farm)
85,325,351,DAY 25/01/2025 - moved 16 animals from property ID 325 (farm) to property ID 351 (farm)
85,329,1611,DAY 25/01/2025 - moved 22 animals from property ID 329 (farm) to property ID 1611 (farm)
85,382,700,DAY 25/01/2025 - moved 4 animals from property ID 382 (farm) to property ID 700 (trader)
85,393,866,DAY 25/01/2025 - moved 14 animals from property ID 393 (farm) to property ID 866 (feedlot)
85,415,1111,DAY 25/01/2025 - moved 12 animals from property ID 415 (trader) to property ID 1111 (farm)
85,422,867,DAY 25/01/2025 - moved 4 animals from property ID 422 (farm) to property ID 867 (feedlot)
85,424,808,DAY 25/01/2025 - moved 7 animals from property ID 424 (farm) to property ID 808 (farm)
85,446,200,DAY 25/01/2025 - moved 15 animals from property ID 446 (farm) to property ID 200 (farm)
85,460,1823,DAY 25/01/2025 - moved 2 animals from property ID 460 (farm) to property ID 1823 (trader)
85,528,253,DAY 25/01/2025 - moved 5 animals from property ID 528 (farm) to property ID 253 (farm)
85,557,1866,DAY 25/01/2025 - moved 4 animals from property ID 557 (farm) to property ID 1866 (farm)
85,580,1823,DAY 25/01/2025 - moved 4 animals from property ID 580 (farm) to property ID 1823 (trader)
85,596,363,DAY 25/01/2025 - moved 3 animals from property ID 596 (farm) to property ID 363 (farm)
85,598,882,DAY 25/01/2025 - moved 8 animals from property ID 598 (farm) to property ID 882 (farm)
85,615,964,DAY 25/01/2025 - moved 3 animals from property ID 615 (farm) to property ID 964 (feedlot)
85,632,1119,DAY 25/01/2025 - moved 2 animals from property ID 632 (farm) to property ID 1119 (trader)
85,633,1119,DAY 25/01/2025 - moved 3 animals from property ID 633 (farm) to property ID 1119 (trader)
85,638,75,DAY 25/01/2025 - moved 5 animals from property ID 638 (farm) to property ID 75 (farm)
85,661,189,DAY 25/01/2025 - moved 3 animals from property ID 661 (farm) to property ID 189 (saleyard)
85,686,1300,DAY 25/01/2025 - moved 7 animals from property ID 686 (farm) to property ID 1300 (farm)
85,694,1479,DAY 25/01/2025 - moved 8 animals from property ID 694 (farm) to property ID 1479 (trader)
85,698,867,DAY 25/01/2025 - moved 4 animals from property ID 698 (farm) to property ID 867 (feedlot)
85,717,189,DAY 25/01/2025 - moved 4 animals from property ID 717 (farm) to property ID 189 (saleyard)
85,726,121,DAY 25/01/2025 - moved 2 animals from property ID 726 (farm) to property ID 121 (farm)
85,728,1832,DAY 25/01/2025 - moved 17 animals from property ID 728 (farm) to property ID 1832 (farm)
85,732,189,DAY 25/01/2025 - moved 3 animals from property ID 732 (farm) to property ID 189 (saleyard)
85,782,1586,DAY 25/01/2025 - moved 45 animals from property ID 782 (trader) to property ID 1586 (farm)
85,814,1479,DAY 25/01/2025 - moved 10 animals from property ID 814 (farm) to property ID 1479 (trader)
85,815,917,DAY 25/01/2025 - moved 20 animals from property ID 815 (farm) to property ID 917 (farm)
85,876,1168,DAY 25/01/2025 - moved 3 animals from property ID 876 (farm) to property ID 1168 (farm)
85,882,524,DAY 25/01/2025 - moved 11 animals from property ID 882 (farm) to property ID 524 (feedlot)
85,883,1829,DAY 25/01/2025 - moved 2 animals from property ID 883 (farm) to property ID 1829 (farm)
85,890,1792,DAY 25/01/2025 - moved 1 animals from property ID 890 (farm) to property ID 1792 (farm)
85,900,1907,DAY 25/01/2025 - moved 29 animals from property ID 900 (farm) to property ID 1907 (feedlot)
85,922,964,DAY 25/01/2025 - moved 48 animals from property ID 922 (farm) to property ID 964 (feedlot)
85,943,866,DAY 25/01/2025 - moved 7 animals from property ID 943 (farm) to property ID 866 (feedlot)
85,958,1823,DAY 25/01/2025 - moved 11 animals from property ID 958 (farm) to property ID 1823 (trader)
85,965,1823,DAY 25/01/2025 - moved 5 animals from property ID 965 (farm) to property ID 1823 (trader)
85,967,1273,DAY 25/01/2025 - moved 10 animals from property ID 967 (farm) to property ID 1273 (trader)
85,1063,1397,DAY 25/01/2025 - moved 4 animals from property ID 1063 (farm) to property ID 1397 (farm)
85,1064,866,DAY 25/01/2025 - moved 8 animals from property ID 1064 (farm) to property ID 866 (feedlot)
85,1066,782,DAY 25/01/2025 - moved 15 animals from property ID 1066 (farm) to property ID 782 (trader)
85,1073,324,DAY 25/01/2025 - moved 20 animals from property ID 1073 (farm) to property ID 324 (farm)
85,1078,758,DAY 25/01/2025 - moved 18 animals from property ID 1078 (farm) to property ID 758 (feedlot)
85,1089,228,DAY 25/01/2025 - moved 4 animals from property ID 1089 (farm) to property ID 228 (farm)
85,1090,1183,DAY 25/01/2025 - moved 5 animals from property ID 1090 (farm) to property ID 1183 (farm)
85,1097,1261,DAY 25/01/2025 - moved 3 animals from property ID 1097 (farm) to property ID 1261 (farm)
85,1100,782,DAY 25/01/2025 - moved 14 animals from property ID 1100 (farm) to property ID 782 (trader)
85,1102,188,DAY 25/01/2025 - moved 4 animals from property ID 1102 (farm) to property ID 188 (feedlot)
85,1119,867,DAY 25/01/2025 - moved 4 animals from property ID 1119 (trader) to property ID 867 (feedlot)
85,1119,1301,DAY 25/01/2025 - moved 4 animals from property ID 1119 (trader) to property ID 1301 (saleyard)
85,1119,415,DAY 25/01/2025 - moved 4 animals from property ID 1119 (trader) to property ID 415 (trader)
85,1123,867,DAY 25/01/2025 - moved 3 animals from property ID 1123 (farm) to property ID 867 (feedlot)
85,1140,1249,DAY 25/01/2025 - moved 3 animals from property ID 1140 (farm) to property ID 1249 (farm)
85,1158,705,DAY 25/01/2025 - moved 8 animals from property ID 1158 (farm) to property ID 705 (farm)
85,1168,264,DAY 25/01/2025 - moved 3 animals from property ID 1168 (farm) to property ID 264 (feedlot)
85,1182,1301,DAY 25/01/2025 - moved 6 animals from property ID 1182 (farm) to property ID 1301 (saleyard)
85,1189,1995,DAY 25/01/2025 - moved 5 animals from property ID 1189 (farm) to property ID 1995 (farm)
85,1201,415,DAY 25/01/2025 - moved 1 animals from property ID 1201 (farm) to property ID 415 (trader)
85,1208,1119,DAY 25/01/2025 - moved 2 animals from property ID 1208 (farm) to property ID 1119 (trader)
85,1220,866,DAY 25/01/2025 - moved 5 animals from property ID 1220 (farm) to property ID 866 (feedlot)
85,1236,867,DAY 25/01/2025 - moved 6 animals from property ID 1236 (farm) to property ID 867 (feedlot)
85,1251,1479,DAY 25/01/2025 - moved 11 animals from property ID 1251 (farm) to property ID 1479 (trader)
85,1258,264,DAY 25/01/2025 - moved 4 animals from property ID 1258 (farm) to property ID 264 (feedlot)
85,1273,1141,DAY 25/01/2025 - moved 23 animals from property ID 1273 (trader) to property ID 1141 (farm)
85,1296,904,DAY 25/01/2025 - moved 4 animals from property ID 1296 (farm) to property ID 904 (trader)
85,1301,867,DAY 25/01/2025 - moved 13 animals from property ID 1301 (saleyard) to property ID 867 (feedlot)
85,1301,867,DAY 25/01/2025 - moved 13 animals from property ID 1301 (saleyard) to property ID 867 (feedlot)
85,1301,1880,DAY 25/01/2025 - moved 13 animals from property ID 1301 (saleyard) to property ID 1880 (farm)
85,1301,867,DAY 25/01/2025 - moved 13 animals from property ID 1301 (saleyard) to property ID 867 (feedlot)
85,1315,1301,DAY 25/01/2025 - moved 1 animals from property ID 1315 (farm) to property ID 1301 (saleyard)
85,1322,92,DAY 25/01/2025 - moved 4 animals from property ID 1322 (farm) to property ID 92 (trader)
85,1370,214,DAY 25/01/2025 - moved 31 animals from property ID 1370 (farm) to property ID 214 (farm)
85,1394,1823,DAY 25/01/2025 - moved 9 animals from property ID 1394 (farm) to property ID 1823 (trader)
85,1446,782,DAY 25/01/2025 - moved 5 animals from property ID 1446 (farm) to property ID 782 (trader)
85,1455,782,DAY 25/01/2025 - moved 18 animals from property ID 1455 (farm) to property ID 782 (trader)
85,1457,1985,DAY 25/01/2025 - moved 1 animals from property ID 1457 (farm) to property ID 1985 (farm)
85,1468,1961,DAY 25/01/2025 - moved 3 animals from property ID 1468 (farm) to property ID 1961 (farm)
85,1474,1273,DAY 25/01/2025 - moved 4 animals from property ID 1474 (farm) to property ID 1273 (trader)
85,1520,1646,DAY 25/01/2025 - moved 1 animals from property ID 1520 (farm) to property ID 1646 (farm)
85,1537,204,DAY 25/01/2025 - moved 6 animals from property ID 1537 (farm) to property ID 204 (farm)
85,1554,782,DAY 25/01/2025 - moved 11 animals from property ID 1554 (farm) to property ID 782 (trader)
85,1560,1301,DAY 25/01/2025 - moved 6 animals from property ID 1560 (farm) to property ID 1301 (saleyard)
85,1569,119,DAY 25/01/2025 - moved 10 animals from property ID 1569 (farm) to property ID 119 (farm)
85,1578,1273,DAY 25/01/2025 - moved 6 animals from property ID 1578 (farm) to property ID 1273 (trader)
85,1584,1907,DAY 25/01/2025 - moved 10 animals from property ID 1584 (farm) to property ID 1907 (feedlot)
85,1607,1609,DAY 25/01/2025 - moved 2 animals from property ID 1607 (farm) to property ID 1609 (farm)
85,1610,197,DAY 25/01/2025 - moved 4 animals from property ID 1610 (farm) to property ID 197 (farm)
85,1618,782,DAY 25/01/2025 - moved 19 animals from property ID 1618 (farm) to property ID 782 (trader)
85,1619,1122,DAY 25/01/2025 - moved 4 animals from property ID 1619 (farm) to property ID 1122 (farm)
85,1638,725,DAY 25/01/2025 - moved 2 animals from property ID 1638 (farm) to property ID 725 (farm)
85,1649,1109,DAY 25/01/2025 - moved 5 animals from property ID 1649 (farm) to property ID 1109 (feedlot)
85,1663,28,DAY 25/01/2025 - moved 11 animals from property ID 1663 (farm) to property ID 28 (farm)
85,1675,1378,DAY 25/01/2025 - moved 8 animals from property ID 1675 (farm) to property ID 1378 (farm)
85,1687,782,DAY 25/01/2025 - moved 8 animals from property ID 1687 (farm) to property ID 782 (trader)
85,1706,189,DAY 25/01/2025 - moved 4 animals from property ID 1706 (farm) to property ID 189 (saleyard)
85,1716,1273,DAY 25/01/2025 - moved 3 animals from property ID 1716 (farm) to property ID 1273 (trader)
85,1726,814,DAY 25/01/2025 - moved 48 animals from property ID 1726 (farm) to property ID 814 (farm)
85,1817,563,DAY 25/01/2025 - moved 3 animals from property ID 1817 (farm) to property ID 563 (farm)
85,1821,782,DAY 25/01/2025 - moved 14 animals from property ID 1821 (farm) to property ID 782 (trader)
85,1823,1301,DAY 25/01/2025 - moved 14 animals from property ID 1823 (trader) to property ID 1301 (saleyard)
85,1823,867,DAY 25/01/2025 - moved 13 animals from property ID 1823 (trader) to property ID 867 (feedlot)
85,1823,867,DAY 25/01/2025 - moved 13 animals from property ID 1823 (trader) to property ID 867 (feedlot)
85,1825,1301,DAY 25/01/2025 - moved 7 animals from property ID 1825 (farm) to property ID 1301 (saleyard)
85,1830,415,DAY 25/01/2025 - moved 3 animals from property ID 1830 (farm) to property ID 415 (trader)
85,1842,92,DAY 25/01/2025 - moved 8 animals from property ID 1842 (farm) to property ID 92 (trader)
85,1853,1109,DAY 25/01/2025 - moved 10 animals from property ID 1853 (farm) to property ID 1109 (feedlot)
85,1929,1072,DAY 25/01/2025 - moved 2 animals from property ID 1929 (farm) to property ID 1072 (farm)
85,1965,1119,DAY 25/01/2025 - moved 1 animals from property ID 1965 (farm) to property ID 1119 (trader)
85,1971,1875,DAY 25/01/2025 - moved 3 animals from property ID 1971 (farm) to property ID 1875 (farm)
85,1987,189,DAY 25/01/2025 - moved 4 animals from property ID 1987 (farm) to property ID 189 (saleyard)
85,1988,700,DAY 25/01/2025 - moved 2 animals from property ID 1988 (farm) to property ID 700 (trader)
85,1997,782,DAY 25/01/2025 - moved 9 animals from property ID 1997 (farm) to property ID 782 (trader)
86,7,700,DAY 26/01/2025 - moved 5 animals from property ID 7 (farm) to property ID 700 (trader)
86,12,821,DAY 26/01/2025 - moved 3 animals from property ID 12 (farm) to property ID 821 (farm)
86,23,723,DAY 26/01/2025 - moved 4 animals from property ID 23 (farm) to property ID 723 (farm)
86,24,867,DAY 26/01/2025 - moved 7 animals from property ID 24 (farm) to property ID 867 (feedlot)
86,30,866,DAY 26/01/2025 - moved 1 animals from property ID 30 (farm) to property ID 866 (feedlot)
86,69,1479,DAY 26/01/2025 - moved 12 animals from property ID 69 (farm) to property ID 1479 (trader)
86,82,1908,DAY 26/01/2025 - moved 4 animals from property ID 82 (farm) to property ID 1908 (farm)
86,97,1301,DAY 26/01/2025 - moved 7 animals from property ID 97 (farm) to property ID 1301 (saleyard)
86,189,1002,DAY 26/01/2025 - moved 6 animals from property ID 189 (saleyard) to property ID 1002 (farm)
86,189,1091,DAY 26/01/2025 - moved 7 animals from property ID 189 (saleyard) to property ID 1091 (farm)
86,189,188,DAY 26/01/2025 - moved 7 animals from property ID 189 (saleyard) to property ID 188 (feedlot)
86,189,195,DAY 26/01/2025 - moved 7 animals from property ID 189 (saleyard) to property ID 195 (farm)
86,189,1709,DAY 26/01/2025 - moved 7 animals from property ID 189 (saleyard) to property ID 1709 (farm)
86,197,1301,DAY 26/01/2025 - moved 10 animals from property ID 197 (farm) to property ID 1301 (saleyard)
86,198,1823,DAY 26/01/2025 - moved 5 animals from property ID 198 (farm) to property ID 1823 (trader)
86,208,1851,DAY 26/01/2025 - moved 7 animals from property ID 208 (farm) to property ID 1851 (farm)
86,224,1175,DAY 26/01/2025 - moved 1 animals from property ID 224 (farm) to property ID 1175 (farm)
86,262,1008,DAY 26/01/2025 - moved 8 animals from property ID 262 (farm) to property ID 1008 (farm)
86,273,1823,DAY 26/01/2025 - moved 10 animals from property ID 273 (farm) to property ID 1823 (trader)
86,294,1331,DAY 26/01/2025 - moved 2 animals from property ID 294 (farm) to property ID 1331 (farm)
86,298,1823,DAY 26/01/2025 - moved 6 animals from property ID 298 (farm) to property ID 1823 (trader)
86,299,782,DAY 26/01/2025 - moved 3 animals from property ID 299 (farm) to property ID 782 (trader)
86,341,1362,DAY 26/01/2025 - moved 11 animals from property ID 341 (farm) to property ID 1362 (farm)
86,355,866,DAY 26/01/2025 - moved 5 animals from property ID 355 (farm) to property ID 866 (feedlot)
86,373,92,DAY 26/01/2025 - moved 11 animals from property ID 373 (farm) to property ID 92 (trader)
86,415,1706,DAY 26/01/2025 - moved 4 animals from property ID 415 (trader) to property ID 1706 (farm)
86,415,1301,DAY 26/01/2025 - moved 4 animals from property ID 415 (trader) to property ID 1301 (saleyard)
86,415,1027,DAY 26/01/2025 - moved 4 animals from property ID 415 (trader) to property ID 1027 (farm)
86,420,541,DAY 26/01/2025 - moved 1 animals from property ID 420 (farm) to property ID 541 (farm)
86,431,1273,DAY 26/01/2025 - moved 3 animals from property ID 431 (farm) to property ID 1273 (trader)
86,438,92,DAY 26/01/2025 - moved 7 animals from property ID 438 (farm) to property ID 92 (trader)
86,467,1677,DAY 26/01/2025 - moved 1 animals from property ID 467 (farm) to property ID 1677 (farm)
86,473,405,DAY 26/01/2025 - moved 4 animals from property ID 473 (farm) to property ID 405 (farm)
86,507,98,DAY 26/01/2025 - moved 6 animals from property ID 507 (farm) to property ID 98 (farm)
86,553,1907,DAY 26/01/2025 - moved 14 animals from property ID 553 (farm) to property ID 1907 (feedlot)
86,556,1031,DAY 26/01/2025 - moved 10 animals from property ID 556 (farm) to property ID 1031 (farm)
86,601,259,DAY 26/01/2025 - moved 3 animals from property ID 601 (farm) to property ID 259 (farm)
86,649,782,DAY 26/01/2025 - moved 5 animals from property ID 649 (farm) to property ID 782 (trader)
86,650,1907,DAY 26/01/2025 - moved 17 animals from property ID 650 (farm) to property ID 1907 (feedlot)
86,657,1429,DAY 26/01/2025 - moved 1 animals from property ID 657 (farm) to property ID 1429 (farm)
86,670,867,DAY 26/01/2025 - moved 1 animals from property ID 670 (farm) to property ID 867 (feedlot)
86,676,965,DAY 26/01/2025 - moved 3 animals from property ID 676 (farm) to property ID 965 (farm)
86,678,340,DAY 26/01/2025 - moved 46 animals from property ID 678 (farm) to property ID 340 (farm)
86,682,165,DAY 26/01/2025 - moved 20 animals from property ID 682 (farm) to property ID 165 (farm)
86,693,1341,DAY 26/01/2025 - moved 9 animals from property ID 693 (farm) to property ID 1341 (farm)
86,696,1301,DAY 26/01/2025 - moved 10 animals from property ID 696 (farm) to property ID 1301 (saleyard)
86,702,814,DAY 26/01/2025 - moved 17 animals from property ID 702 (farm) to property ID 814 (farm)
86,713,1820,DAY 26/01/2025 - moved 16 animals from property ID 713 (farm) to property ID 1820 (farm)
86,740,1455,DAY 26/01/2025 - moved 12 animals from property ID 740 (farm) to property ID 1455 (farm)
86,773,1231,DAY 26/01/2025 - moved 5 animals from property ID 773 (farm) to property ID 1231 (farm)
86,782,1571,DAY 26/01/2025 - moved 20 animals from property ID 782 (trader) to property ID 1571 (farm)
86,782,1218,DAY 26/01/2025 - moved 19 animals from property ID 782 (trader) to property ID 1218 (farm)
86,782,1920,DAY 26/01/2025 - moved 19 animals from property ID 782 (trader) to property ID 1920 (farm)
86,821,189,DAY 26/01/2025 - moved 2 animals from property ID 821 (farm) to property ID 189 (saleyard)
86,870,264,DAY 26/01/2025 - moved 4 animals from property ID 870 (farm) to property ID 264 (feedlot)
86,902,964,DAY 26/01/2025 - moved 8 animals from property ID 902 (farm) to property ID 964 (feedlot)
86,923,710,DAY 26/01/2025 - moved 6 animals from property ID 923 (farm) to property ID 710 (farm)
86,945,828,DAY 26/01/2025 - moved 1 animals from property ID 945 (farm) to property ID 828 (farm)
86,952,721,DAY 26/01/2025 - moved 7 animals from property ID 952 (farm) to property ID 721 (farm)
86,956,524,DAY 26/01/2025 - moved 3 animals from property ID 956 (farm) to property ID 524 (feedlot)
86,971,524,DAY 26/01/2025 - moved 4 animals from property ID 971 (farm) to property ID 524 (feedlot)
86,973,666,DAY 26/01/2025 - moved 13 animals from property ID 973 (farm) to property ID 666 (farm)
86,976,39,DAY 26/01/2025 - moved 4 animals from property ID 976 (farm) to property ID 39 (farm)
86,992,1273,DAY 26/01/2025 - moved 2 animals from property ID 992 (farm) to property ID 1273 (trader)
86,1014,301,DAY 26/01/2025 - moved 3 animals from property ID 1014 (farm) to property ID 301 (farm)
86,1038,208,DAY 26/01/2025 - moved 19 animals from property ID 1038 (farm) to property ID 208 (farm)
86,1046,1644,DAY 26/01/2025 - moved 13 animals from property ID 1046 (farm) to property ID 1644 (farm)
86,1103,1273,DAY 26/01/2025 - moved 3 animals from property ID 1103 (farm) to property ID 1273 (trader)
86,1119,321,DAY 26/01/2025 - moved 6 animals from property ID 1119 (trader) to property ID 321 (farm)
86,1119,1301,DAY 26/01/2025 - moved 6 animals from property ID 1119 (trader) to property ID 1301 (saleyard)
86,1122,859,DAY 26/01/2025 - moved 8 animals from property ID 1122 (farm) to property ID 859 (farm)
86,1149,524,DAY 26/01/2025 - moved 7 animals from property ID 1149 (farm) to property ID 524 (feedlot)
86,1160,456,DAY 26/01/2025 - moved 8 animals from property ID 1160 (farm) to property ID 456 (farm)
86,1166,1301,DAY 26/01/2025 - moved 12 animals from property ID 1166 (farm) to property ID 1301 (saleyard)
86,1176,1105,DAY 26/01/2025 - moved 3 animals from property ID 1176 (farm) to property ID 1105 (farm)
86,1179,866,DAY 26/01/2025 - moved 4 animals from property ID 1179 (farm) to property ID 866 (feedlot)
86,1200,1693,DAY 26/01/2025 - moved 17 animals from property ID 1200 (farm) to property ID 1693 (farm)
86,1202,1273,DAY 26/01/2025 - moved 7 animals from property ID 1202 (farm) to property ID 1273 (trader)
86,1230,1528,DAY 26/01/2025 - moved 1 animals from property ID 1230 (farm) to property ID 1528 (farm)
86,1273,9,DAY 26/01/2025 - moved 24 animals from property ID 1273 (trader) to property ID 9 (farm)
86,1284,866,DAY 26/01/2025 - moved 13 animals from property ID 1284 (farm) to property ID 866 (feedlot)
86,1301,436,DAY 26/01/2025 - moved 16 animals from property ID 1301 (saleyard) to property ID 436 (farm)
86,1301,1823,DAY 26/01/2025 - moved 17 animals from property ID 1301 (saleyard) to property ID 1823 (trader)
86,1301,1119,DAY 26/01/2025 - moved 17 animals from property ID 1301 (saleyard) to property ID 1119 (trader)
86,1314,189,DAY 26/01/2025 - moved 3 animals from property ID 1314 (farm) to property ID 189 (saleyard)
86,1318,1873,DAY 26/01/2025 - moved 3 animals from property ID 1318 (farm) to property ID 1873 (farm)
86,1333,1301,DAY 26/01/2025 - moved 6 animals from property ID 1333 (farm) to property ID 1301 (saleyard)
86,1343,758,DAY 26/01/2025 - moved 9 animals from property ID 1343 (farm) to property ID 758 (feedlot)
86,1374,1545,DAY 26/01/2025 - moved 2 animals from property ID 1374 (farm) to property ID 1545 (farm)
86,1383,929,DAY 26/01/2025 - moved 9 animals from property ID 1383 (farm) to property ID 929 (farm)
86,1389,394,DAY 26/01/2025 - moved 6 animals from property ID 1389 (farm) to property ID 394 (farm)
86,1390,1273,DAY 26/01/2025 - moved 4 animals from property ID 1390 (farm) to property ID 1273 (trader)
86,1398,1883,DAY 26/01/2025 - moved 4 animals from property ID 1398 (farm) to property ID 1883 (farm)
86,1406,1301,DAY 26/01/2025 - moved 6 animals from property ID 1406 (farm) to property ID 1301 (saleyard)
86,1415,189,DAY 26/01/2025 - moved 1 animals from property ID 1415 (farm) to property ID 189 (saleyard)
86,1420,904,DAY 26/01/2025 - moved 2 animals from property ID 1420 (farm) to property ID 904 (trader)
86,1427,415,DAY 26/01/2025 - moved 1 animals from property ID 1427 (farm) to property ID 415 (trader)
86,1443,1522,DAY 26/01/2025 - moved 3 animals from property ID 1443 (farm) to property ID 1522 (farm)
86,1495,25,DAY 26/01/2025 - moved 8 animals from property ID 1495 (farm) to property ID 25 (farm)
86,1498,699,DAY 26/01/2025 - moved 3 animals from property ID 1498 (farm) to property ID 699 (farm)
86,1512,904,DAY 26/01/2025 - moved 1 animals from property ID 1512 (farm) to property ID 904 (trader)
86,1519,262,DAY 26/01/2025 - moved 2 animals from property ID 1519 (farm) to property ID 262 (farm)
86,1533,1952,DAY 26/01/2025 - moved 2 animals from property ID 1533 (farm) to property ID 1952 (farm)
86,1547,351,DAY 26/01/2025 - moved 8 animals from property ID 1547 (farm) to property ID 351 (farm)
86,1565,1666,DAY 26/01/2025 - moved 3 animals from property ID 1565 (farm) to property ID 1666 (feedlot)
86,1608,867,DAY 26/01/2025 - moved 2 animals from property ID 1608 (farm) to property ID 867 (feedlot)
86,1612,1273,DAY 26/01/2025 - moved 3 animals from property ID 1612 (farm) to property ID 1273 (trader)
86,1620,867,DAY 26/01/2025 - moved 3 animals from property ID 1620 (farm) to property ID 867 (feedlot)
86,1646,1119,DAY 26/01/2025 - moved 5 animals from property ID 1646 (farm) to property ID 1119 (trader)
86,1651,1273,DAY 26/01/2025 - moved 4 animals from property ID 1651 (farm) to property ID 1273 (trader)
86,1671,1144,DAY 26/01/2025 - moved 8 animals from property ID 1671 (farm) to property ID 1144 (farm)
86,1690,1907,DAY 26/01/2025 - moved 8 animals from property ID 1690 (farm) to property ID 1907 (feedlot)
86,1742,772,DAY 26/01/2025 - moved 5 animals from property ID 1742 (farm) to property ID 772 (farm)
86,1767,1301,DAY 26/01/2025 - moved 3 animals from property ID 1767 (farm) to property ID 1301 (saleyard)
86,1772,1119,DAY 26/01/2025 - moved 8 animals from property ID 1772 (farm) to property ID 1119 (trader)
86,1787,237,DAY 26/01/2025 - moved 13 animals from property ID 1787 (farm) to property ID 237 (farm)
86,1815,284,DAY 26/01/2025 - moved 12 animals from property ID 1815 (farm) to property ID 284 (farm)
86,1819,1110,DAY 26/01/2025 - moved 1 animals from property ID 1819 (farm) to property ID 1110 (feedlot)
86,1823,867,DAY 26/01/2025 - moved 12 animals from property ID 1823 (trader) to property ID 867 (feedlot)
86,1823,1301,DAY 26/01/2025 - moved 13 animals from property ID 1823 (trader) to property ID 1301 (saleyard)
86,1823,1301,DAY 26/01/2025 - moved 13 animals from property ID 1823 (trader) to property ID 1301 (saleyard)
86,1829,1119,DAY 26/01/2025 - moved 6 animals from property ID 1829 (farm) to property ID 1119 (trader)
86,1864,866,DAY 26/01/2025 - moved 4 animals from property ID 1864 (farm) to property ID 866 (feedlot)
86,1867,782,DAY 26/01/2025 - moved 5 animals from property ID 1867 (farm) to property ID 782 (trader)
86,1878,1823,DAY 26/01/2025 - moved 15 animals from property ID 1878 (farm) to property ID 1823 (trader)
86,1884,1217,DAY 26/01/2025 - moved 4 animals from property ID 1884 (farm) to property ID 1217 (farm)
86,1918,618,DAY 26/01/2025 - moved 13 animals from property ID 1918 (farm) to property ID 618 (farm)
86,1927,92,DAY 26/01/2025 - moved 5 animals from property ID 1927 (farm) to property ID 92 (trader)
86,1932,796,DAY 26/01/2025 - moved 9 animals from property ID 1932 (farm) to property ID 796 (farm)
86,1942,1110,DAY 26/01/2025 - moved 3 animals from property ID 1942 (farm) to property ID 1110 (feedlot)
86,1948,572,DAY 26/01/2025 - moved 9 animals from property ID 1948 (farm) to property ID 572 (farm)
86,1953,524,DAY 26/01/2025 - moved 3 animals from property ID 1953 (farm) to property ID 524 (feedlot)
86,1976,70,DAY 26/01/2025 - moved 3 animals from property ID 1976 (farm) to property ID 70 (farm)
86,1980,92,DAY 26/01/2025 - moved 3 animals from property ID 1980 (farm) to property ID 92 (trader)
86,1989,1301,DAY 26/01/2025 - moved 2 animals from property ID 1989 (farm) to property ID 1301 (saleyard)
86,1998,964,DAY 26/01/2025 - moved 7 animals from property ID 1998 (farm) to property ID 964 (feedlot)
87,8,1355,DAY 27/01/2025 - moved 7 animals from property ID 8 (farm) to property ID 1355 (farm)
87,63,1301,DAY 27/01/2025 - moved 15 animals from property ID 63 (farm) to property ID 1301 (saleyard)
87,77,1110,DAY 27/01/2025 - moved 8 animals from property ID 77 (farm) to property ID 1110 (feedlot)
87,80,847,DAY 27/01/2025 - moved 2 animals from property ID 80 (farm) to property ID 847 (farm)
87,86,1610,DAY 27/01/2025 - moved 5 animals from property ID 86 (farm) to property ID 1610 (farm)
87,91,264,DAY 27/01/2025 - moved 4 animals from property ID 91 (farm) to property ID 264 (feedlot)
87,92,514,DAY 27/01/2025 - moved 22 animals from property ID 92 (trader) to property ID 514 (farm)
87,92,443,DAY 27/01/2025 - moved 22 animals from property ID 92 (trader) to property ID 443 (farm)
87,100,1301,DAY 27/01/2025 - moved 5 animals from property ID 100 (farm) to property ID 1301 (saleyard)
87,103,1956,DAY 27/01/2025 - moved 6 animals from property ID 103 (farm) to property ID 1956 (farm)
87,105,1666,DAY 27/01/2025 - moved 12 animals from property ID 105 (farm) to property ID 1666 (feedlot)
87,106,1479,DAY 27/01/2025 - moved 9 animals from property ID 106 (farm) to property ID 1479 (trader)
87,111,189,DAY 27/01/2025 - moved 3 animals from property ID 111 (farm) to property ID 189 (saleyard)
87,130,1389,DAY 27/01/2025 - moved 5 animals from property ID 130 (farm) to property ID 1389 (farm)
87,134,189,DAY 27/01/2025 - moved 8 animals from property ID 134 (farm) to property ID 189 (saleyard)
87,141,867,DAY 27/01/2025 - moved 10 animals from property ID 141 (farm) to property ID 867 (feedlot)
87,150,731,DAY 27/01/2025 - moved 11 animals from property ID 150 (farm) to property ID 731 (farm)
87,171,92,DAY 27/01/2025 - moved 7 animals from property ID 171 (farm) to property ID 92 (trader)
87,179,964,DAY 27/01/2025 - moved 4 animals from property ID 179 (farm) to property ID 964 (feedlot)
87,189,1546,DAY 27/01/2025 - moved 14 animals from property ID 189 (saleyard) to property ID 1546 (farm)
87,189,983,DAY 27/01/2025 - moved 14 animals from property ID 189 (saleyard) to property ID 983 (farm)
87,202,171,DAY 27/01/2025 - moved 5 animals from property ID 202 (farm) to property ID 171 (farm)
87,225,1109,DAY 27/01/2025 - moved 4 animals from property ID 225 (farm) to property ID 1109 (feedlot)
87,230,1273,DAY 27/01/2025 - moved 6 animals from property ID 230 (farm) to property ID 1273 (trader)
87,291,1074,DAY 27/01/2025 - moved 5 animals from property ID 291 (farm) to property ID 1074 (farm)
87,302,1273,DAY 27/01/2025 - moved 3 animals from property ID 302 (farm) to property ID 1273 (trader)
87,311,189,DAY 27/01/2025 - moved 2 animals from property ID 311 (farm) to property ID 189 (saleyard)
87,313,1615,DAY 27/01/2025 - moved 19 animals from property ID 313 (farm) to property ID 1615 (farm)
87,321,1109,DAY 27/01/2025 - moved 4 animals from property ID 321 (farm) to property ID 1109 (feedlot)
87,328,904,DAY 27/01/2025 - moved 5 animals from property ID 328 (farm) to property ID 904 (trader)
87,344,4,DAY 27/01/2025 - moved 10 animals from property ID 344 (farm) to property ID 4 (farm)
87,347,97,DAY 27/01/2025 - moved 2 animals from property ID 347 (farm) to property ID 97 (farm)
87,379,782,DAY 27/01/2025 - moved 3 animals from property ID 379 (farm) to property ID 782 (trader)
87,415,1109,DAY 27/01/2025 - moved 10 animals from property ID 415 (trader) to property ID 1109 (feedlot)
87,428,1809,DAY 27/01/2025 - moved 2 animals from property ID 428 (farm) to property ID 1809 (farm)
87,492,809,DAY 27/01/2025 - moved 8 animals from property ID 492 (farm) to property ID 809 (farm)
87,493,1218,DAY 27/01/2025 - moved 10 animals from property ID 493 (farm) to property ID 1218 (farm)
87,494,189,DAY 27/01/2025 - moved 5 animals from property ID 494 (farm) to property ID 189 (saleyard)
87,495,1119,DAY 27/01/2025 - moved 3 animals from property ID 495 (farm) to property ID 1119 (trader)
87,496,1634,DAY 27/01/2025 - moved 5 animals from property ID 496 (farm) to property ID 1634 (farm)
87,510,220,DAY 27/01/2025 - moved 2 animals from property ID 510 (farm) to property ID 220 (farm)
87,527,524,DAY 27/01/2025 - moved 2 animals from property ID 527 (farm) to property ID 524 (feedlot)
87,530,1110,DAY 27/01/2025 - moved 4 animals from property ID 530 (farm) to property ID 1110 (feedlot)
87,535,866,DAY 27/01/2025 - moved 30 animals from property ID 535 (farm) to property ID 866 (feedlot)
87,536,782,DAY 27/01/2025 - moved 28 animals from property ID 536 (farm) to property ID 782 (trader)
87,540,189,DAY 27/01/2025 - moved 6 animals from property ID 540 (farm) to property ID 189 (saleyard)
87,548,1981,DAY 27/01/2025 - moved 13 animals from property ID 548 (farm) to property ID 1981 (farm)
87,550,1197,DAY 27/01/2025 - moved 4 animals from property ID 550 (farm) to property ID 1197 (farm)
87,552,415,DAY 27/01/2025 - moved 1 animals from property ID 552 (farm) to property ID 415 (trader)
87,567,856,DAY 27/01/2025 - moved 3 animals from property ID 567 (farm) to property ID 856 (farm)
87,614,1273,DAY 27/01/2025 - moved 11 animals from property ID 614 (farm) to property ID 1273 (trader)
87,631,200,DAY 27/01/2025 - moved 13 animals from property ID 631 (farm) to property ID 200 (farm)
87,634,560,DAY 27/01/2025 - moved 3 animals from property ID 634 (farm) to property ID 560 (farm)
87,654,1479,DAY 27/01/2025 - moved 16 animals from property ID 654 (farm) to property ID 1479 (trader)
87,660,766,DAY 27/01/2025 - moved 13 animals from property ID 660 (farm) to property ID 766 (farm)
87,666,782,DAY 27/01/2025 - moved 25 animals from property ID 666 (farm) to property ID 782 (trader)
87,700,1964,DAY 27/01/2025 - moved 5 animals from property ID 700 (trader) to property ID 1964 (farm)
87,700,248,DAY 27/01/2025 - moved 6 animals from property ID 700 (trader) to property ID 248 (farm)
87,708,964,DAY 27/01/2025 - moved 12 animals from property ID 708 (farm) to property ID 964 (feedlot)
87,730,1907,DAY 27/01/2025 - moved 11 animals from property ID 730 (farm) to property ID 1907 (feedlot)
87,751,964,DAY 27/01/2025 - moved 5 animals from property ID 751 (farm) to property ID 964 (feedlot)
87,759,940,DAY 27/01/2025 - moved 6 animals from property ID 759 (farm) to property ID 940 (farm)
87,772,1011,DAY 27/01/2025 - moved 26 animals from property ID 772 (farm) to property ID 1011 (farm)
87,782,458,DAY 27/01/2025 - moved 49 animals from property ID 782 (trader) to property ID 458 (abbattoir)
87,791,247,DAY 27/01/2025 - moved 14 animals from property ID 791 (farm) to property ID 247 (farm)
87,799,117,DAY 27/01/2025 - moved 25 animals from property ID 799 (farm) to property ID 117 (farm)
87,808,1747,DAY 27/01/2025 - moved 5 animals from property ID 808 (farm) to property ID 1747 (farm)
87,822,736,DAY 27/01/2025 - moved 38 animals from property ID 822 (farm) to property ID 736 (farm)
87,834,1301,DAY 27/01/2025 - moved 4 animals from property ID 834 (farm) to property ID 1301 (saleyard)
87,842,838,DAY 27/01/2025 - moved 7 animals from property ID 842 (farm) to property ID 838 (farm)
87,843,1301,DAY 27/01/2025 - moved 3 animals from property ID 843 (farm) to property ID 1301 (saleyard)
87,852,431,DAY 27/01/2025 - moved 10 animals from property ID 852 (farm) to property ID 431 (farm)
87,873,1789,DAY 27/01/2025 - moved 18 animals from property ID 873 (farm) to property ID 1789 (farm)
87,886,1823,DAY 27/01/2025 - moved 14 animals from property ID 886 (farm) to property ID 1823 (trader)
87,891,1301,DAY 27/01/2025 - moved 7 animals from property ID 891 (farm) to property ID 1301 (saleyard)
87,904,1817,DAY 27/01/2025 - moved 3 animals from property ID 904 (trader) to property ID 1817 (farm)
87,904,264,DAY 27/01/2025 - moved 4 animals from property ID 904 (trader) to property ID 264 (feedlot)
87,904,264,DAY 27/01/2025 - moved 4 animals from property ID 904 (trader) to property ID 264 (feedlot)
87,916,1541,DAY 27/01/2025 - moved 3 animals from property ID 916 (farm) to property ID 1541 (farm)
87,970,1110,DAY 27/01/2025 - moved 4 animals from property ID 970 (farm) to property ID 1110 (feedlot)
87,980,1807,DAY 27/01/2025 - moved 12 animals from property ID 980 (farm) to property ID 1807 (farm)
87,981,700,DAY 27/01/2025 - moved 8 animals from property ID 981 (farm) to property ID 700 (trader)
87,983,189,DAY 27/01/2025 - moved 4 animals from property ID 983 (farm) to property ID 189 (saleyard)
87,986,1527,DAY 27/01/2025 - moved 5 animals from property ID 986 (farm) to property ID 1527 (farm)
87,989,758,DAY 27/01/2025 - moved 9 animals from property ID 989 (farm) to property ID 758 (feedlot)
87,1018,1273,DAY 27/01/2025 - moved 2 animals from property ID 1018 (farm) to property ID 1273 (trader)
87,1030,904,DAY 27/01/2025 - moved 2 animals from property ID 1030 (farm) to property ID 904 (trader)
87,1031,1666,DAY 27/01/2025 - moved 13 animals from property ID 1031 (farm) to property ID 1666 (feedlot)
87,1044,782,DAY 27/01/2025 - moved 15 animals from property ID 1044 (farm) to property ID 782 (trader)
87,1088,1953,DAY 27/01/2025 - moved 2 animals from property ID 1088 (farm) to property ID 1953 (farm)
87,1119,867,DAY 27/01/2025 - moved 16 animals from property ID 1119 (trader) to property ID 867 (feedlot)
87,1125,867,DAY 27/01/2025 - moved 5 animals from property ID 1125 (farm) to property ID 867 (feedlot)
87,1139,1666,DAY 27/01/2025 - moved 13 animals from property ID 1139 (farm) to property ID 1666 (feedlot)
87,1141,541,DAY 27/01/2025 - moved 4 animals from property ID 1141 (farm) to property ID 541 (farm)
87,1180,1301,DAY 27/01/2025 - moved 2 animals from property ID 1180 (farm) to property ID 1301 (saleyard)
87,1184,524,DAY 27/01/2025 - moved 8 animals from property ID 1184 (farm) to property ID 524 (feedlot)
87,1185,1666,DAY 27/01/2025 - moved 6 animals from property ID 1185 (farm) to property ID 1666 (feedlot)
87,1282,1317,DAY 27/01/2025 - moved 3 animals from property ID 1282 (farm) to property ID 1317 (farm)
87,1301,1119,DAY 27/01/2025 - moved 29 animals from property ID 1301 (saleyard) to property ID 1119 (trader)
87,1301,1119,DAY 27/01/2025 - moved 29 animals from property ID 1301 (saleyard) to property ID 1119 (trader)
87,1305,1741,DAY 27/01/2025 - moved 3 animals from property ID 1305 (farm) to property ID 1741 (farm)
87,1306,1081,DAY 27/01/2025 - moved 6 animals from property ID 1306 (farm) to property ID 1081 (farm)
87,1326,1725,DAY 27/01/2025 - moved 1 animals from property ID 1326 (farm) to property ID 1725 (farm)
87,1327,770,DAY 27/01/2025 - moved 4 animals from property ID 1327 (farm) to property ID 770 (farm)
87,1335,1812,DAY 27/01/2025 - moved 4 animals from property ID 1335 (farm) to property ID 1812 (farm)
87,1341,1301,DAY 27/01/2025 - moved 5 animals from property ID 1341 (farm) to property ID 1301 (saleyard)
87,1365,794,DAY 27/01/2025 - moved 5 animals from property ID 1365 (farm) to property ID 794 (farm)
87,1377,1273,DAY 27/01/2025 - moved 7 animals from property ID 1377 (farm) to property ID 1273 (trader)
87,1410,700,DAY 27/01/2025 - moved 5 animals from property ID 1410 (farm) to property ID 700 (trader)
87,1436,1823,DAY 27/01/2025 - moved 3 animals from property ID 1436 (farm) to property ID 1823 (trader)
87,1445,733,DAY 27/01/2025 - moved 12 animals from property ID 1445 (farm) to property ID 733 (farm)
87,1453,700,DAY 27/01/2025 - moved 22 animals from property ID 1453 (farm) to property ID 700 (trader)
87,1454,458,DAY 27/01/2025 - moved 22 animals from property ID 1454 (farm) to property ID 458 (abbattoir)
87,1459,106,DAY 27/01/2025 - moved 6 animals from property ID 1459 (farm) to property ID 106 (farm)
87,1471,297,DAY 27/01/2025 - moved 3 animals from property ID 1471 (farm) to property ID 297 (farm)
87,1476,1776,DAY 27/01/2025 - moved 7 animals from property ID 1476 (farm) to property ID 1776 (farm)
87,1479,479,DAY 27/01/2025 - moved 31 animals from property ID 1479 (trader) to property ID 479 (farm)
87,1479,1699,DAY 27/01/2025 - moved 31 animals from property ID 1479 (trader) to property ID 1699 (farm)
87,1496,694,DAY 27/01/2025 - moved 2 animals from property ID 1496 (farm) to property ID 694 (farm)
87,1510,1823,DAY 27/01/2025 - moved 13 animals from property ID 1510 (farm) to property ID 1823 (trader)
87,1529,1992,DAY 27/01/2025 - moved 4 animals from property ID 1529 (farm) to property ID 1992 (farm)
87,1539,92,DAY 27/01/2025 - moved 8 animals from property ID 1539 (farm) to property ID 92 (trader)
87,1545,1000,DAY 27/01/2025 - moved 3 animals from property ID 1545 (farm) to property ID 1000 (farm)
87,1546,1109,DAY 27/01/2025 - moved 5 animals from property ID 1546 (farm) to property ID 1109 (feedlot)
87,1581,1110,DAY 27/01/2025 - moved 3 animals from property ID 1581 (farm) to property ID 1110 (feedlot)
87,1647,866,DAY 27/01/2025 - moved 17 animals from property ID 1647 (farm) to property ID 866 (feedlot)
87,1699,1479,DAY 27/01/2025 - moved 15 animals from property ID 1699 (farm) to property ID 1479 (trader)
87,1705,1119,DAY 27/01/2025 - moved 2 animals from property ID 1705 (farm) to property ID 1119 (trader)
87,1712,1723,DAY 27/01/2025 - moved 3 animals from property ID 1712 (farm) to property ID 1723 (farm)
87,1738,281,DAY 27/01/2025 - moved 6 animals from property ID 1738 (farm) to property ID 281 (farm)
87,1778,904,DAY 27/01/2025 - moved 3 animals from property ID 1778 (farm) to property ID 904 (trader)
87,1781,264,DAY 27/01/2025 - moved 6 animals from property ID 1781 (farm) to property ID 264 (feedlot)
87,1782,1823,DAY 27/01/2025 - moved 6 animals from property ID 1782 (farm) to property ID 1823 (trader)
87,1789,264,DAY 27/01/2025 - moved 5 animals from property ID 1789 (farm) to property ID 264 (feedlot)
87,1793,866,DAY 27/01/2025 - moved 9 animals from property ID 1793 (farm) to property ID 866 (feedlot)
87,1798,28,DAY 27/01/2025 - moved 2 animals from property ID 1798 (farm) to property ID 28 (farm)
87,1803,715,DAY 27/01/2025 - moved 14 animals from property ID 1803 (farm) to property ID 715 (farm)
87,1804,1823,DAY 27/01/2025 - moved 12 animals from property ID 1804 (farm) to property ID 1823 (trader)
87,1839,355,DAY 27/01/2025 - moved 10 animals from property ID 1839 (farm) to property ID 355 (farm)
87,1889,1119,DAY 27/01/2025 - moved 4 animals from property ID 1889 (farm) to property ID 1119 (trader)
87,1916,1455,DAY 27/01/2025 - moved 20 animals from property ID 1916 (farm) to property ID 1455 (farm)
87,1917,782,DAY 27/01/2025 - moved 6 animals from property ID 1917 (farm) to property ID 782 (trader)
87,1931,92,DAY 27/01/2025 - moved 9 animals from property ID 1931 (farm) to property ID 92 (trader)
87,1943,20,DAY 27/01/2025 - moved 8 animals from property ID 1943 (farm) to property ID 20 (farm)
88,9,1483,DAY 28/01/2025 - moved 8 animals from property ID 9 (farm) to property ID 1483 (farm)
88,14,23,DAY 28/01/2025 - moved 6 animals from property ID 14 (farm) to property ID 23 (farm)
88,25,194,DAY 28/01/2025 - moved 15 animals from property ID 25 (farm) to property ID 194 (farm)
88,29,1857,DAY 28/01/2025 - moved 7 animals from property ID 29 (farm) to property ID 1857 (farm)
88,92,81,DAY 28/01/2025 - moved 14 animals from property ID 92 (trader) to property ID 81 (farm)
88,92,842,DAY 28/01/2025 - moved 13 animals from property ID 92 (trader) to property ID 842 (farm)
88,92,1696,DAY 28/01/2025 - moved 13 animals from property ID 92 (trader) to property ID 1696 (farm)
88,149,168,DAY 28/01/2025 - moved 2 animals from property ID 149 (farm) to property ID 168 (farm)
88,183,192,DAY 28/01/2025 - moved 3 animals from property ID 183 (farm) to property ID 192 (farm)
88,189,188,DAY 28/01/2025 - moved 7 animals from property ID 189 (saleyard) to property ID 188 (feedlot)
88,189,1109,DAY 28/01/2025 - moved 7 animals from property ID 189 (saleyard) to property ID 1109 (feedlot)
88,189,925,DAY 28/01/2025 - moved 7 animals from property ID 189 (saleyard) to property ID 925 (farm)
88,189,1002,DAY 28/01/2025 - moved 7 animals from property ID 189 (saleyard) to property ID 1002 (farm)
88,207,1638,DAY 28/01/2025 - moved 4 animals from property ID 207 (farm) to property ID 1638 (farm)
88,223,746,DAY 28/01/2025 - moved 1 animals from property ID 223 (farm) to property ID 746 (farm)
88,237,1252,DAY 28/01/2025 - moved 9 animals from property ID 237 (farm) to property ID 1252 (farm)
88,254,859,DAY 28/01/2025 - moved 3 animals from property ID 254 (farm) to property ID 859 (farm)
88,268,1251,DAY 28/01/2025 - moved 11 animals from property ID 268 (farm) to property ID 1251 (farm)
88,269,1301,DAY 28/01/2025 - moved 1 animals from property ID 269 (farm) to property ID 1301 (saleyard)
88,274,1119,DAY 28/01/2025 - moved 2 animals from property ID 274 (farm) to property ID 1119 (trader)
88,281,1907,DAY 28/01/2025 - moved 4 animals from property ID 281 (farm) to property ID 1907 (feedlot)
88,288,264,DAY 28/01/2025 - moved 2 animals from property ID 288 (farm) to property ID 264 (feedlot)
88,306,1823,DAY 28/01/2025 - moved 2 animals from property ID 306 (farm) to property ID 1823 (trader)
88,351,1479,DAY 28/01/2025 - moved 7 animals from property ID 351 (farm) to property ID 1479 (trader)
88,369,1109,DAY 28/01/2025 - moved 1 animals from property ID 369 (farm) to property ID 1109 (feedlot)
88,402,143,DAY 28/01/2025 - moved 2 animals from property ID 402 (farm) to property ID 143 (farm)
88,403,1770,DAY 28/01/2025 - moved 5 animals from property ID 403 (farm) to property ID 1770 (farm)
88,407,700,DAY 28/01/2025 - moved 7 animals from property ID 407 (farm) to property ID 700 (trader)
88,415,1794,DAY 28/01/2025 - moved 2 animals from property ID 415 (trader) to property ID 1794 (farm)
88,415,1109,DAY 28/01/2025 - moved 3 animals from property ID 415 (trader) to property ID 1109 (feedlot)
88,415,1109,DAY 28/01/2025 - moved 3 animals from property ID 415 (trader) to property ID 1109 (feedlot)
88,439,867,DAY 28/01/2025 - moved 2 animals from property ID 439 (farm) to property ID 867 (feedlot)
88,445,1907,DAY 28/01/2025 - moved 6 animals from property ID 445 (farm) to property ID 1907 (feedlot)
88,464,10,DAY 28/01/2025 - moved 4 animals from property ID 464 (farm) to property ID 10 (farm)
88,466,783,DAY 28/01/2025 - moved 4 animals from property ID 466 (farm) to property ID 783 (farm)
88,483,264,DAY 28/01/2025 - moved 11 animals from property ID 483 (farm) to property ID 264 (feedlot)
88,505,1119,DAY 28/01/2025 - moved 1 animals from property ID 505 (farm) to property ID 1119 (trader)
88,517,322,DAY 28/01/2025 - moved 6 animals from property ID 517 (farm) to property ID 322 (farm)
88,539,1301,DAY 28/01/2025 - moved 3 animals from property ID 539 (farm) to property ID 1301 (saleyard)
88,546,355,DAY 28/01/2025 - moved 8 animals from property ID 546 (farm) to property ID 355 (farm)
88,547,904,DAY 28/01/2025 - moved 4 animals from property ID 547 (farm) to property ID 904 (trader)
88,561,1711,DAY 28/01/2025 - moved 11 animals from property ID 561 (farm) to property ID 1711 (farm)
88,572,1698,DAY 28/01/2025 - moved 17 animals from property ID 572 (farm) to property ID 1698 (farm)
88,584,83,DAY 28/01/2025 - moved 41 animals from property ID 584 (farm) to property ID 83 (farm)
88,605,1823,DAY 28/01/2025 - moved 4 animals from property ID 605 (farm) to property ID 1823 (trader)
88,616,1640,DAY 28/01/2025 - moved 17 animals from property ID 616 (farm) to property ID 1640 (farm)
88,644,758,DAY 28/01/2025 - moved 5 animals from property ID 644 (farm) to property ID 758 (feedlot)
88,645,562,DAY 28/01/2025 - moved 22 animals from property ID 645 (farm) to property ID 562 (farm)
88,671,758,DAY 28/01/2025 - moved 5 animals from property ID 671 (farm) to property ID 758 (feedlot)
88,700,634,DAY 28/01/2025 - moved 6 animals from property ID 700 (trader) to property ID 634 (farm)
88,700,1030,DAY 28/01/2025 - moved 5 animals from property ID 700 (trader) to property ID 1030 (farm)
88,700,508,DAY 28/01/2025 - moved 5 animals from property ID 700 (trader) to property ID 508 (farm)
88,704,1150,DAY 28/01/2025 - moved 1 animals from property ID 704 (farm) to property ID 1150 (farm)
88,711,415,DAY 28/01/2025 - moved 3 animals from property ID 711 (farm) to property ID 415 (trader)
88,715,240,DAY 28/01/2025 - moved 15 animals from property ID 715 (farm) to property ID 240 (farm)
88,736,1230,DAY 28/01/2025 - moved 9 animals from property ID 736 (farm) to property ID 1230 (farm)
88,771,524,DAY 28/01/2025 - moved 1 animals from property ID 771 (farm) to property ID 524 (feedlot)
88,775,297,DAY 28/01/2025 - moved 3 animals from property ID 775 (farm) to property ID 297 (farm)
88,782,380,DAY 28/01/2025 - moved 55 animals from property ID 782 (trader) to property ID 380 (farm)
88,801,1301,DAY 28/01/2025 - moved 11 animals from property ID 801 (farm) to property ID 1301 (saleyard)
88,811,368,DAY 28/01/2025 - moved 7 animals from property ID 811 (farm) to property ID 368 (farm)
88,816,1110,DAY 28/01/2025 - moved 3 animals from property ID 816 (farm) to property ID 1110 (feedlot)
88,836,1119,DAY 28/01/2025 - moved 4 animals from property ID 836 (farm) to property ID 1119 (trader)
88,846,1341,DAY 28/01/2025 - moved 3 animals from property ID 846 (farm) to property ID 1341 (farm)
88,847,1110,DAY 28/01/2025 - moved 8 animals from property ID 847 (farm) to property ID 1110 (feedlot)
88,858,782,DAY 28/01/2025 - moved 5 animals from property ID 858 (farm) to property ID 782 (trader)
88,862,1301,DAY 28/01/2025 - moved 3 animals from property ID 862 (farm) to property ID 1301 (saleyard)
88,879,1604,DAY 28/01/2025 - moved 8 animals from property ID 879 (farm) to property ID 1604 (farm)
88,904,1110,DAY 28/01/2025 - moved 10 animals from property ID 904 (trader) to property ID 1110 (feedlot)
88,911,264,DAY 28/01/2025 - moved 7 animals from property ID 911 (farm) to property ID 264 (feedlot)
88,915,1694,DAY 28/01/2025 - moved 1 animals from property ID 915 (farm) to property ID 1694 (farm)
88,926,999,DAY 28/01/2025 - moved 2 animals from property ID 926 (farm) to property ID 999 (farm)
88,990,1823,DAY 28/01/2025 - moved 4 animals from property ID 990 (farm) to property ID 1823 (trader)
88,991,438,DAY 28/01/2025 - moved 4 animals from property ID 991 (farm) to property ID 438 (farm)
88,1000,1539,DAY 28/01/2025 - moved 3 animals from property ID 1000 (farm) to property ID 1539 (farm)
88,1002,1109,DAY 28/01/2025 - moved 3 animals from property ID 1002 (farm) to property ID 1109 (feedlot)
88,1013,373,DAY 28/01/2025 - moved 5 animals from property ID 1013 (farm) to property ID 373 (farm)
88,1022,1446,DAY 28/01/2025 - moved 53 animals from property ID 1022 (farm) to property ID 1446 (farm)
88,1029,383,DAY 28/01/2025 - moved 6 animals from property ID 1029 (farm) to property ID 383 (farm)
88,1032,1823,DAY 28/01/2025 - moved 7 animals from property ID 1032 (farm) to property ID 1823 (trader)
88,1033,1823,DAY 28/01/2025 - moved 9 animals from property ID 1033 (farm) to property ID 1823 (trader)
88,1055,782,DAY 28/01/2025 - moved 25 animals from property ID 1055 (farm) to property ID 782 (trader)
88,1085,943,DAY 28/01/2025 - moved 6 animals from property ID 1085 (farm) to property ID 943 (farm)
88,1119,856,DAY 28/01/2025 - moved 27 animals from property ID 1119 (trader) to property ID 856 (farm)
88,1121,1249,DAY 28/01/2025 - moved 9 animals from property ID 1121 (farm) to property ID 1249 (farm)
88,1128,1666,DAY 28/01/2025 - moved 5 animals from property ID 1128 (farm) to property ID 1666 (feedlot)
88,1145,106,DAY 28/01/2025 - moved 9 animals from property ID 1145 (farm) to property ID 106 (farm)
88,1175,1301,DAY 28/01/2025 - moved 4 animals from property ID 1175 (farm) to property ID 1301 (saleyard)
88,1192,1907,DAY 28/01/2025 - moved 1 animals from property ID 1192 (farm) to property ID 1907 (feedlot)
88,1205,867,DAY 28/01/2025 - moved 1 animals from property ID 1205 (farm) to property ID 867 (feedlot)
88,1209,1301,DAY 28/01/2025 - moved 2 animals from property ID 1209 (farm) to property ID 1301 (saleyard)
88,1229,1777,DAY 28/01/2025 - moved 4 animals from property ID 1229 (farm) to property ID 1777 (farm)
88,1239,1823,DAY 28/01/2025 - moved 8 animals from property ID 1239 (farm) to property ID 1823 (trader)
88,1244,867,DAY 28/01/2025 - moved 5 animals from property ID 1244 (farm) to property ID 867 (feedlot)
88,1250,1283,DAY 28/01/2025 - moved 7 animals from property ID 1250 (farm) to property ID 1283 (farm)
88,1262,68,DAY 28/01/2025 - moved 3 animals from property ID 1262 (farm) to property ID 68 (farm)
88,1272,458,DAY 28/01/2025 - moved 7 animals from property ID 1272 (farm) to property ID 458 (abbattoir)
88,1289,1301,DAY 28/01/2025 - moved 7 animals from property ID 1289 (farm) to property ID 1301 (saleyard)
88,1301,1579,DAY 28/01/2025 - moved 11 animals from property ID 1301 (saleyard) to property ID 1579 (farm)
88,1301,867,DAY 28/01/2025 - moved 11 animals from property ID 1301 (saleyard) to property ID 867 (feedlot)
88,1301,1119,DAY 28/01/2025 - moved 11 animals from property ID 1301 (saleyard) to property ID 1119 (trader)
88,1301,362,DAY 28/01/2025 - moved 11 animals from property ID 1301 (saleyard) to property ID 362 (farm)
88,1301,1961,DAY 28/01/2025 - moved 11 animals from property ID 1301 (saleyard) to property ID 1961 (farm)
88,1309,1119,DAY 28/01/2025 - moved 2 animals from property ID 1309 (farm) to property ID 1119 (trader)
88,1331,188,DAY 28/01/2025 - moved 5 animals from property ID 1331 (farm) to property ID 188 (feedlot)
88,1340,1894,DAY 28/01/2025 - moved 1 animals from property ID 1340 (farm) to property ID 1894 (farm)
88,1351,1301,DAY 28/01/2025 - moved 5 animals from property ID 1351 (farm) to property ID 1301 (saleyard)
88,1384,189,DAY 28/01/2025 - moved 9 animals from property ID 1384 (farm) to property ID 189 (saleyard)
88,1387,1666,DAY 28/01/2025 - moved 9 animals from property ID 1387 (farm) to property ID 1666 (feedlot)
88,1402,1301,DAY 28/01/2025 - moved 9 animals from property ID 1402 (farm) to property ID 1301 (saleyard)
88,1403,1273,DAY 28/01/2025 - moved 8 animals from property ID 1403 (farm) to property ID 1273 (trader)
88,1407,1301,DAY 28/01/2025 - moved 4 animals from property ID 1407 (farm) to property ID 1301 (saleyard)
88,1428,1666,DAY 28/01/2025 - moved 13 animals from property ID 1428 (farm) to property ID 1666 (feedlot)
88,1465,214,DAY 28/01/2025 - moved 7 animals from property ID 1465 (farm) to property ID 214 (farm)
88,1481,189,DAY 28/01/2025 - moved 2 animals from property ID 1481 (farm) to property ID 189 (saleyard)
88,1483,524,DAY 28/01/2025 - moved 8 animals from property ID 1483 (farm) to property ID 524 (feedlot)
88,1491,189,DAY 28/01/2025 - moved 6 animals from property ID 1491 (farm) to property ID 189 (saleyard)
88,1492,415,DAY 28/01/2025 - moved 2 animals from property ID 1492 (farm) to property ID 415 (trader)
88,1534,1666,DAY 28/01/2025 - moved 5 animals from property ID 1534 (farm) to property ID 1666 (feedlot)
88,1541,1062,DAY 28/01/2025 - moved 2 animals from property ID 1541 (farm) to property ID 1062 (farm)
88,1542,415,DAY 28/01/2025 - moved 3 animals from property ID 1542 (farm) to property ID 415 (trader)
88,1561,1420,DAY 28/01/2025 - moved 4 animals from property ID 1561 (farm) to property ID 1420 (farm)
88,1592,782,DAY 28/01/2025 - moved 16 animals from property ID 1592 (farm) to property ID 782 (trader)
88,1656,1815,DAY 28/01/2025 - moved 4 animals from property ID 1656 (farm) to property ID 1815 (farm)
88,1665,1274,DAY 28/01/2025 - moved 4 animals from property ID 1665 (farm) to property ID 1274 (farm)
88,1696,92,DAY 28/01/2025 - moved 3 animals from property ID 1696 (farm) to property ID 92 (trader)
88,1698,458,DAY 28/01/2025 - moved 23 animals from property ID 1698 (farm) to property ID 458 (abbattoir)
88,1765,700,DAY 28/01/2025 - moved 4 animals from property ID 1765 (farm) to property ID 700 (trader)
88,1795,1273,DAY 28/01/2025 - moved 2 animals from property ID 1795 (farm) to property ID 1273 (trader)
88,1823,947,DAY 28/01/2025 - moved 25 animals from property ID 1823 (trader) to property ID 947 (farm)
88,1823,1294,DAY 28/01/2025 - moved 26 animals from property ID 1823 (trader) to property ID 1294 (farm)
88,1836,1666,DAY 28/01/2025 - moved 13 animals from property ID 1836 (farm) to property ID 1666 (feedlot)
88,1848,1907,DAY 28/01/2025 - moved 23 animals from property ID 1848 (farm) to property ID 1907 (feedlot)
88,1852,1386,DAY 28/01/2025 - moved 4 animals from property ID 1852 (farm) to property ID 1386 (farm)
88,1888,1169,DAY 28/01/2025 - moved 15 animals from property ID 1888 (farm) to property ID 1169 (farm)
88,1894,1109,DAY 28/01/2025 - moved 4 animals from property ID 1894 (farm) to property ID 1109 (feedlot)
88,1908,356,DAY 28/01/2025 - moved 6 animals from property ID 1908 (farm) to property ID 356 (farm)
88,1911,1223,DAY 28/01/2025 - moved 9 animals from property ID 1911 (farm) to property ID 1223 (farm)
88,1937,415,DAY 28/01/2025 - moved 2 animals from property ID 1937 (farm) to property ID 415 (trader)
88,1999,866,DAY 28/01/2025 - moved 23 animals from property ID 1999 (farm) to property ID 866 (feedlot)
89,32,205,DAY 29/01/2025 - moved 1 animals from property ID 32 (farm) to property ID 205 (farm)
89,38,1371,DAY 29/01/2025 - moved 2 animals from property ID 38 (farm) to property ID 1371 (farm)
89,61,1336,DAY 29/01/2025 - moved 6 animals from property ID 61 (farm) to property ID 1336 (farm)
89,84,415,DAY 29/01/2025 - moved 2 animals from property ID 84 (farm) to property ID 415 (trader)
89,92,1666,DAY 29/01/2025 - moved 16 animals from property ID 92 (trader) to property ID 1666 (feedlot)
89,92,794,DAY 29/01/2025 - moved 16 animals from property ID 92 (trader) to property ID 794 (farm)
89,96,866,DAY 29/01/2025 - moved 2 animals from property ID 96 (farm) to property ID 866 (feedlot)
89,107,700,DAY 29/01/2025 - moved 6 animals from property ID 107 (farm) to property ID 700 (trader)
89,133,1823,DAY 29/01/2025 - moved 7 animals from property ID 133 (farm) to property ID 1823 (trader)
89,144,1301,DAY 29/01/2025 - moved 4 animals from property ID 144 (farm) to property ID 1301 (saleyard)
89,146,415,DAY 29/01/2025 - moved 4 animals from property ID 146 (farm) to property ID 415 (trader)
89,147,264,DAY 29/01/2025 - moved 6 animals from property ID 147 (farm) to property ID 264 (feedlot)
89,186,866,DAY 29/01/2025 - moved 6 animals from property ID 186 (farm) to property ID 866 (feedlot)
89,190,92,DAY 29/01/2025 - moved 3 animals from property ID 190 (farm) to property ID 92 (trader)
89,210,1126,DAY 29/01/2025 - moved 11 animals from property ID 210 (farm) to property ID 1126 (farm)
89,220,609,DAY 29/01/2025 - moved 2 animals from property ID 220 (farm) to property ID 609 (farm)
89,244,92,DAY 29/01/2025 - moved 4 animals from property ID 244 (farm) to property ID 92 (trader)
89,283,1656,DAY 29/01/2025 - moved 10 animals from property ID 283 (farm) to property ID 1656 (farm)
89,287,1273,DAY 29/01/2025 - moved 3 animals from property ID 287 (farm) to property ID 1273 (trader)
89,353,188,DAY 29/01/2025 - moved 1 animals from property ID 353 (farm) to property ID 188 (feedlot)
89,361,1099,DAY 29/01/2025 - moved 6 animals from property ID 361 (farm) to property ID 1099 (farm)
89,383,92,DAY 29/01/2025 - moved 10 animals from property ID 383 (farm) to property ID 92 (trader)
89,388,92,DAY 29/01/2025 - moved 4 animals from property ID 388 (farm) to property ID 92 (trader)
89,398,664,DAY 29/01/2025 - moved 15 animals from property ID 398 (farm) to property ID 664 (farm)
89,408,1459,DAY 29/01/2025 - moved 14 animals from property ID 408 (farm) to property ID 1459 (farm)
89,415,1301,DAY 29/01/2025 - moved 8 animals from property ID 415 (trader) to property ID 1301 (saleyard)
89,450,968,DAY 29/01/2025 - moved 5 animals from property ID 450 (farm) to property ID 968 (farm)
89,451,1255,DAY 29/01/2025 - moved 6 animals from property ID 451 (farm) to property ID 1255 (farm)
89,456,1301,DAY 29/01/2025 - moved 6 animals from property ID 456 (farm) to property ID 1301 (saleyard)
89,479,409,DAY 29/01/2025 - moved 25 animals from property ID 479 (farm) to property ID 409 (farm)
89,487,398,DAY 29/01/2025 - moved 27 animals from property ID 487 (farm) to property ID 398 (farm)
89,526,1718,DAY 29/01/2025 - moved 6 animals from property ID 526 (farm) to property ID 1718 (farm)
89,600,1273,DAY 29/01/2025 - moved 1 animals from property ID 600 (farm) to property ID 1273 (trader)
89,618,1789,DAY 29/01/2025 - moved 13 animals from property ID 618 (farm) to property ID 1789 (farm)
89,636,1273,DAY 29/01/2025 - moved 8 animals from property ID 636 (farm) to property ID 1273 (trader)
89,675,1479,DAY 29/01/2025 - moved 8 animals from property ID 675 (farm) to property ID 1479 (trader)
89,700,1109,DAY 29/01/2025 - moved 5 animals from property ID 700 (trader) to property ID 1109 (feedlot)
89,700,1110,DAY 29/01/2025 - moved 5 animals from property ID 700 (trader) to property ID 1110 (feedlot)
89,700,1930,DAY 29/01/2025 - moved 5 animals from property ID 700 (trader) to property ID 1930 (farm)
89,710,1532,DAY 29/01/2025 - moved 4 animals from property ID 710 (farm) to property ID 1532 (farm)
89,737,1666,DAY 29/01/2025 - moved 4 animals from property ID 737 (farm) to property ID 1666 (feedlot)
89,741,791,DAY 29/01/2025 - moved 3 animals from property ID 741 (farm) to property ID 791 (farm)
89,762,118,DAY 29/01/2025 - moved 15 animals from property ID 762 (farm) to property ID 118 (farm)
89,769,1110,DAY 29/01/2025 - moved 5 animals from property ID 769 (farm) to property ID 1110 (feedlot)
89,782,1932,DAY 29/01/2025 - moved 53 animals from property ID 782 (trader) to property ID 1932 (farm)
89,783,1907,DAY 29/01/2025 - moved 17 animals from property ID 783 (farm) to property ID 1907 (feedlot)
89,797,1301,DAY 29/01/2025 - moved 5 animals from property ID 797 (farm) to property ID 1301 (saleyard)
89,859,1273,DAY 29/01/2025 - moved 5 animals from property ID 859 (farm) to property ID 1273 (trader)
89,861,415,DAY 29/01/2025 - moved 14 animals from property ID 861 (farm) to property ID 415 (trader)
89,878,1666,DAY 29/01/2025 - moved 9 animals from property ID 878 (farm) to property ID 1666 (feedlot)
89,887,786,DAY 29/01/2025 - moved 11 animals from property ID 887 (farm) to property ID 786 (farm)
89,897,1823,DAY 29/01/2025 - moved 7 animals from property ID 897 (farm) to property ID 1823 (trader)
89,904,700,DAY 29/01/2025 - moved 9 animals from property ID 904 (trader) to property ID 700 (trader)
89,918,92,DAY 29/01/2025 - moved 7 animals from property ID 918 (farm) to property ID 92 (trader)
89,927,811,DAY 29/01/2025 - moved 3 animals from property ID 927 (farm) to property ID 811 (farm)
89,929,700,DAY 29/01/2025 - moved 13 animals from property ID 929 (farm) to property ID 700 (trader)
89,949,1301,DAY 29/01/2025 - moved 7 animals from property ID 949 (farm) to property ID 1301 (saleyard)
89,1015,1666,DAY 29/01/2025 - moved 4 animals from property ID 1015 (farm) to property ID 1666 (feedlot)
89,1042,1666,DAY 29/01/2025 - moved 7 animals from property ID 1042 (farm) to property ID 1666 (feedlot)
89,1108,1301,DAY 29/01/2025 - moved 2 animals from property ID 1108 (farm) to property ID 1301 (saleyard)
89,1119,890,DAY 29/01/2025 - moved 13 animals from property ID 1119 (trader) to property ID 890 (farm)
89,1119,867,DAY 29/01/2025 - moved 12 animals from property ID 1119 (trader) to property ID 867 (feedlot)
89,1127,1301,DAY 29/01/2025 - moved 2 animals from property ID 1127 (farm) to property ID 1301 (saleyard)
89,1146,1061,DAY 29/01/2025 - moved 4 animals from property ID 1146 (farm) to property ID 1061 (farm)
89,1167,700,DAY 29/01/2025 - moved 1 animals from property ID 1167 (farm) to property ID 700 (trader)
89,1170,1150,DAY 29/01/2025 - moved 2 animals from property ID 1170 (farm) to property ID 1150 (farm)
89,1172,843,DAY 29/01/2025 - moved 3 animals from property ID 1172 (farm) to property ID 843 (farm)
89,1194,1479,DAY 29/01/2025 - moved 11 animals from property ID 1194 (farm) to property ID 1479 (trader)
89,1195,92,DAY 29/01/2025 - moved 10 animals from property ID 1195 (farm) to property ID 92 (trader)
89,1206,230,DAY 29/01/2025 - moved 2 animals from property ID 1206 (farm) to property ID 230 (farm)
89,1207,92,DAY 29/01/2025 - moved 4 animals from property ID 1207 (farm) to property ID 92 (trader)
89,1212,1471,DAY 29/01/2025 - moved 2 animals from property ID 1212 (farm) to property ID 1471 (farm)
89,1218,782,DAY 29/01/2025 - moved 11 animals from property ID 1218 (farm) to property ID 782 (trader)
89,1221,378,DAY 29/01/2025 - moved 9 animals from property ID 1221 (farm) to property ID 378 (farm)
89,1247,1387,DAY 29/01/2025 - moved 9 animals from property ID 1247 (farm) to property ID 1387 (farm)
89,1260,867,DAY 29/01/2025 - moved 12 animals from property ID 1260 (farm) to property ID 867 (feedlot)
89,1279,102,DAY 29/01/2025 - moved 14 animals from property ID 1279 (farm) to property ID 102 (farm)
89,1317,866,DAY 29/01/2025 - moved 38 animals from property ID 1317 (farm) to property ID 866 (feedlot)
89,1325,264,DAY 29/01/2025 - moved 5 animals from property ID 1325 (farm) to property ID 264 (feedlot)
89,1354,148,DAY 29/01/2025 - moved 4 animals from property ID 1354 (farm) to property ID 148 (farm)
89,1368,1228,DAY 29/01/2025 - moved 1 animals from property ID 1368 (farm) to property ID 1228 (farm)
89,1409,1823,DAY 29/01/2025 - moved 4 animals from property ID 1409 (farm) to property ID 1823 (trader)
89,1432,1823,DAY 29/01/2025 - moved 5 animals from property ID 1432 (farm) to property ID 1823 (trader)
89,1448,1273,DAY 29/01/2025 - moved 3 animals from property ID 1448 (farm) to property ID 1273 (trader)
89,1451,616,DAY 29/01/2025 - moved 15 animals from property ID 1451 (farm) to property ID 616 (farm)
89,1460,782,DAY 29/01/2025 - moved 8 animals from property ID 1460 (farm) to property ID 782 (trader)
89,1479,758,DAY 29/01/2025 - moved 59 animals from property ID 1479 (trader) to property ID 758 (feedlot)
89,1494,866,DAY 29/01/2025 - moved 4 animals from property ID 1494 (farm) to property ID 866 (feedlot)
89,1501,867,DAY 29/01/2025 - moved 2 animals from property ID 1501 (farm) to property ID 867 (feedlot)
89,1515,1301,DAY 29/01/2025 - moved 6 animals from property ID 1515 (farm) to property ID 1301 (saleyard)
89,1525,1907,DAY 29/01/2025 - moved 25 animals from property ID 1525 (farm) to property ID 1907 (feedlot)
89,1530,1273,DAY 29/01/2025 - moved 3 animals from property ID 1530 (farm) to property ID 1273 (trader)
89,1548,1952,DAY 29/01/2025 - moved 3 animals from property ID 1548 (farm) to property ID 1952 (farm)
89,1579,1301,DAY 29/01/2025 - moved 4 animals from property ID 1579 (farm) to property ID 1301 (saleyard)
89,1637,1250,DAY 29/01/2025 - moved 20 animals from property ID 1637 (farm) to property ID 1250 (farm)
89,1640,1218,DAY 29/01/2025 - moved 4 animals from property ID 1640 (farm) to property ID 1218 (farm)
89,1645,1632,DAY 29/01/2025 - moved 3 animals from property ID 1645 (farm) to property ID 1632 (farm)
89,1654,844,DAY 29/01/2025 - moved 2 animals from property ID 1654 (farm) to property ID 844 (farm)
89,1676,428,DAY 29/01/2025 - moved 5 animals from property ID 1676 (farm) to property ID 428 (farm)
89,1694,557,DAY 29/01/2025 - moved 1 animals from property ID 1694 (farm) to property ID 557 (farm)
89,1715,1823,DAY 29/01/2025 - moved 5 animals from property ID 1715 (farm) to property ID 1823 (trader)
89,1718,458,DAY 29/01/2025 - moved 5 animals from property ID 1718 (farm) to property ID 458 (abbattoir)
89,1727,1823,DAY 29/01/2025 - moved 6 animals from property ID 1727 (farm) to property ID 1823 (trader)
89,1731,866,DAY 29/01/2025 - moved 6 animals from property ID 1731 (farm) to property ID 866 (feedlot)
89,1792,1457,DAY 29/01/2025 - moved 3 animals from property ID 1792 (farm) to property ID 1457 (farm)
89,1814,964,DAY 29/01/2025 - moved 5 animals from property ID 1814 (farm) to property ID 964 (feedlot)
89,1823,222,DAY 29/01/2025 - moved 23 animals from property ID 1823 (trader) to property ID 222 (farm)
89,1823,1301,DAY 29/01/2025 - moved 24 animals from property ID 1823 (trader) to property ID 1301 (saleyard)
89,1824,1496,DAY 29/01/2025 - moved 78 animals from property ID 1824 (farm) to property ID 1496 (farm)
89,1828,1907,DAY 29/01/2025 - moved 8 animals from property ID 1828 (farm) to property ID 1907 (feedlot)
89,1841,1134,DAY 29/01/2025 - moved 9 animals from property ID 1841 (farm) to property ID 1134 (farm)
89,1872,1141,DAY 29/01/2025 - moved 9 animals from property ID 1872 (farm) to property ID 1141 (farm)
89,1885,1454,DAY 29/01/2025 - moved 24 animals from property ID 1885 (farm) to property ID 1454 (farm)
89,1895,1492,DAY 29/01/2025 - moved 2 animals from property ID 1895 (farm) to property ID 1492 (farm)
89,1902,188,DAY 29/01/2025 - moved 2 animals from property ID 1902 (farm) to property ID 188 (feedlot)
89,1904,1273,DAY 29/01/2025 - moved 2 animals from property ID 1904 (farm) to property ID 1273 (trader)
89,1905,541,DAY 29/01/2025 - moved 3 animals from property ID 1905 (farm) to property ID 541 (farm)
89,1938,810,DAY 29/01/2025 - moved 4 animals from property ID 1938 (farm) to property ID 810 (farm)
89,1941,866,DAY 29/01/2025 - moved 4 animals from property ID 1941 (farm) to property ID 866 (feedlot)
89,1956,1112,DAY 29/01/2025 - moved 16 animals from property ID 1956 (farm) to property ID 1112 (farm)
89,1969,92,DAY 29/01/2025 - moved 4 animals from property ID 1969 (farm) to property ID 92 (trader)
89,1975,1256,DAY 29/01/2025 - moved 4 animals from property ID 1975 (farm) to property ID 1256 (farm)
89,1981,782,DAY 29/01/2025 - moved 22 animals from property ID 1981 (farm) to property ID 782 (trader)
89,1984,1715,DAY 29/01/2025 - moved 1 animals from property ID 1984 (farm) to property ID 1715 (farm)
90,5,1080,DAY 30/01/2025 - moved 7 animals from property ID 5 (farm) to property ID 1080 (farm)
90,10,1666,DAY 30/01/2025 - moved 16 animals from property ID 10 (farm) to property ID 1666 (feedlot)
90,19,782,DAY 30/01/2025 - moved 12 animals from property ID 19 (farm) to property ID 782 (trader)
90,54,1479,DAY 30/01/2025 - moved 8 animals from property ID 54 (farm) to property ID 1479 (trader)
90,55,805,DAY 30/01/2025 - moved 5 animals from property ID 55 (farm) to property ID 805 (farm)
90,56,1119,DAY 30/01/2025 - moved 4 animals from property ID 56 (farm) to property ID 1119 (trader)
90,75,1172,DAY 30/01/2025 - moved 4 animals from property ID 75 (farm) to property ID 1172 (farm)
90,92,507,DAY 30/01/2025 - moved 17 animals from property ID 92 (trader) to property ID 507 (farm)
90,92,1619,DAY 30/01/2025 - moved 18 animals from property ID 92 (trader) to property ID 1619 (farm)
90,93,1873,DAY 30/01/2025 - moved 3 animals from property ID 93 (farm) to property ID 1873 (farm)
90,101,413,DAY 30/01/2025 - moved 4 animals from property ID 101 (farm) to property ID 413 (farm)
90,108,867,DAY 30/01/2025 - moved 3 animals from property ID 108 (farm) to property ID 867 (feedlot)
90,128,1479,DAY 30/01/2025 - moved 2 animals from property ID 128 (farm) to property ID 1479 (trader)
90,129,92,DAY 30/01/2025 - moved 3 animals from property ID 129 (farm) to property ID 92 (trader)
90,137,1364,DAY 30/01/2025 - moved 7 animals from property ID 137 (farm) to property ID 1364 (farm)
90,140,700,DAY 30/01/2025 - moved 6 animals from property ID 140 (farm) to property ID 700 (trader)
90,142,458,DAY 30/01/2025 - moved 13 animals from property ID 142 (farm) to property ID 458 (abbattoir)
90,166,1422,DAY 30/01/2025 - moved 6 animals from property ID 166 (farm) to property ID 1422 (farm)
90,170,809,DAY 30/01/2025 - moved 7 animals from property ID 170 (farm) to property ID 809 (farm)
90,189,1069,DAY 30/01/2025 - moved 26 animals from property ID 189 (saleyard) to property ID 1069 (farm)
90,192,736,DAY 30/01/2025 - moved 4 animals from property ID 192 (farm) to property ID 736 (farm)
90,214,1353,DAY 30/01/2025 - moved 25 animals from property ID 214 (farm) to property ID 1353 (farm)
90,229,1273,DAY 30/01/2025 - moved 8 animals from property ID 229 (farm) to property ID 1273 (trader)
90,234,1096,DAY 30/01/2025 - moved 11 animals from property ID 234 (farm) to property ID 1096 (farm)
90,247,1963,DAY 30/01/2025 - moved 11 animals from property ID 247 (farm) to property ID 1963 (farm)
90,255,1560,DAY 30/01/2025 - moved 6 animals from property ID 255 (farm) to property ID 1560 (farm)
90,265,904,DAY 30/01/2025 - moved 10 animals from property ID 265 (farm) to property ID 904 (trader)
90,275,534,DAY 30/01/2025 - moved 12 animals from property ID 275 (farm) to property ID 534 (farm)
90,279,1792,DAY 30/01/2025 - moved 1 animals from property ID 279 (farm) to property ID 1792 (farm)
90,325,1479,DAY 30/01/2025 - moved 14 animals from property ID 325 (farm) to property ID 1479 (trader)
90,364,92,DAY 30/01/2025 - moved 6 animals from property ID 364 (farm) to property ID 92 (trader)
90,368,13,DAY 30/01/2025 - moved 5 animals from property ID 368 (farm) to property ID 13 (farm)
90,395,1823,DAY 30/01/2025 - moved 24 animals from property ID 395 (farm) to property ID 1823 (trader)
90,405,1869,DAY 30/01/2025 - moved 14 animals from property ID 405 (farm) to property ID 1869 (farm)
90,415,188,DAY 30/01/2025 - moved 5 animals from property ID 415 (trader) to property ID 188 (feedlot)
90,415,334,DAY 30/01/2025 - moved 6 animals from property ID 415 (trader) to property ID 334 (farm)
90,423,758,DAY 30/01/2025 - moved 11 animals from property ID 423 (farm) to property ID 758 (feedlot)
90,435,524,DAY 30/01/2025 - moved 9 animals from property ID 435 (farm) to property ID 524 (feedlot)
90,446,1770,DAY 30/01/2025 - moved 13 animals from property ID 446 (farm) to property ID 1770 (farm)
90,455,700,DAY 30/01/2025 - moved 7 animals from property ID 455 (farm) to property ID 700 (trader)
90,460,1301,DAY 30/01/2025 - moved 2 animals from property ID 460 (farm) to property ID 1301 (saleyard)
90,481,1109,DAY 30/01/2025 - moved 3 animals from property ID 481 (farm) to property ID 1109 (feedlot)
90,499,264,DAY 30/01/2025 - moved 2 animals from property ID 499 (farm) to property ID 264 (feedlot)
90,560,1384,DAY 30/01/2025 - moved 4 animals from property ID 560 (farm) to property ID 1384 (farm)
90,624,29,DAY 30/01/2025 - moved 2 animals from property ID 624 (farm) to property ID 29 (farm)
90,632,158,DAY 30/01/2025 - moved 2 animals from property ID 632 (farm) to property ID 158 (farm)
90,633,188,DAY 30/01/2025 - moved 3 animals from property ID 633 (farm) to property ID 188 (feedlot)
90,686,758,DAY 30/01/2025 - moved 6 animals from property ID 686 (farm) to property ID 758 (feedlot)
90,700,904,DAY 30/01/2025 - moved 6 animals from property ID 700 (trader) to property ID 904 (trader)
90,700,847,DAY 30/01/2025 - moved 6 animals from property ID 700 (trader) to property ID 847 (farm)
90,700,188,DAY 30/01/2025 - moved 6 animals from property ID 700 (trader) to property ID 188 (feedlot)
90,707,308,DAY 30/01/2025 - moved 2 animals from property ID 707 (farm) to property ID 308 (farm)
90,733,1119,DAY 30/01/2025 - moved 6 animals from property ID 733 (farm) to property ID 1119 (trader)
90,764,866,DAY 30/01/2025 - moved 15 animals from property ID 764 (farm) to property ID 866 (feedlot)
90,782,249,DAY 30/01/2025 - moved 51 animals from property ID 782 (trader) to property ID 249 (farm)
90,795,1479,DAY 30/01/2025 - moved 7 animals from property ID 795 (farm) to property ID 1479 (trader)
90,804,30,DAY 30/01/2025 - moved 2 animals from property ID 804 (farm) to property ID 30 (farm)
90,807,867,DAY 30/01/2025 - moved 1 animals from property ID 807 (farm) to property ID 867 (feedlot)
90,814,409,DAY 30/01/2025 - moved 16 animals from property ID 814 (farm) to property ID 409 (farm)
90,820,189,DAY 30/01/2025 - moved 5 animals from property ID 820 (farm) to property ID 189 (saleyard)
90,824,1301,DAY 30/01/2025 - moved 10 animals from property ID 824 (farm) to property ID 1301 (saleyard)
90,890,1109,DAY 30/01/2025 - moved 2 animals from property ID 890 (farm) to property ID 1109 (feedlot)
90,893,1119,DAY 30/01/2025 - moved 1 animals from property ID 893 (farm) to property ID 1119 (trader)
90,903,700,DAY 30/01/2025 - moved 5 animals from property ID 903 (farm) to property ID 700 (trader)
90,904,1263,DAY 30/01/2025 - moved 3 animals from property ID 904 (trader) to property ID 1263 (farm)
90,904,156,DAY 30/01/2025 - moved 2 animals from property ID 904 (trader) to property ID 156 (farm)
90,904,1529,DAY 30/01/2025 - moved 2 animals from property ID 904 (trader) to property ID 1529 (farm)
90,922,964,DAY 30/01/2025 - moved 43 animals from property ID 922 (farm) to property ID 964 (feedlot)
90,928,1698,DAY 30/01/2025 - moved 7 animals from property ID 928 (farm) to property ID 1698 (farm)
90,943,92,DAY 30/01/2025 - moved 7 animals from property ID 943 (farm) to property ID 92 (trader)
90,947,1301,DAY 30/01/2025 - moved 7 animals from property ID 947 (farm) to property ID 1301 (saleyard)
90,950,448,DAY 30/01/2025 - moved 3 animals from property ID 950 (farm) to property ID 448 (farm)
90,967,1273,DAY 30/01/2025 - moved 9 animals from property ID 967 (farm) to property ID 1273 (trader)
90,985,189,DAY 30/01/2025 - moved 6 animals from property ID 985 (farm) to property ID 189 (saleyard)
90,993,1333,DAY 30/01/2025 - moved 3 animals from property ID 993 (farm) to property ID 1333 (farm)
90,1020,450,DAY 30/01/2025 - moved 14 animals from property ID 1020 (farm) to property ID 450 (farm)
90,1028,1369,DAY 30/01/2025 - moved 5 animals from property ID 1028 (farm) to property ID 1369 (farm)
90,1063,1301,DAY 30/01/2025 - moved 3 animals from property ID 1063 (farm) to property ID 1301 (saleyard)
90,1069,946,DAY 30/01/2025 - moved 3 animals from property ID 1069 (farm) to property ID 946 (farm)
90,1078,758,DAY 30/01/2025 - moved 16 animals from property ID 1078 (farm) to property ID 758 (feedlot)
90,1083,1301,DAY 30/01/2025 - moved 1 animals from property ID 1083 (farm) to property ID 1301 (saleyard)
90,1084,1263,DAY 30/01/2025 - moved 3 animals from property ID 1084 (farm) to property ID 1263 (farm)
90,1097,534,DAY 30/01/2025 - moved 3 animals from property ID 1097 (farm) to property ID 534 (farm)
90,1112,1886,DAY 30/01/2025 - moved 7 animals from property ID 1112 (farm) to property ID 1886 (farm)
90,1119,532,DAY 30/01/2025 - moved 6 animals from property ID 1119 (trader) to property ID 532 (farm)
90,1119,685,DAY 30/01/2025 - moved 7 animals from property ID 1119 (trader) to property ID 685 (farm)
90,1119,867,DAY 30/01/2025 - moved 7 animals from property ID 1119 (trader) to property ID 867 (feedlot)
90,1123,1301,DAY 30/01/2025 - moved 3 animals from property ID 1123 (farm) to property ID 1301 (saleyard)
90,1140,210,DAY 30/01/2025 - moved 3 animals from property ID 1140 (farm) to property ID 210 (farm)
90,1147,782,DAY 30/01/2025 - moved 27 animals from property ID 1147 (farm) to property ID 782 (trader)
90,1151,758,DAY 30/01/2025 - moved 1 animals from property ID 1151 (farm) to property ID 758 (feedlot)
90,1158,110,DAY 30/01/2025 - moved 7 animals from property ID 1158 (farm) to property ID 110 (farm)
90,1168,1273,DAY 30/01/2025 - moved 3 animals from property ID 1168 (farm) to property ID 1273 (trader)
90,1174,1919,DAY 30/01/2025 - moved 4 animals from property ID 1174 (farm) to property ID 1919 (farm)
90,1181,782,DAY 30/01/2025 - moved 19 animals from property ID 1181 (farm) to property ID 782 (trader)
90,1182,867,DAY 30/01/2025 - moved 6 animals from property ID 1182 (farm) to property ID 867 (feedlot)
90,1215,1301,DAY 30/01/2025 - moved 2 animals from property ID 1215 (farm) to property ID 1301 (saleyard)
90,1238,1194,DAY 30/01/2025 - moved 19 animals from property ID 1238 (farm) to property ID 1194 (farm)
90,1242,111,DAY 30/01/2025 - moved 3 animals from property ID 1242 (farm) to property ID 111 (farm)
90,1251,758,DAY 30/01/2025 - moved 11 animals from property ID 1251 (farm) to property ID 758 (feedlot)
90,1261,19,DAY 30/01/2025 - moved 12 animals from property ID 1261 (farm) to property ID 19 (farm)
90,1263,700,DAY 30/01/2025 - moved 1 animals from property ID 1263 (farm) to property ID 700 (trader)
90,1273,1751,DAY 30/01/2025 - moved 19 animals from property ID 1273 (trader) to property ID 1751 (farm)
90,1273,1843,DAY 30/01/2025 - moved 18 animals from property ID 1273 (trader) to property ID 1843 (farm)
90,1288,773,DAY 30/01/2025 - moved 6 animals from property ID 1288 (farm) to property ID 773 (farm)
90,1293,1666,DAY 30/01/2025 - moved 8 animals from property ID 1293 (farm) to property ID 1666 (feedlot)
90,1296,328,DAY 30/01/2025 - moved 3 animals from property ID 1296 (farm) to property ID 328 (farm)
90,1301,1989,DAY 30/01/2025 - moved 12 animals from property ID 1301 (saleyard) to property ID 1989 (farm)
90,1301,415,DAY 30/01/2025 - moved 11 animals from property ID 1301 (saleyard) to property ID 415 (trader)
90,1301,1299,DAY 30/01/2025 - moved 11 animals from property ID 1301 (saleyard) to property ID 1299 (farm)
90,1301,1289,DAY 30/01/2025 - moved 11 animals from property ID 1301 (saleyard) to property ID 1289 (farm)
90,1301,1834,DAY 30/01/2025 - moved 11 animals from property ID 1301 (saleyard) to property ID 1834 (farm)
90,1301,1895,DAY 30/01/2025 - moved 11 animals from property ID 1301 (saleyard) to property ID 1895 (farm)
90,1315,1301,DAY 30/01/2025 - moved 1 animals from property ID 1315 (farm) to property ID 1301 (saleyard)
90,1322,866,DAY 30/01/2025 - moved 4 animals from property ID 1322 (farm) to property ID 866 (feedlot)
90,1334,188,DAY 30/01/2025 - moved 4 animals from property ID 1334 (farm) to property ID 188 (feedlot)
90,1394,958,DAY 30/01/2025 - moved 8 animals from property ID 1394 (farm) to property ID 958 (farm)
90,1446,782,DAY 30/01/2025 - moved 9 animals from property ID 1446 (farm) to property ID 782 (trader)
90,1455,782,DAY 30/01/2025 - moved 19 animals from property ID 1455 (farm) to property ID 782 (trader)
90,1468,334,DAY 30/01/2025 - moved 3 animals from property ID 1468 (farm) to property ID 334 (farm)
90,1474,976,DAY 30/01/2025 - moved 4 animals from property ID 1474 (farm) to property ID 976 (farm)
90,1479,1194,DAY 30/01/2025 - moved 17 animals from property ID 1479 (trader) to property ID 1194 (farm)
90,1479,675,DAY 30/01/2025 - moved 17 animals from property ID 1479 (trader) to property ID 675 (farm)
90,1479,1634,DAY 30/01/2025 - moved 17 animals from property ID 1479 (trader) to property ID 1634 (farm)
90,1537,1109,DAY 30/01/2025 - moved 6 animals from property ID 1537 (farm) to property ID 1109 (feedlot)
90,1552,1353,DAY 30/01/2025 - moved 7 animals from property ID 1552 (farm) to property ID 1353 (farm)
90,1560,1730,DAY 30/01/2025 - moved 6 animals from property ID 1560 (farm) to property ID 1730 (farm)
90,1584,1907,DAY 30/01/2025 - moved 9 animals from property ID 1584 (farm) to property ID 1907 (feedlot)
90,1610,1655,DAY 30/01/2025 - moved 4 animals from property ID 1610 (farm) to property ID 1655 (farm)
90,1613,814,DAY 30/01/2025 - moved 11 animals from property ID 1613 (farm) to property ID 814 (farm)
90,1649,415,DAY 30/01/2025 - moved 5 animals from property ID 1649 (farm) to property ID 415 (trader)
90,1682,904,DAY 30/01/2025 - moved 4 animals from property ID 1682 (farm) to property ID 904 (trader)
90,1693,1100,DAY 30/01/2025 - moved 23 animals from property ID 1693 (farm) to property ID 1100 (farm)
90,1704,398,DAY 30/01/2025 - moved 18 animals from property ID 1704 (farm) to property ID 398 (farm)
90,1726,932,DAY 30/01/2025 - moved 44 animals from property ID 1726 (farm) to property ID 932 (farm)
90,1730,1878,DAY 30/01/2025 - moved 1 animals from property ID 1730 (farm) to property ID 1878 (farm)
90,1796,415,DAY 30/01/2025 - moved 3 animals from property ID 1796 (farm) to property ID 415 (trader)
90,1817,700,DAY 30/01/2025 - moved 3 animals from property ID 1817 (farm) to property ID 700 (trader)
90,1823,867,DAY 30/01/2025 - moved 45 animals from property ID 1823 (trader) to property ID 867 (feedlot)
90,1830,1880,DAY 30/01/2025 - moved 3 animals from property ID 1830 (farm) to property ID 1880 (farm)
90,1842,1666,DAY 30/01/2025 - moved 7 animals from property ID 1842 (farm) to property ID 1666 (feedlot)
90,1857,1273,DAY 30/01/2025 - moved 8 animals from property ID 1857 (farm) to property ID 1273 (trader)
90,1868,568,DAY 30/01/2025 - moved 5 animals from property ID 1868 (farm) to property ID 568 (farm)
90,1877,614,DAY 30/01/2025 - moved 5 animals from property ID 1877 (farm) to property ID 614 (farm)
90,1923,1342,DAY 30/01/2025 - moved 14 animals from property ID 1923 (farm) to property ID 1342 (farm)
90,1930,700,DAY 30/01/2025 - moved 17 animals from property ID 1930 (farm) to property ID 700 (trader)
90,1965,867,DAY 30/01/2025 - moved 1 animals from property ID 1965 (farm) to property ID 867 (feedlot)
90,1968,415,DAY 30/01/2025 - moved 7 animals from property ID 1968 (farm) to property ID 415 (trader)
90,1982,1554,DAY 30/01/2025 - moved 15 animals from property ID 1982 (farm) to property ID 1554 (farm)
90,1987,189,DAY 30/01/2025 - moved 4 animals from property ID 1987 (farm) to property ID 189 (saleyard)
91,20,1479,DAY 31/01/2025 - moved 3 animals from property ID 20 (farm) to property ID 1479 (trader)
91,24,867,DAY 31/01/2025 - moved 6 animals from property ID 24 (farm) to property ID 867 (feedlot)
91,52,1681,DAY 31/01/2025 - moved 6 animals from property ID 52 (farm) to property ID 1681 (farm)
91,57,1273,DAY 31/01/2025 - moved 2 animals from property ID 57 (farm) to property ID 1273 (trader)
91,82,201,DAY 31/01/2025 - moved 3 animals from property ID 82 (farm) to property ID 201 (farm)
91,92,1185,DAY 31/01/2025 - moved 31 animals from property ID 92 (trader) to property ID 1185 (farm)
91,156,904,DAY 31/01/2025 - moved 2 animals from property ID 156 (farm) to property ID 904 (trader)
91,189,1109,DAY 31/01/2025 - moved 8 animals from property ID 189 (saleyard) to property ID 1109 (feedlot)
91,189,1937,DAY 31/01/2025 - moved 8 animals from property ID 189 (saleyard) to property ID 1937 (farm)
91,189,985,DAY 31/01/2025 - moved 8 animals from property ID 189 (saleyard) to property ID 985 (farm)
91,197,1436,DAY 31/01/2025 - moved 9 animals from property ID 197 (farm) to property ID 1436 (farm)
91,204,369,DAY 31/01/2025 - moved 14 animals from property ID 204 (farm) to property ID 369 (farm)
91,205,1189,DAY 31/01/2025 - moved 4 animals from property ID 205 (farm) to property ID 1189 (farm)
91,240,866,DAY 31/01/2025 - moved 6 animals from property ID 240 (farm) to property ID 866 (feedlot)
91,267,1119,DAY 31/01/2025 - moved 5 animals from property ID 267 (farm) to property ID 1119 (trader)
91,294,1109,DAY 31/01/2025 - moved 2 animals from property ID 294 (farm) to property ID 1109 (feedlot)
91,298,3,DAY 31/01/2025 - moved 6 animals from property ID 298 (farm) to property ID 3 (farm)
91,346,1236,DAY 31/01/2025 - moved 5 animals from property ID 346 (farm) to property ID 1236 (farm)
91,356,264,DAY 31/01/2025 - moved 3 animals from property ID 356 (farm) to property ID 264 (feedlot)
91,373,1813,DAY 31/01/2025 - moved 11 animals from property ID 373 (farm) to property ID 1813 (farm)
91,377,308,DAY 31/01/2025 - moved 14 animals from property ID 377 (farm) to property ID 308 (farm)
91,415,1301,DAY 31/01/2025 - moved 7 animals from property ID 415 (trader) to property ID 1301 (saleyard)
91,415,802,DAY 31/01/2025 - moved 7 animals from property ID 415 (trader) to property ID 802 (farm)
91,420,233,DAY 31/01/2025 - moved 1 animals from property ID 420 (farm) to property ID 233 (farm)
91,431,830,DAY 31/01/2025 - moved 4 animals from property ID 431 (farm) to property ID 830 (farm)
91,434,1920,DAY 31/01/2025 - moved 1 animals from property ID 434 (farm) to property ID 1920 (farm)
91,452,1034,DAY 31/01/2025 - moved 7 animals from property ID 452 (farm) to property ID 1034 (farm)
91,514,92,DAY 31/01/2025 - moved 14 animals from property ID 514 (farm) to property ID 92 (trader)
91,563,264,DAY 31/01/2025 - moved 3 animals from property ID 563 (farm) to property ID 264 (feedlot)
91,578,1479,DAY 31/01/2025 - moved 6 animals from property ID 578 (farm) to property ID 1479 (trader)
91,581,1119,DAY 31/01/2025 - moved 2 animals from property ID 581 (farm) to property ID 1119 (trader)
91,601,1728,DAY 31/01/2025 - moved 2 animals from property ID 601 (farm) to property ID 1728 (farm)
91,621,1301,DAY 31/01/2025 - moved 4 animals from property ID 621 (farm) to property ID 1301 (saleyard)
91,639,866,DAY 31/01/2025 - moved 62 animals from property ID 639 (farm) to property ID 866 (feedlot)
91,657,264,DAY 31/01/2025 - moved 1 animals from property ID 657 (farm) to property ID 264 (feedlot)
91,659,1209,DAY 31/01/2025 - moved 4 animals from property ID 659 (farm) to property ID 1209 (farm)
91,670,1105,DAY 31/01/2025 - moved 1 animals from property ID 670 (farm) to property ID 1105 (farm)
91,682,1785,DAY 31/01/2025 - moved 18 animals from property ID 682 (farm) to property ID 1785 (farm)
91,693,1301,DAY 31/01/2025 - moved 8 animals from property ID 693 (farm) to property ID 1301 (saleyard)
91,700,7,DAY 31/01/2025 - moved 22 animals from property ID 700 (trader) to property ID 7 (farm)
91,702,83,DAY 31/01/2025 - moved 15 animals from property ID 702 (farm) to property ID 83 (farm)
91,703,700,DAY 31/01/2025 - moved 3 animals from property ID 703 (farm) to property ID 700 (trader)
91,712,814,DAY 31/01/2025 - moved 5 animals from property ID 712 (farm) to property ID 814 (farm)
91,723,668,DAY 31/01/2025 - moved 3 animals from property ID 723 (farm) to property ID 668 (farm)
91,740,782,DAY 31/01/2025 - moved 11 animals from property ID 740 (farm) to property ID 782 (trader)
91,760,1488,DAY 31/01/2025 - moved 10 animals from property ID 760 (farm) to property ID 1488 (farm)
91,777,507,DAY 31/01/2025 - moved 4 animals from property ID 777 (farm) to property ID 507 (farm)
91,782,1451,DAY 31/01/2025 - moved 29 animals from property ID 782 (trader) to property ID 1451 (farm)
91,782,592,DAY 31/01/2025 - moved 29 animals from property ID 782 (trader) to property ID 592 (farm)
91,788,1119,DAY 31/01/2025 - moved 4 animals from property ID 788 (farm) to property ID 1119 (trader)
91,793,889,DAY 31/01/2025 - moved 2 animals from property ID 793 (farm) to property ID 889 (farm)
91,810,1308,DAY 31/01/2025 - moved 4 animals from property ID 810 (farm) to property ID 1308 (farm)
91,813,648,DAY 31/01/2025 - moved 3 animals from property ID 813 (farm) to property ID 648 (farm)
91,832,782,DAY 31/01/2025 - moved 11 animals from property ID 832 (farm) to property ID 782 (trader)
91,850,479,DAY 31/01/2025 - moved 16 animals from property ID 850 (farm) to property ID 479 (farm)
91,870,1778,DAY 31/01/2025 - moved 4 animals from property ID 870 (farm) to property ID 1778 (farm)
92,63,698,DAY 01/02/2025 - moved 14 animals from property ID 63 (farm) to property ID 698 (farm)
92,86,1301,DAY 01/02/2025 - moved 5 animals from property ID 86 (farm) to property ID 1301 (saleyard)
92,92,842,DAY 01/02/2025 - moved 28 animals from property ID 92 (trader) to property ID 842 (farm)
92,100,532,DAY 01/02/2025 - moved 4 animals from property ID 100 (farm) to property ID 532 (farm)
92,105,561,DAY 01/02/2025 - moved 11 animals from property ID 105 (farm) to property ID 561 (farm)
92,125,1273,DAY 01/02/2025 - moved 7 animals from property ID 125 (farm) to property ID 1273 (trader)
92,138,1273,DAY 01/02/2025 - moved 4 animals from property ID 138 (farm) to property ID 1273 (trader)
92,150,964,DAY 01/02/2025 - moved 10 animals from property ID 150 (farm) to property ID 964 (feedlot)
92,171,1148,DAY 01/02/2025 - moved 7 animals from property ID 171 (farm) to property ID 1148 (farm)
92,173,639,DAY 01/02/2025 - moved 12 animals from property ID 173 (farm) to property ID 639 (farm)
92,179,189,DAY 01/02/2025 - moved 4 animals from property ID 179 (farm) to property ID 189 (saleyard)
92,180,684,DAY 01/02/2025 - moved 2 animals from property ID 180 (farm) to property ID 684 (farm)
92,189,524,DAY 01/02/2025 - moved 9 animals from property ID 189 (saleyard) to property ID 524 (feedlot)
92,189,707,DAY 01/02/2025 - moved 10 animals from property ID 189 (saleyard) to property ID 707 (farm)
92,200,866,DAY 01/02/2025 - moved 8 animals from property ID 200 (farm) to property ID 866 (feedlot)
92,202,1832,DAY 01/02/2025 - moved 5 animals from property ID 202 (farm) to property ID 1832 (farm)
92,241,1706,DAY 01/02/2025 - moved 2 animals from property ID 241 (farm) to property ID 1706 (farm)
92,249,782,DAY 01/02/2025 - moved 19 animals from property ID 249 (farm) to property ID 782 (trader)
92,259,541,DAY 01/02/2025 - moved 6 animals from property ID 259 (farm) to property ID 541 (farm)
92,277,1301,DAY 01/02/2025 - moved 4 animals from property ID 277 (farm) to property ID 1301 (saleyard)
92,285,1907,DAY 01/02/2025 - moved 63 animals from property ID 285 (farm) to property ID 1907 (feedlot)
92,296,102,DAY 01/02/2025 - moved 15 animals from property ID 296 (farm) to property ID 102 (farm)
92,328,1578,DAY 01/02/2025 - moved 5 animals from property ID 328 (farm) to property ID 1578 (farm)
92,338,835,DAY 01/02/2025 - moved 21 animals from property ID 338 (farm) to property ID 835 (farm)
92,344,1628,DAY 01/02/2025 - moved 9 animals from property ID 344 (farm) to property ID 1628 (farm)
92,347,1823,DAY 01/02/2025 - moved 2 animals from property ID 347 (farm) to property ID 1823 (trader)
92,399,782,DAY 01/02/2025 - moved 13 animals from property ID 399 (farm) to property ID 782 (trader)
92,413,1767,DAY 01/02/2025 - moved 3 animals from property ID 413 (farm) to property ID 1767 (farm)
92,415,1301,DAY 01/02/2025 - moved 11 animals from property ID 415 (trader) to property ID 1301 (saleyard)
92,428,1273,DAY 01/02/2025 - moved 3 animals from property ID 428 (farm) to property ID 1273 (trader)
92,433,1479,DAY 01/02/2025 - moved 9 animals from property ID 433 (farm) to property ID 1479 (trader)
92,441,1236,DAY 01/02/2025 - moved 4 animals from property ID 441 (farm) to property ID 1236 (farm)
92,471,363,DAY 01/02/2025 - moved 8 animals from property ID 471 (farm) to property ID 363 (farm)
92,478,746,DAY 01/02/2025 - moved 4 animals from property ID 478 (farm) to property ID 746 (farm)
92,492,1907,DAY 01/02/2025 - moved 8 animals from property ID 492 (farm) to property ID 1907 (feedlot)
92,496,1165,DAY 01/02/2025 - moved 4 animals from property ID 496 (farm) to property ID 1165 (farm)
92,508,156,DAY 01/02/2025 - moved 5 animals from property ID 508 (farm) to property ID 156 (farm)
92,512,700,DAY 01/02/2025 - moved 4 animals from property ID 512 (farm) to property ID 700 (trader)
92,520,188,DAY 01/02/2025 - moved 5 animals from property ID 520 (farm) to property ID 188 (feedlot)
92,527,904,DAY 01/02/2025 - moved 2 animals from property ID 527 (farm) to property ID 904 (trader)
92,530,1110,DAY 01/02/2025 - moved 4 animals from property ID 530 (farm) to property ID 1110 (feedlot)
92,532,1119,DAY 01/02/2025 - moved 13 animals from property ID 532 (farm) to property ID 1119 (trader)
92,533,1823,DAY 01/02/2025 - moved 6 animals from property ID 533 (farm) to property ID 1823 (trader)
92,540,189,DAY 01/02/2025 - moved 5 animals from property ID 540 (farm) to property ID 189 (saleyard)
92,544,1301,DAY 01/02/2025 - moved 1 animals from property ID 544 (farm) to property ID 1301 (saleyard)
92,548,805,DAY 01/02/2025 - moved 12 animals from property ID 548 (farm) to property ID 805 (farm)
92,550,92,DAY 01/02/2025 - moved 4 animals from property ID 550 (farm) to property ID 92 (trader)
92,554,1988,DAY 01/02/2025 - moved 5 animals from property ID 554 (farm) to property ID 1988 (farm)
92,594,1075,DAY 01/02/2025 - moved 8 animals from property ID 594 (farm) to property ID 1075 (farm)
92,646,618,DAY 01/02/2025 - moved 6 animals from property ID 646 (farm) to property ID 618 (farm)
92,666,458,DAY 01/02/2025 - moved 22 animals from property ID 666 (farm) to property ID 458 (abbattoir)
92,700,1109,DAY 01/02/2025 - moved 6 animals from property ID 700 (trader) to property ID 1109 (feedlot)
92,700,220,DAY 01/02/2025 - moved 6 animals from property ID 700 (trader) to property ID 220 (farm)
92,700,940,DAY 01/02/2025 - moved 6 animals from property ID 700 (trader) to property ID 940 (farm)
92,722,1466,DAY 01/02/2025 - moved 18 animals from property ID 722 (farm) to property ID 1466 (farm)
92,751,415,DAY 01/02/2025 - moved 4 animals from property ID 751 (farm) to property ID 415 (trader)
92,782,1932,DAY 01/02/2025 - moved 25 animals from property ID 782 (trader) to property ID 1932 (farm)
92,782,1218,DAY 01/02/2025 - moved 25 animals from property ID 782 (trader) to property ID 1218 (farm)
92,808,1307,DAY 01/02/2025 - moved 4 animals from property ID 808 (farm) to property ID 1307 (farm)
92,822,1750,DAY 01/02/2025 - moved 35 animals from property ID 822 (farm) to property ID 1750 (farm)
92,839,1003,DAY 01/02/2025 - moved 4 animals from property ID 839 (farm) to property ID 1003 (farm)
92,843,269,DAY 01/02/2025 - moved 3 animals from property ID 843 (farm) to property ID 269 (farm)
92,852,302,DAY 01/02/2025 - moved 9 animals from property ID 852 (farm) to property ID 302 (farm)
92,860,1386,DAY 01/02/2025 - moved 18 animals from property ID 860 (farm) to property ID 1386 (farm)
92,869,92,DAY 01/02/2025 - moved 20 animals from property ID 869 (farm) to property ID 92 (trader)
92,874,524,DAY 01/02/2025 - moved 6 animals from property ID 874 (farm) to property ID 524 (feedlot)
92,916,1273,DAY 01/02/2025 - moved 3 animals from property ID 916 (farm) to property ID 1273 (trader)
92,933,264,DAY 01/02/2025 - moved 5 animals from property ID 933 (farm) to property ID 264 (feedlot)
92,970,189,DAY 01/02/2025 - moved 4 animals from property ID 970 (farm) to property ID 189 (saleyard)
92,978,524,DAY 01/02/2025 - moved 6 animals from property ID 978 (farm) to property ID 524 (feedlot)
92,980,782,DAY 01/02/2025 - moved 10 animals from property ID 980 (farm) to property ID 782 (trader)
92,989,262,DAY 01/02/2025 - moved 8 animals from property ID 989 (farm) to property ID 262 (farm)
92,996,46,DAY 01/02/2025 - moved 4 animals from property ID 996 (farm) to property ID 46 (farm)
92,997,189,DAY 01/02/2025 - moved 2 animals from property ID 997 (farm) to property ID 189 (saleyard)
92,1006,964,DAY 01/02/2025 - moved 7 animals from property ID 1006 (farm) to property ID 964 (feedlot)
92,1030,288,DAY 01/02/2025 - moved 2 animals from property ID 1030 (farm) to property ID 288 (farm)
92,1054,1301,DAY 01/02/2025 - moved 5 animals from property ID 1054 (farm) to property ID 1301 (saleyard)
92,1068,1318,DAY 01/02/2025 - moved 5 animals from property ID 1068 (farm) to property ID 1318 (farm)
92,1074,1405,DAY 01/02/2025 - moved 1 animals from property ID 1074 (farm) to property ID 1405 (farm)
92,1076,964,DAY 01/02/2025 - moved 2 animals from property ID 1076 (farm) to property ID 964 (feedlot)
92,1077,782,DAY 01/02/2025 - moved 9 animals from property ID 1077 (farm) to property ID 782 (trader)
92,1106,1532,DAY 01/02/2025 - moved 1 animals from property ID 1106 (farm) to property ID 1532 (farm)
92,1119,415,DAY 01/02/2025 - moved 11 animals from property ID 1119 (trader) to property ID 415 (trader)
92,1119,112,DAY 01/02/2025 - moved 10 animals from property ID 1119 (trader) to property ID 112 (farm)
92,1134,1701,DAY 01/02/2025 - moved 8 animals from property ID 1134 (farm) to property ID 1701 (farm)
92,1139,92,DAY 01/02/2025 - moved 12 animals from property ID 1139 (farm) to property ID 92 (trader)
92,1164,189,DAY 01/02/2025 - moved 6 animals from property ID 1164 (farm) to property ID 189 (saleyard)
92,1180,1741,DAY 01/02/2025 - moved 2 animals from property ID 1180 (farm) to property ID 1741 (farm)
92,1235,1141,DAY 01/02/2025 - moved 4 animals from property ID 1235 (farm) to property ID 1141 (farm)
92,1273,775,DAY 01/02/2025 - moved 11 animals from property ID 1273 (trader) to property ID 775 (farm)
92,1273,1418,DAY 01/02/2025 - moved 12 animals from property ID 1273 (trader) to property ID 1418 (farm)
92,1273,229,DAY 01/02/2025 - moved 12 animals from property ID 1273 (trader) to property ID 229 (farm)
92,1282,373,DAY 01/02/2025 - moved 3 animals from property ID 1282 (farm) to property ID 373 (farm)
92,1301,114,DAY 01/02/2025 - moved 31 animals from property ID 1301 (saleyard) to property ID 114 (farm)
92,1301,891,DAY 01/02/2025 - moved 32 animals from property ID 1301 (saleyard) to property ID 891 (farm)
92,1305,807,DAY 01/02/2025 - moved 3 animals from property ID 1305 (farm) to property ID 807 (farm)
92,1306,1823,DAY 01/02/2025 - moved 6 animals from property ID 1306 (farm) to property ID 1823 (trader)
92,1307,580,DAY 01/02/2025 - moved 15 animals from property ID 1307 (farm) to property ID 580 (farm)
92,1311,782,DAY 01/02/2025 - moved 29 animals from property ID 1311 (farm) to property ID 782 (trader)
92,1341,1823,DAY 01/02/2025 - moved 5 animals from property ID 1341 (farm) to property ID 1823 (trader)
92,1352,1823,DAY 01/02/2025 - moved 25 animals from property ID 1352 (farm) to property ID 1823 (trader)
92,1362,1823,DAY 01/02/2025 - moved 5 animals from property ID 1362 (farm) to property ID 1823 (trader)
92,1365,1625,DAY 01/02/2025 - moved 5 animals from property ID 1365 (farm) to property ID 1625 (farm)
92,1426,867,DAY 01/02/2025 - moved 7 animals from property ID 1426 (farm) to property ID 867 (feedlot)
92,1449,188,DAY 01/02/2025 - moved 8 animals from property ID 1449 (farm) to property ID 188 (feedlot)
92,1459,1251,DAY 01/02/2025 - moved 7 animals from property ID 1459 (farm) to property ID 1251 (farm)
92,1479,165,DAY 01/02/2025 - moved 25 animals from property ID 1479 (trader) to property ID 165 (farm)
92,1479,854,DAY 01/02/2025 - moved 24 animals from property ID 1479 (trader) to property ID 854 (farm)
92,1510,1075,DAY 01/02/2025 - moved 12 animals from property ID 1510 (farm) to property ID 1075 (farm)
92,1581,700,DAY 01/02/2025 - moved 3 animals from property ID 1581 (farm) to property ID 700 (trader)
92,1586,782,DAY 01/02/2025 - moved 28 animals from property ID 1586 (farm) to property ID 782 (trader)
92,1588,1110,DAY 01/02/2025 - moved 3 animals from property ID 1588 (farm) to property ID 1110 (feedlot)
92,1609,904,DAY 01/02/2025 - moved 11 animals from property ID 1609 (farm) to property ID 904 (trader)
92,1642,866,DAY 01/02/2025 - moved 2 animals from property ID 1642 (farm) to property ID 866 (feedlot)
92,1699,36,DAY 01/02/2025 - moved 16 animals from property ID 1699 (farm) to property ID 36 (farm)
92,1709,189,DAY 01/02/2025 - moved 23 animals from property ID 1709 (farm) to property ID 189 (saleyard)
92,1712,723,DAY 01/02/2025 - moved 2 animals from property ID 1712 (farm) to property ID 723 (farm)
92,1713,264,DAY 01/02/2025 - moved 3 animals from property ID 1713 (farm) to property ID 264 (feedlot)
92,1725,1128,DAY 01/02/2025 - moved 2 animals from property ID 1725 (farm) to property ID 1128 (farm)
92,1738,1707,DAY 01/02/2025 - moved 6 animals from property ID 1738 (farm) to property ID 1707 (farm)
92,1740,1864,DAY 01/02/2025 - moved 7 animals from property ID 1740 (farm) to property ID 1864 (farm)
92,1746,26,DAY 01/02/2025 - moved 11 animals from property ID 1746 (farm) to property ID 26 (farm)
92,1770,39,DAY 01/02/2025 - moved 25 animals from property ID 1770 (farm) to property ID 39 (farm)
92,1776,1823,DAY 01/02/2025 - moved 18 animals from property ID 1776 (farm) to property ID 1823 (trader)
92,1780,1926,DAY 01/02/2025 - moved 1 animals from property ID 1780 (farm) to property ID 1926 (farm)
92,1782,1009,DAY 01/02/2025 - moved 5 animals from property ID 1782 (farm) to property ID 1009 (farm)
92,1789,830,DAY 01/02/2025 - moved 7 animals from property ID 1789 (farm) to property ID 830 (farm)
92,1790,1823,DAY 01/02/2025 - moved 2 animals from property ID 1790 (farm) to property ID 1823 (trader)
92,1797,1256,DAY 01/02/2025 - moved 5 animals from property ID 1797 (farm) to property ID 1256 (farm)
92,1798,1664,DAY 01/02/2025 - moved 1 animals from property ID 1798 (farm) to property ID 1664 (farm)
92,1807,782,DAY 01/02/2025 - moved 13 animals from property ID 1807 (farm) to property ID 782 (trader)
92,1820,1273,DAY 01/02/2025 - moved 4 animals from property ID 1820 (farm) to property ID 1273 (trader)
92,1823,1301,DAY 01/02/2025 - moved 20 animals from property ID 1823 (trader) to property ID 1301 (saleyard)
92,1823,846,DAY 01/02/2025 - moved 20 animals from property ID 1823 (trader) to property ID 846 (farm)
92,1832,92,DAY 01/02/2025 - moved 6 animals from property ID 1832 (farm) to property ID 92 (trader)
92,1851,92,DAY 01/02/2025 - moved 6 animals from property ID 1851 (farm) to property ID 92 (trader)
92,1889,1703,DAY 01/02/2025 - moved 3 animals from property ID 1889 (farm) to property ID 1703 (farm)
92,1897,1490,DAY 01/02/2025 - moved 1 animals from property ID 1897 (farm) to property ID 1490 (farm)
92,1903,728,DAY 01/02/2025 - moved 8 animals from property ID 1903 (farm) to property ID 728 (farm)
92,1913,440,DAY 01/02/2025 - moved 2 animals from property ID 1913 (farm) to property ID 440 (farm)
92,1917,782,DAY 01/02/2025 - moved 5 animals from property ID 1917 (farm) to property ID 782 (trader)
92,1943,1806,DAY 01/02/2025 - moved 7 animals from property ID 1943 (farm) to property ID 1806 (farm)
92,1946,137,DAY 01/02/2025 - moved 6 animals from property ID 1946 (farm) to property ID 137 (farm)
92,1963,377,DAY 01/02/2025 - moved 2 animals from property ID 1963 (farm) to property ID 377 (farm)
92,1986,1615,DAY 01/02/2025 - moved 5 animals from property ID 1986 (farm) to property ID 1615 (farm)
93,0,1907,DAY 02/02/2025 - moved 21 animals from property ID 0 (farm) to property ID 1907 (feedlot)
93,1,700,DAY 02/02/2025 - moved 6 animals from property ID 1 (farm) to property ID 700 (trader)
93,28,524,DAY 02/02/2025 - moved 3 animals from property ID 28 (farm) to property ID 524 (feedlot)
93,34,458,DAY 02/02/2025 - moved 6 animals from property ID 34 (farm) to property ID 458 (abbattoir)
93,39,1905,DAY 02/02/2025 - moved 6 animals from property ID 39 (farm) to property ID 1905 (farm)
93,68,1907,DAY 02/02/2025 - moved 11 animals from property ID 68 (farm) to property ID 1907 (feedlot)
93,79,458,DAY 02/02/2025 - moved 9 animals from property ID 79 (farm) to property ID 458 (abbattoir)
93,81,1282,DAY 02/02/2025 - moved 7 animals from property ID 81 (farm) to property ID 1282 (farm)
93,94,1377,DAY 02/02/2025 - moved 4 animals from property ID 94 (farm) to property ID 1377 (farm)
93,114,867,DAY 02/02/2025 - moved 7 animals from property ID 114 (farm) to property ID 867 (feedlot)
93,116,867,DAY 02/02/2025 - moved 4 animals from property ID 116 (farm) to property ID 867 (feedlot)
93,119,709,DAY 02/02/2025 - moved 6 animals from property ID 119 (farm) to property ID 709 (farm)
93,121,1053,DAY 02/02/2025 - moved 1 animals from property ID 121 (farm) to property ID 1053 (farm)
93,143,866,DAY 02/02/2025 - moved 1 animals from property ID 143 (farm) to property ID 866 (feedlot)
93,183,1172,DAY 02/02/2025 - moved 3 animals from property ID 183 (farm) to property ID 1172 (farm)
93,189,483,DAY 02/02/2025 - moved 8 animals from property ID 189 (saleyard) to property ID 483 (farm)
93,189,1321,DAY 02/02/2025 - moved 8 animals from property ID 189 (saleyard) to property ID 1321 (farm)
93,189,188,DAY 02/02/2025 - moved 8 animals from property ID 189 (saleyard) to property ID 188 (feedlot)
93,195,188,DAY 02/02/2025 - moved 12 animals from property ID 195 (farm) to property ID 188 (feedlot)
93,211,1143,DAY 02/02/2025 - moved 22 animals from property ID 211 (farm) to property ID 1143 (farm)
93,227,415,DAY 02/02/2025 - moved 4 animals from property ID 227 (farm) to property ID 415 (trader)
93,237,758,DAY 02/02/2025 - moved 8 animals from property ID 237 (farm) to property ID 758 (feedlot)
93,269,867,DAY 02/02/2025 - moved 1 animals from property ID 269 (farm) to property ID 867 (feedlot)
93,278,1119,DAY 02/02/2025 - moved 14 animals from property ID 278 (farm) to property ID 1119 (trader)
93,281,1907,DAY 02/02/2025 - moved 3 animals from property ID 281 (farm) to property ID 1907 (feedlot)
93,293,1584,DAY 02/02/2025 - moved 13 animals from property ID 293 (farm) to property ID 1584 (farm)
93,297,904,DAY 02/02/2025 - moved 3 animals from property ID 297 (farm) to property ID 904 (trader)
93,369,1483,DAY 02/02/2025 - moved 3 animals from property ID 369 (farm) to property ID 1483 (farm)
93,394,1823,DAY 02/02/2025 - moved 4 animals from property ID 394 (farm) to property ID 1823 (trader)
93,400,1119,DAY 02/02/2025 - moved 8 animals from property ID 400 (farm) to property ID 1119 (trader)
93,402,866,DAY 02/02/2025 - moved 2 animals from property ID 402 (farm) to property ID 866 (feedlot)
93,403,1138,DAY 02/02/2025 - moved 4 animals from property ID 403 (farm) to property ID 1138 (farm)
93,407,1509,DAY 02/02/2025 - moved 6 animals from property ID 407 (farm) to property ID 1509 (farm)
93,415,1301,DAY 02/02/2025 - moved 4 animals from property ID 415 (trader) to property ID 1301 (saleyard)
93,415,1109,DAY 02/02/2025 - moved 4 animals from property ID 415 (trader) to property ID 1109 (feedlot)
93,415,1109,DAY 02/02/2025 - moved 4 animals from property ID 415 (trader) to property ID 1109 (feedlot)
93,442,415,DAY 02/02/2025 - moved 1 animals from property ID 442 (farm) to property ID 415 (trader)
93,443,866,DAY 02/02/2025 - moved 10 animals from property ID 443 (farm) to property ID 866 (feedlot)
93,468,815,DAY 02/02/2025 - moved 5 animals from property ID 468 (farm) to property ID 815 (farm)
93,491,877,DAY 02/02/2025 - moved 26 animals from property ID 491 (farm) to property ID 877 (farm)
93,505,63,DAY 02/02/2025 - moved 1 animals from property ID 505 (farm) to property ID 63 (farm)
93,547,925,DAY 02/02/2025 - moved 3 animals from property ID 547 (farm) to property ID 925 (farm)
93,558,711,DAY 02/02/2025 - moved 6 animals from property ID 558 (farm) to property ID 711 (farm)
93,577,623,DAY 02/02/2025 - moved 7 animals from property ID 577 (farm) to property ID 623 (farm)
93,579,1109,DAY 02/02/2025 - moved 3 animals from property ID 579 (farm) to property ID 1109 (feedlot)
93,584,340,DAY 02/02/2025 - moved 37 animals from property ID 584 (farm) to property ID 340 (farm)
93,588,189,DAY 02/02/2025 - moved 12 animals from property ID 588 (farm) to property ID 189 (saleyard)
93,597,189,DAY 02/02/2025 - moved 4 animals from property ID 597 (farm) to property ID 189 (saleyard)
93,612,39,DAY 02/02/2025 - moved 6 animals from property ID 612 (farm) to property ID 39 (farm)
93,616,1800,DAY 02/02/2025 - moved 17 animals from property ID 616 (farm) to property ID 1800 (farm)
93,665,1119,DAY 02/02/2025 - moved 4 animals from property ID 665 (farm) to property ID 1119 (trader)
93,673,1175,DAY 02/02/2025 - moved 5 animals from property ID 673 (farm) to property ID 1175 (farm)
93,684,867,DAY 02/02/2025 - moved 3 animals from property ID 684 (farm) to property ID 867 (feedlot)
93,700,91,DAY 02/02/2025 - moved 8 animals from property ID 700 (trader) to property ID 91 (farm)
93,700,1438,DAY 02/02/2025 - moved 8 animals from property ID 700 (trader) to property ID 1438 (farm)
93,701,910,DAY 02/02/2025 - moved 2 animals from property ID 701 (farm) to property ID 910 (farm)
93,711,188,DAY 02/02/2025 - moved 3 animals from property ID 711 (farm) to property ID 188 (feedlot)
93,736,166,DAY 02/02/2025 - moved 9 animals from property ID 736 (farm) to property ID 166 (farm)
93,775,1030,DAY 02/02/2025 - moved 4 animals from property ID 775 (farm) to property ID 1030 (farm)
93,782,1346,DAY 02/02/2025 - moved 66 animals from property ID 782 (trader) to property ID 1346 (farm)
93,809,758,DAY 02/02/2025 - moved 6 animals from property ID 809 (farm) to property ID 758 (feedlot)
93,811,964,DAY 02/02/2025 - moved 7 animals from property ID 811 (farm) to property ID 964 (feedlot)
93,836,1825,DAY 02/02/2025 - moved 4 animals from property ID 836 (farm) to property ID 1825 (farm)
93,847,1273,DAY 02/02/2025 - moved 8 animals from property ID 847 (farm) to property ID 1273 (trader)
93,857,189,DAY 02/02/2025 - moved 1 animals from property ID 857 (farm) to property ID 189 (saleyard)
93,862,867,DAY 02/02/2025 - moved 3 animals from property ID 862 (farm) to property ID 867 (feedlot)
93,863,104,DAY 02/02/2025 - moved 5 animals from property ID 863 (farm) to property ID 104 (farm)
93,901,866,DAY 02/02/2025 - moved 7 animals from property ID 901 (farm) to property ID 866 (feedlot)
93,904,1110,DAY 02/02/2025 - moved 5 animals from property ID 904 (trader) to property ID 1110 (feedlot)
93,904,1420,DAY 02/02/2025 - moved 4 animals from property ID 904 (trader) to property ID 1420 (farm)
93,904,1206,DAY 02/02/2025 - moved 4 animals from property ID 904 (trader) to property ID 1206 (farm)
93,911,189,DAY 02/02/2025 - moved 6 animals from property ID 911 (farm) to property ID 189 (saleyard)
93,915,96,DAY 02/02/2025 - moved 1 animals from property ID 915 (farm) to property ID 96 (farm)
93,930,1119,DAY 02/02/2025 - moved 2 animals from property ID 930 (farm) to property ID 1119 (trader)
93,939,415,DAY 02/02/2025 - moved 7 animals from property ID 939 (farm) to property ID 415 (trader)
93,957,1479,DAY 02/02/2025 - moved 24 animals from property ID 957 (farm) to property ID 1479 (trader)
93,987,358,DAY 02/02/2025 - moved 4 animals from property ID 987 (farm) to property ID 358 (farm)
93,1013,1666,DAY 02/02/2025 - moved 4 animals from property ID 1013 (farm) to property ID 1666 (feedlot)
93,1022,458,DAY 02/02/2025 - moved 48 animals from property ID 1022 (farm) to property ID 458 (abbattoir)
93,1032,1823,DAY 02/02/2025 - moved 6 animals from property ID 1032 (farm) to property ID 1823 (trader)
93,1035,554,DAY 02/02/2025 - moved 5 animals from property ID 1035 (farm) to property ID 554 (farm)
93,1049,867,DAY 02/02/2025 - moved 2 animals from property ID 1049 (farm) to property ID 867 (feedlot)
93,1051,523,DAY 02/02/2025 - moved 4 animals from property ID 1051 (farm) to property ID 523 (farm)
93,1052,189,DAY 02/02/2025 - moved 11 animals from property ID 1052 (farm) to property ID 189 (saleyard)
93,1085,1999,DAY 02/02/2025 - moved 6 animals from property ID 1085 (farm) to property ID 1999 (farm)
93,1099,782,DAY 02/02/2025 - moved 7 animals from property ID 1099 (farm) to property ID 782 (trader)
93,1119,509,DAY 02/02/2025 - moved 9 animals from property ID 1119 (trader) to property ID 509 (farm)
93,1119,1301,DAY 02/02/2025 - moved 10 animals from property ID 1119 (trader) to property ID 1301 (saleyard)
93,1142,458,DAY 02/02/2025 - moved 6 animals from property ID 1142 (farm) to property ID 458 (abbattoir)
93,1148,1664,DAY 02/02/2025 - moved 5 animals from property ID 1148 (farm) to property ID 1664 (farm)
93,1150,524,DAY 02/02/2025 - moved 2 animals from property ID 1150 (farm) to property ID 524 (feedlot)
93,1163,1870,DAY 02/02/2025 - moved 2 animals from property ID 1163 (farm) to property ID 1870 (farm)
93,1178,898,DAY 02/02/2025 - moved 7 animals from property ID 1178 (farm) to property ID 898 (farm)
93,1209,389,DAY 02/02/2025 - moved 3 animals from property ID 1209 (farm) to property ID 389 (farm)
93,1240,524,DAY 02/02/2025 - moved 1 animals from property ID 1240 (farm) to property ID 524 (feedlot)
93,1266,867,DAY 02/02/2025 - moved 1 animals from property ID 1266 (farm) to property ID 867 (feedlot)
93,1273,657,DAY 02/02/2025 - moved 17 animals from property ID 1273 (trader) to property ID 657 (farm)
93,1273,178,DAY 02/02/2025 - moved 16 animals from property ID 1273 (trader) to property ID 178 (farm)
93,1276,40,DAY 02/02/2025 - moved 2 animals from property ID 1276 (farm) to property ID 40 (farm)
93,1319,1743,DAY 02/02/2025 - moved 2 animals from property ID 1319 (farm) to property ID 1743 (farm)
93,1324,1984,DAY 02/02/2025 - moved 20 animals from property ID 1324 (farm) to property ID 1984 (farm)
93,1331,189,DAY 02/02/2025 - moved 5 animals from property ID 1331 (farm) to property ID 189 (saleyard)
93,1351,1301,DAY 02/02/2025 - moved 4 animals from property ID 1351 (farm) to property ID 1301 (saleyard)
93,1357,433,DAY 02/02/2025 - moved 1 animals from property ID 1357 (farm) to property ID 433 (farm)
93,1364,1273,DAY 02/02/2025 - moved 4 animals from property ID 1364 (farm) to property ID 1273 (trader)
93,1371,1301,DAY 02/02/2025 - moved 2 animals from property ID 1371 (farm) to property ID 1301 (saleyard)
93,1387,1003,DAY 02/02/2025 - moved 9 animals from property ID 1387 (farm) to property ID 1003 (farm)
93,1391,29,DAY 02/02/2025 - moved 2 animals from property ID 1391 (farm) to property ID 29 (farm)
93,1396,1807,DAY 02/02/2025 - moved 5 animals from property ID 1396 (farm) to property ID 1807 (farm)
93,1402,1301,DAY 02/02/2025 - moved 8 animals from property ID 1402 (farm) to property ID 1301 (saleyard)
93,1428,1866,DAY 02/02/2025 - moved 12 animals from property ID 1428 (farm) to property ID 1866 (farm)
93,1434,867,DAY 02/02/2025 - moved 1 animals from property ID 1434 (farm) to property ID 867 (feedlot)
93,1465,26,DAY 02/02/2025 - moved 6 animals from property ID 1465 (farm) to property ID 26 (farm)
93,1472,867,DAY 02/02/2025 - moved 4 animals from property ID 1472 (farm) to property ID 867 (feedlot)
93,1479,758,DAY 02/02/2025 - moved 41 animals from property ID 1479 (trader) to property ID 758 (feedlot)
93,1491,1273,DAY 02/02/2025 - moved 5 animals from property ID 1491 (farm) to property ID 1273 (trader)
93,1507,1109,DAY 02/02/2025 - moved 8 animals from property ID 1507 (farm) to property ID 1109 (feedlot)
93,1526,782,DAY 02/02/2025 - moved 11 animals from property ID 1526 (farm) to property ID 782 (trader)
93,1535,838,DAY 02/02/2025 - moved 4 animals from property ID 1535 (farm) to property ID 838 (farm)
93,1541,1508,DAY 02/02/2025 - moved 1 animals from property ID 1541 (farm) to property ID 1508 (farm)
93,1542,1109,DAY 02/02/2025 - moved 3 animals from property ID 1542 (farm) to property ID 1109 (feedlot)
93,1557,471,DAY 02/02/2025 - moved 3 animals from property ID 1557 (farm) to property ID 471 (farm)
93,1561,1110,DAY 02/02/2025 - moved 4 animals from property ID 1561 (farm) to property ID 1110 (feedlot)
93,1563,1666,DAY 02/02/2025 - moved 5 animals from property ID 1563 (farm) to property ID 1666 (feedlot)
93,1575,1395,DAY 02/02/2025 - moved 15 animals from property ID 1575 (farm) to property ID 1395 (farm)
93,1592,1066,DAY 02/02/2025 - moved 15 animals from property ID 1592 (farm) to property ID 1066 (farm)
93,1594,458,DAY 02/02/2025 - moved 8 animals from property ID 1594 (farm) to property ID 458 (abbattoir)
93,1596,1850,DAY 02/02/2025 - moved 8 animals from property ID 1596 (farm) to property ID 1850 (farm)
93,1644,322,DAY 02/02/2025 - moved 2 animals from property ID 1644 (farm) to property ID 322 (farm)
93,1656,1313,DAY 02/02/2025 - moved 5 animals from property ID 1656 (farm) to property ID 1313 (farm)
93,1672,1823,DAY 02/02/2025 - moved 5 animals from property ID 1672 (farm) to property ID 1823 (trader)
93,1689,394,DAY 02/02/2025 - moved 3 animals from property ID 1689 (farm) to property ID 394 (farm)
93,1728,1474,DAY 02/02/2025 - moved 2 animals from property ID 1728 (farm) to property ID 1474 (farm)
93,1750,1702,DAY 02/02/2025 - moved 11 animals from property ID 1750 (farm) to property ID 1702 (farm)
93,1760,1128,DAY 02/02/2025 - moved 1 animals from property ID 1760 (farm) to property ID 1128 (farm)
93,1802,1386,DAY 02/02/2025 - moved 9 animals from property ID 1802 (farm) to property ID 1386 (farm)
93,1823,867,DAY 02/02/2025 - moved 23 animals from property ID 1823 (trader) to property ID 867 (feedlot)
93,1823,867,DAY 02/02/2025 - moved 23 animals from property ID 1823 (trader) to property ID 867 (feedlot)
93,1833,1301,DAY 02/02/2025 - moved 2 animals from property ID 1833 (farm) to property ID 1301 (saleyard)
93,1837,1823,DAY 02/02/2025 - moved 8 animals from property ID 1837 (farm) to property ID 1823 (trader)
93,1858,758,DAY 02/02/2025 - moved 7 animals from property ID 1858 (farm) to property ID 758 (feedlot)
93,1860,680,DAY 02/02/2025 - moved 5 animals from property ID 1860 (farm) to property ID 680 (farm)
93,1958,866,DAY 02/02/2025 - moved 3 animals from property ID 1958 (farm) to property ID 866 (feedlot)
93,1961,415,DAY 02/02/2025 - moved 5 animals from property ID 1961 (farm) to property ID 415 (trader)
93,1977,1459,DAY 02/02/2025 - moved 12 animals from property ID 1977 (farm) to property ID 1459 (farm)
93,1978,1377,DAY 02/02/2025 - moved 1 animals from property ID 1978 (farm) to property ID 1377 (farm)
93,1995,1301,DAY 02/02/2025 - moved 2 animals from property ID 1995 (farm) to property ID 1301 (saleyard)
93,1999,92,DAY 02/02/2025 - moved 21 animals from property ID 1999 (farm) to property ID 92 (trader)
94,26,1479,DAY 03/02/2025 - moved 10 animals from property ID 26 (farm) to property ID 1479 (trader)
94,42,1254,DAY 03/02/2025 - moved 32 animals from property ID 42 (farm) to property ID 1254 (farm)
94,45,758,DAY 03/02/2025 - moved 5 animals from property ID 45 (farm) to property ID 758 (feedlot)
94,70,646,DAY 03/02/2025 - moved 2 animals from property ID 70 (farm) to property ID 646 (farm)
94,131,1301,DAY 03/02/2025 - moved 1 animals from property ID 131 (farm) to property ID 1301 (saleyard)
94,136,1798,DAY 03/02/2025 - moved 7 animals from property ID 136 (farm) to property ID 1798 (farm)
94,159,92,DAY 03/02/2025 - moved 11 animals from property ID 159 (farm) to property ID 92 (trader)
94,186,1143,DAY 03/02/2025 - moved 6 animals from property ID 186 (farm) to property ID 1143 (farm)
94,189,1109,DAY 03/02/2025 - moved 27 animals from property ID 189 (saleyard) to property ID 1109 (feedlot)
94,190,1128,DAY 03/02/2025 - moved 3 animals from property ID 190 (farm) to property ID 1128 (farm)
94,191,1813,DAY 03/02/2025 - moved 4 animals from property ID 191 (farm) to property ID 1813 (farm)
94,210,1823,DAY 03/02/2025 - moved 10 animals from property ID 210 (farm) to property ID 1823 (trader)
94,222,1049,DAY 03/02/2025 - moved 3 animals from property ID 222 (farm) to property ID 1049 (farm)
94,235,1273,DAY 03/02/2025 - moved 1 animals from property ID 235 (farm) to property ID 1273 (trader)
94,244,92,DAY 03/02/2025 - moved 4 animals from property ID 244 (farm) to property ID 92 (trader)
94,284,1273,DAY 03/02/2025 - moved 2 animals from property ID 284 (farm) to property ID 1273 (trader)
94,287,1273,DAY 03/02/2025 - moved 3 animals from property ID 287 (farm) to property ID 1273 (trader)
94,304,1522,DAY 03/02/2025 - moved 4 animals from property ID 304 (farm) to property ID 1522 (farm)
94,353,125,DAY 03/02/2025 - moved 1 animals from property ID 353 (farm) to property ID 125 (farm)
94,361,782,DAY 03/02/2025 - moved 5 animals from property ID 361 (farm) to property ID 782 (trader)
94,380,458,DAY 03/02/2025 - moved 23 animals from property ID 380 (farm) to property ID 458 (abbattoir)
94,398,458,DAY 03/02/2025 - moved 18 animals from property ID 398 (farm) to property ID 458 (abbattoir)
94,415,890,DAY 03/02/2025 - moved 7 animals from property ID 415 (trader) to property ID 890 (farm)
94,415,188,DAY 03/02/2025 - moved 6 animals from property ID 415 (trader) to property ID 188 (feedlot)
94,419,524,DAY 03/02/2025 - moved 3 animals from property ID 419 (farm) to property ID 524 (feedlot)
94,440,1666,DAY 03/02/2025 - moved 7 animals from property ID 440 (farm) to property ID 1666 (feedlot)
94,479,671,DAY 03/02/2025 - moved 24 animals from property ID 479 (farm) to property ID 671 (farm)
94,498,867,DAY 03/02/2025 - moved 9 animals from property ID 498 (farm) to property ID 867 (feedlot)
94,526,1485,DAY 03/02/2025 - moved 5 animals from property ID 526 (farm) to property ID 1485 (farm)
94,549,1907,DAY 03/02/2025 - moved 8 animals from property ID 549 (farm) to property ID 1907 (feedlot)
94,559,782,DAY 03/02/2025 - moved 5 animals from property ID 559 (farm) to property ID 782 (trader)
94,571,867,DAY 03/02/2025 - moved 3 animals from property ID 571 (farm) to property ID 867 (feedlot)
94,585,782,DAY 03/02/2025 - moved 9 animals from property ID 585 (farm) to property ID 782 (trader)
94,590,866,DAY 03/02/2025 - moved 3 animals from property ID 590 (farm) to property ID 866 (feedlot)
94,618,1273,DAY 03/02/2025 - moved 12 animals from property ID 618 (farm) to property ID 1273 (trader)
94,640,1823,DAY 03/02/2025 - moved 4 animals from property ID 640 (farm) to property ID 1823 (trader)
94,656,1925,DAY 03/02/2025 - moved 7 animals from property ID 656 (farm) to property ID 1925 (farm)
94,687,758,DAY 03/02/2025 - moved 4 animals from property ID 687 (farm) to property ID 758 (feedlot)
94,700,1588,DAY 03/02/2025 - moved 4 animals from property ID 700 (trader) to property ID 1588 (farm)
94,700,940,DAY 03/02/2025 - moved 5 animals from property ID 700 (trader) to property ID 940 (farm)
94,700,1111,DAY 03/02/2025 - moved 5 animals from property ID 700 (trader) to property ID 1111 (farm)
94,709,1691,DAY 03/02/2025 - moved 7 animals from property ID 709 (farm) to property ID 1691 (farm)
94,710,189,DAY 03/02/2025 - moved 3 animals from property ID 710 (farm) to property ID 189 (saleyard)
94,714,1242,DAY 03/02/2025 - moved 6 animals from property ID 714 (farm) to property ID 1242 (farm)
94,762,1960,DAY 03/02/2025 - moved 14 animals from property ID 762 (farm) to property ID 1960 (farm)
94,769,57,DAY 03/02/2025 - moved 5 animals from property ID 769 (farm) to property ID 57 (farm)
94,778,1820,DAY 03/02/2025 - moved 2 animals from property ID 778 (farm) to property ID 1820 (farm)
94,782,740,DAY 03/02/2025 - moved 18 animals from property ID 782 (trader) to property ID 740 (farm)
94,782,1916,DAY 03/02/2025 - moved 19 animals from property ID 782 (trader) to property ID 1916 (farm)
94,782,1586,DAY 03/02/2025 - moved 19 animals from property ID 782 (trader) to property ID 1586 (farm)
94,783,1907,DAY 03/02/2025 - moved 15 animals from property ID 783 (farm) to property ID 1907 (feedlot)
94,784,1279,DAY 03/02/2025 - moved 5 animals from property ID 784 (farm) to property ID 1279 (farm)
94,786,92,DAY 03/02/2025 - moved 8 animals from property ID 786 (farm) to property ID 92 (trader)
94,797,1301,DAY 03/02/2025 - moved 4 animals from property ID 797 (farm) to property ID 1301 (saleyard)
94,825,347,DAY 03/02/2025 - moved 2 animals from property ID 825 (farm) to property ID 347 (farm)
94,856,269,DAY 03/02/2025 - moved 5 animals from property ID 856 (farm) to property ID 269 (farm)
94,865,1273,DAY 03/02/2025 - moved 12 animals from property ID 865 (farm) to property ID 1273 (trader)
94,881,325,DAY 03/02/2025 - moved 7 animals from property ID 881 (farm) to property ID 325 (farm)
94,896,45,DAY 03/02/2025 - moved 1 animals from property ID 896 (farm) to property ID 45 (farm)
94,897,867,DAY 03/02/2025 - moved 7 animals from property ID 897 (farm) to property ID 867 (feedlot)
94,898,188,DAY 03/02/2025 - moved 6 animals from property ID 898 (farm) to property ID 188 (feedlot)
94,904,1110,DAY 03/02/2025 - moved 3 animals from property ID 904 (trader) to property ID 1110 (feedlot)
94,904,1924,DAY 03/02/2025 - moved 4 animals from property ID 904 (trader) to property ID 1924 (farm)
94,904,264,DAY 03/02/2025 - moved 4 animals from property ID 904 (trader) to property ID 264 (feedlot)
94,907,92,DAY 03/02/2025 - moved 5 animals from property ID 907 (farm) to property ID 92 (trader)
94,927,1381,DAY 03/02/2025 - moved 3 animals from property ID 927 (farm) to property ID 1381 (farm)
94,931,1479,DAY 03/02/2025 - moved 17 animals from property ID 931 (farm) to property ID 1479 (trader)
94,949,1301,DAY 03/02/2025 - moved 6 animals from property ID 949 (farm) to property ID 1301 (saleyard)
94,1008,238,DAY 03/02/2025 - moved 9 animals from property ID 1008 (farm) to property ID 238 (farm)
94,1017,867,DAY 03/02/2025 - moved 3 animals from property ID 1017 (farm) to property ID 867 (feedlot)
94,1042,1387,DAY 03/02/2025 - moved 6 animals from property ID 1042 (farm) to property ID 1387 (farm)
94,1061,1527,DAY 03/02/2025 - moved 5 animals from property ID 1061 (farm) to property ID 1527 (farm)
94,1119,867,DAY 03/02/2025 - moved 7 animals from property ID 1119 (trader) to property ID 867 (feedlot)
94,1119,867,DAY 03/02/2025 - moved 7 animals from property ID 1119 (trader) to property ID 867 (feedlot)
94,1119,505,DAY 03/02/2025 - moved 7 animals from property ID 1119 (trader) to property ID 505 (farm)
94,1127,1301,DAY 03/02/2025 - moved 2 animals from property ID 1127 (farm) to property ID 1301 (saleyard)
94,1129,1301,DAY 03/02/2025 - moved 1 animals from property ID 1129 (farm) to property ID 1301 (saleyard)
94,1167,122,DAY 03/02/2025 - moved 1 animals from property ID 1167 (farm) to property ID 122 (farm)
94,1177,1301,DAY 03/02/2025 - moved 3 animals from property ID 1177 (farm) to property ID 1301 (saleyard)
94,1194,83,DAY 03/02/2025 - moved 14 animals from property ID 1194 (farm) to property ID 83 (farm)
94,1199,1181,DAY 03/02/2025 - moved 6 animals from property ID 1199 (farm) to property ID 1181 (farm)
94,1206,524,DAY 03/02/2025 - moved 2 animals from property ID 1206 (farm) to property ID 524 (feedlot)
94,1226,1273,DAY 03/02/2025 - moved 2 animals from property ID 1226 (farm) to property ID 1273 (trader)
94,1255,1479,DAY 03/02/2025 - moved 8 animals from property ID 1255 (farm) to property ID 1479 (trader)
94,1273,1170,DAY 03/02/2025 - moved 9 animals from property ID 1273 (trader) to property ID 1170 (farm)
94,1273,1612,DAY 03/02/2025 - moved 10 animals from property ID 1273 (trader) to property ID 1612 (farm)
94,1273,528,DAY 03/02/2025 - moved 10 animals from property ID 1273 (trader) to property ID 528 (farm)
94,1301,579,DAY 03/02/2025 - moved 11 animals from property ID 1301 (saleyard) to property ID 579 (farm)
94,1301,1119,DAY 03/02/2025 - moved 11 animals from property ID 1301 (saleyard) to property ID 1119 (trader)
94,1301,801,DAY 03/02/2025 - moved 11 animals from property ID 1301 (saleyard) to property ID 801 (farm)
94,1301,532,DAY 03/02/2025 - moved 11 animals from property ID 1301 (saleyard) to property ID 532 (farm)
94,1301,1127,DAY 03/02/2025 - moved 11 animals from property ID 1301 (saleyard) to property ID 1127 (farm)
94,1301,867,DAY 03/02/2025 - moved 11 animals from property ID 1301 (saleyard) to property ID 867 (feedlot)
94,1310,365,DAY 03/02/2025 - moved 9 animals from property ID 1310 (farm) to property ID 365 (farm)
94,1325,1670,DAY 03/02/2025 - moved 5 animals from property ID 1325 (farm) to property ID 1670 (farm)
94,1339,1539,DAY 03/02/2025 - moved 9 animals from property ID 1339 (farm) to property ID 1539 (farm)
94,1348,1185,DAY 03/02/2025 - moved 3 animals from property ID 1348 (farm) to property ID 1185 (farm)
94,1360,1479,DAY 03/02/2025 - moved 43 animals from property ID 1360 (farm) to property ID 1479 (trader)
94,1367,474,DAY 03/02/2025 - moved 11 animals from property ID 1367 (farm) to property ID 474 (farm)
94,1368,199,DAY 03/02/2025 - moved 1 animals from property ID 1368 (farm) to property ID 199 (farm)
94,1372,1288,DAY 03/02/2025 - moved 9 animals from property ID 1372 (farm) to property ID 1288 (farm)
94,1376,918,DAY 03/02/2025 - moved 1 animals from property ID 1376 (farm) to property ID 918 (farm)
94,1378,567,DAY 03/02/2025 - moved 4 animals from property ID 1378 (farm) to property ID 567 (farm)
94,1392,1823,DAY 03/02/2025 - moved 11 animals from property ID 1392 (farm) to property ID 1823 (trader)
94,1411,249,DAY 03/02/2025 - moved 2 animals from property ID 1411 (farm) to property ID 249 (farm)
94,1418,839,DAY 03/02/2025 - moved 3 animals from property ID 1418 (farm) to property ID 839 (farm)
94,1432,1823,DAY 03/02/2025 - moved 4 animals from property ID 1432 (farm) to property ID 1823 (trader)
94,1451,782,DAY 03/02/2025 - moved 17 animals from property ID 1451 (farm) to property ID 782 (trader)
94,1464,248,DAY 03/02/2025 - moved 4 animals from property ID 1464 (farm) to property ID 248 (farm)
94,1470,975,DAY 03/02/2025 - moved 4 animals from property ID 1470 (farm) to property ID 975 (farm)
94,1473,866,DAY 03/02/2025 - moved 3 animals from property ID 1473 (farm) to property ID 866 (feedlot)
94,1479,1008,DAY 03/02/2025 - moved 13 animals from property ID 1479 (trader) to property ID 1008 (farm)
94,1479,25,DAY 03/02/2025 - moved 12 animals from property ID 1479 (trader) to property ID 25 (farm)
94,1479,1722,DAY 03/02/2025 - moved 12 animals from property ID 1479 (trader) to property ID 1722 (farm)
94,1488,964,DAY 03/02/2025 - moved 10 animals from property ID 1488 (farm) to property ID 964 (feedlot)
94,1530,1273,DAY 03/02/2025 - moved 3 animals from property ID 1530 (farm) to property ID 1273 (trader)
94,1572,1301,DAY 03/02/2025 - moved 1 animals from property ID 1572 (farm) to property ID 1301 (saleyard)
94,1602,1494,DAY 03/02/2025 - moved 4 animals from property ID 1602 (farm) to property ID 1494 (farm)
94,1640,782,DAY 03/02/2025 - moved 4 animals from property ID 1640 (farm) to property ID 782 (trader)
94,1650,1066,DAY 03/02/2025 - moved 2 animals from property ID 1650 (farm) to property ID 1066 (farm)
94,1654,1301,DAY 03/02/2025 - moved 2 animals from property ID 1654 (farm) to property ID 1301 (saleyard)
94,1670,1273,DAY 03/02/2025 - moved 1 animals from property ID 1670 (farm) to property ID 1273 (trader)
94,1692,148,DAY 03/02/2025 - moved 3 animals from property ID 1692 (farm) to property ID 148 (farm)
94,1711,941,DAY 03/02/2025 - moved 5 animals from property ID 1711 (farm) to property ID 941 (farm)
94,1715,1823,DAY 03/02/2025 - moved 4 animals from property ID 1715 (farm) to property ID 1823 (trader)
94,1722,1479,DAY 03/02/2025 - moved 20 animals from property ID 1722 (farm) to property ID 1479 (trader)
94,1743,1301,DAY 03/02/2025 - moved 9 animals from property ID 1743 (farm) to property ID 1301 (saleyard)
94,1753,866,DAY 03/02/2025 - moved 10 animals from property ID 1753 (farm) to property ID 866 (feedlot)
94,1783,867,DAY 03/02/2025 - moved 3 animals from property ID 1783 (farm) to property ID 867 (feedlot)
94,1808,866,DAY 03/02/2025 - moved 2 animals from property ID 1808 (farm) to property ID 866 (feedlot)
94,1812,150,DAY 03/02/2025 - moved 4 animals from property ID 1812 (farm) to property ID 150 (farm)
94,1823,867,DAY 03/02/2025 - moved 14 animals from property ID 1823 (trader) to property ID 867 (feedlot)
94,1823,867,DAY 03/02/2025 - moved 14 animals from property ID 1823 (trader) to property ID 867 (feedlot)
94,1823,1301,DAY 03/02/2025 - moved 14 animals from property ID 1823 (trader) to property ID 1301 (saleyard)
94,1828,866,DAY 03/02/2025 - moved 7 animals from property ID 1828 (farm) to property ID 866 (feedlot)
94,1873,1273,DAY 03/02/2025 - moved 6 animals from property ID 1873 (farm) to property ID 1273 (trader)
94,1883,192,DAY 03/02/2025 - moved 2 animals from property ID 1883 (farm) to property ID 192 (farm)
94,1902,1109,DAY 03/02/2025 - moved 2 animals from property ID 1902 (farm) to property ID 1109 (feedlot)
94,1905,1103,DAY 03/02/2025 - moved 3 animals from property ID 1905 (farm) to property ID 1103 (farm)
94,1935,1251,DAY 03/02/2025 - moved 8 animals from property ID 1935 (farm) to property ID 1251 (farm)
94,1938,661,DAY 03/02/2025 - moved 3 animals from property ID 1938 (farm) to property ID 661 (farm)
94,1947,188,DAY 03/02/2025 - moved 7 animals from property ID 1947 (farm) to property ID 188 (feedlot)
94,1950,1109,DAY 03/02/2025 - moved 3 animals from property ID 1950 (farm) to property ID 1109 (feedlot)
94,1956,1355,DAY 03/02/2025 - moved 15 animals from property ID 1956 (farm) to property ID 1355 (farm)
94,1975,131,DAY 03/02/2025 - moved 4 animals from property ID 1975 (farm) to property ID 131 (farm)
94,1981,782,DAY 03/02/2025 - moved 20 animals from property ID 1981 (farm) to property ID 782 (trader)
94,1992,672,DAY 03/02/2025 - moved 5 animals from property ID 1992 (farm) to property ID 672 (farm)
95,10,1740,DAY 04/02/2025 - moved 14 animals from property ID 10 (farm) to property ID 1740 (farm)
95,55,1698,DAY 04/02/2025 - moved 5 animals from property ID 55 (farm) to property ID 1698 (farm)
95,92,866,DAY 04/02/2025 - moved 14 animals from property ID 92 (trader) to property ID 866 (feedlot)
95,92,148,DAY 04/02/2025 - moved 14 animals from property ID 92 (trader) to property ID 148 (farm)
95,92,1666,DAY 04/02/2025 - moved 14 animals from property ID 92 (trader) to property ID 1666 (feedlot)
95,112,1119,DAY 04/02/2025 - moved 4 animals from property ID 112 (farm) to property ID 1119 (trader)
95,122,700,DAY 04/02/2025 - moved 2 animals from property ID 122 (farm) to property ID 700 (trader)
95,137,631,DAY 04/02/2025 - moved 7 animals from property ID 137 (farm) to property ID 631 (farm)
95,140,710,DAY 04/02/2025 - moved 5 animals from property ID 140 (farm) to property ID 710 (farm)
95,142,458,DAY 04/02/2025 - moved 11 animals from property ID 142 (farm) to property ID 458 (abbattoir)
95,165,268,DAY 04/02/2025 - moved 21 animals from property ID 165 (farm) to property ID 268 (farm)
95,189,1183,DAY 04/02/2025 - moved 22 animals from property ID 189 (saleyard) to property ID 1183 (farm)
95,192,1823,DAY 04/02/2025 - moved 3 animals from property ID 192 (farm) to property ID 1823 (trader)
95,209,1823,DAY 04/02/2025 - moved 11 animals from property ID 209 (farm) to property ID 1823 (trader)
95,226,458,DAY 04/02/2025 - moved 20 animals from property ID 226 (farm) to property ID 458 (abbattoir)
95,229,1273,DAY 04/02/2025 - moved 9 animals from property ID 229 (farm) to property ID 1273 (trader)
95,233,704,DAY 04/02/2025 - moved 1 animals from property ID 233 (farm) to property ID 704 (farm)
95,234,904,DAY 04/02/2025 - moved 9 animals from property ID 234 (farm) to property ID 904 (trader)
95,242,700,DAY 04/02/2025 - moved 5 animals from property ID 242 (farm) to property ID 700 (trader)
95,265,1202,DAY 04/02/2025 - moved 9 animals from property ID 265 (farm) to property ID 1202 (farm)
95,275,529,DAY 04/02/2025 - moved 11 animals from property ID 275 (farm) to property ID 529 (farm)
95,308,1714,DAY 04/02/2025 - moved 4 animals from property ID 308 (farm) to property ID 1714 (farm)
95,317,1726,DAY 04/02/2025 - moved 58 animals from property ID 317 (farm) to property ID 1726 (farm)
95,368,537,DAY 04/02/2025 - moved 5 animals from property ID 368 (farm) to property ID 537 (farm)
95,382,904,DAY 04/02/2025 - moved 4 animals from property ID 382 (farm) to property ID 904 (trader)
95,391,866,DAY 04/02/2025 - moved 7 animals from property ID 391 (farm) to property ID 866 (feedlot)
95,393,866,DAY 04/02/2025 - moved 12 animals from property ID 393 (farm) to property ID 866 (feedlot)
95,395,1389,DAY 04/02/2025 - moved 22 animals from property ID 395 (farm) to property ID 1389 (farm)
95,414,1025,DAY 04/02/2025 - moved 2 animals from property ID 414 (farm) to property ID 1025 (farm)
95,415,1649,DAY 04/02/2025 - moved 4 animals from property ID 415 (trader) to property ID 1649 (farm)
95,415,509,DAY 04/02/2025 - moved 3 animals from property ID 415 (trader) to property ID 509 (farm)
95,415,1869,DAY 04/02/2025 - moved 3 animals from property ID 415 (trader) to property ID 1869 (farm)
95,423,758,DAY 04/02/2025 - moved 10 animals from property ID 423 (farm) to property ID 758 (feedlot)
95,424,104,DAY 04/02/2025 - moved 6 animals from property ID 424 (farm) to property ID 104 (farm)
95,454,700,DAY 04/02/2025 - moved 3 animals from property ID 454 (farm) to property ID 700 (trader)
95,455,904,DAY 04/02/2025 - moved 6 animals from property ID 455 (farm) to property ID 904 (trader)
95,503,700,DAY 04/02/2025 - moved 3 animals from property ID 503 (farm) to property ID 700 (trader)
95,509,867,DAY 04/02/2025 - moved 4 animals from property ID 509 (farm) to property ID 867 (feedlot)
95,570,524,DAY 04/02/2025 - moved 4 animals from property ID 570 (farm) to property ID 524 (feedlot)
95,606,1479,DAY 04/02/2025 - moved 38 animals from property ID 606 (farm) to property ID 1479 (trader)
95,623,1082,DAY 04/02/2025 - moved 4 animals from property ID 623 (farm) to property ID 1082 (farm)
95,633,188,DAY 04/02/2025 - moved 2 animals from property ID 633 (farm) to property ID 188 (feedlot)
95,638,1166,DAY 04/02/2025 - moved 4 animals from property ID 638 (farm) to property ID 1166 (farm)
95,652,1907,DAY 04/02/2025 - moved 1 animals from property ID 652 (farm) to property ID 1907 (feedlot)
95,697,866,DAY 04/02/2025 - moved 2 animals from property ID 697 (farm) to property ID 866 (feedlot)
95,698,1301,DAY 04/02/2025 - moved 5 animals from property ID 698 (farm) to property ID 1301 (saleyard)
95,700,746,DAY 04/02/2025 - moved 5 animals from property ID 700 (trader) to property ID 746 (farm)
95,700,1110,DAY 04/02/2025 - moved 6 animals from property ID 700 (trader) to property ID 1110 (feedlot)
95,705,874,DAY 04/02/2025 - moved 8 animals from property ID 705 (farm) to property ID 874 (farm)
95,721,671,DAY 04/02/2025 - moved 12 animals from property ID 721 (farm) to property ID 671 (farm)
95,726,1301,DAY 04/02/2025 - moved 2 animals from property ID 726 (farm) to property ID 1301 (saleyard)
95,753,1840,DAY 04/02/2025 - moved 10 animals from property ID 753 (farm) to property ID 1840 (farm)
95,755,1656,DAY 04/02/2025 - moved 5 animals from property ID 755 (farm) to property ID 1656 (farm)
95,764,190,DAY 04/02/2025 - moved 13 animals from property ID 764 (farm) to property ID 190 (farm)
95,782,559,DAY 04/02/2025 - moved 29 animals from property ID 782 (trader) to property ID 559 (farm)
95,782,950,DAY 04/02/2025 - moved 28 animals from property ID 782 (trader) to property ID 950 (farm)
95,795,1479,DAY 04/02/2025 - moved 6 animals from property ID 795 (farm) to property ID 1479 (trader)
95,804,1666,DAY 04/02/2025 - moved 1 animals from property ID 804 (farm) to property ID 1666 (feedlot)
95,807,1119,DAY 04/02/2025 - moved 1 animals from property ID 807 (farm) to property ID 1119 (trader)
95,818,964,DAY 04/02/2025 - moved 10 animals from property ID 818 (farm) to property ID 964 (feedlot)
95,824,867,DAY 04/02/2025 - moved 9 animals from property ID 824 (farm) to property ID 867 (feedlot)
95,875,866,DAY 04/02/2025 - moved 3 animals from property ID 875 (farm) to property ID 866 (feedlot)
95,876,264,DAY 04/02/2025 - moved 3 animals from property ID 876 (farm) to property ID 264 (feedlot)
95,883,1119,DAY 04/02/2025 - moved 2 animals from property ID 883 (farm) to property ID 1119 (trader)
95,889,1823,DAY 04/02/2025 - moved 5 animals from property ID 889 (farm) to property ID 1823 (trader)
95,893,1503,DAY 04/02/2025 - moved 1 animals from property ID 893 (farm) to property ID 1503 (farm)
95,904,407,DAY 04/02/2025 - moved 5 animals from property ID 904 (trader) to property ID 407 (farm)
95,904,264,DAY 04/02/2025 - moved 4 animals from property ID 904 (trader) to property ID 264 (feedlot)
95,928,1311,DAY 04/02/2025 - moved 7 animals from property ID 928 (farm) to property ID 1311 (farm)
95,947,867,DAY 04/02/2025 - moved 6 animals from property ID 947 (farm) to property ID 867 (feedlot)
95,967,1474,DAY 04/02/2025 - moved 8 animals from property ID 967 (farm) to property ID 1474 (farm)
95,984,1127,DAY 04/02/2025 - moved 6 animals from property ID 984 (farm) to property ID 1127 (farm)
95,1005,229,DAY 04/02/2025 - moved 5 animals from property ID 1005 (farm) to property ID 229 (farm)
95,1020,1823,DAY 04/02/2025 - moved 13 animals from property ID 1020 (farm) to property ID 1823 (trader)
95,1047,901,DAY 04/02/2025 - moved 1 animals from property ID 1047 (farm) to property ID 901 (farm)
95,1063,1301,DAY 04/02/2025 - moved 3 animals from property ID 1063 (farm) to property ID 1301 (saleyard)
95,1069,964,DAY 04/02/2025 - moved 6 animals from property ID 1069 (farm) to property ID 964 (feedlot)
95,1084,264,DAY 04/02/2025 - moved 3 animals from property ID 1084 (farm) to property ID 264 (feedlot)
95,1097,1867,DAY 04/02/2025 - moved 2 animals from property ID 1097 (farm) to property ID 1867 (farm)
95,1102,189,DAY 04/02/2025 - moved 4 animals from property ID 1102 (farm) to property ID 189 (saleyard)
95,1119,1741,DAY 04/02/2025 - moved 7 animals from property ID 1119 (trader) to property ID 1741 (farm)
95,1119,1301,DAY 04/02/2025 - moved 6 animals from property ID 1119 (trader) to property ID 1301 (saleyard)
95,1119,1499,DAY 04/02/2025 - moved 6 animals from property ID 1119 (trader) to property ID 1499 (farm)
95,1168,1005,DAY 04/02/2025 - moved 3 animals from property ID 1168 (farm) to property ID 1005 (farm)
95,1181,1199,DAY 04/02/2025 - moved 18 animals from property ID 1181 (farm) to property ID 1199 (farm)
95,1182,1301,DAY 04/02/2025 - moved 5 animals from property ID 1182 (farm) to property ID 1301 (saleyard)
95,1189,188,DAY 04/02/2025 - moved 5 animals from property ID 1189 (farm) to property ID 188 (feedlot)
95,1211,141,DAY 04/02/2025 - moved 3 animals from property ID 1211 (farm) to property ID 141 (farm)
95,1215,1827,DAY 04/02/2025 - moved 2 animals from property ID 1215 (farm) to property ID 1827 (farm)
95,1238,1250,DAY 04/02/2025 - moved 17 animals from property ID 1238 (farm) to property ID 1250 (farm)
95,1242,964,DAY 04/02/2025 - moved 3 animals from property ID 1242 (farm) to property ID 964 (feedlot)
95,1258,1109,DAY 04/02/2025 - moved 4 animals from property ID 1258 (farm) to property ID 1109 (feedlot)
95,1261,782,DAY 04/02/2025 - moved 11 animals from property ID 1261 (farm) to property ID 782 (trader)
95,1273,229,DAY 04/02/2025 - moved 32 animals from property ID 1273 (trader) to property ID 229 (farm)
95,1293,1070,DAY 04/02/2025 - moved 7 animals from property ID 1293 (farm) to property ID 1070 (farm)
95,1296,264,DAY 04/02/2025 - moved 3 animals from property ID 1296 (farm) to property ID 264 (feedlot)
95,1299,1823,DAY 04/02/2025 - moved 6 animals from property ID 1299 (farm) to property ID 1823 (trader)
95,1301,1017,DAY 04/02/2025 - moved 13 animals from property ID 1301 (saleyard) to property ID 1017 (farm)
95,1301,829,DAY 04/02/2025 - moved 13 animals from property ID 1301 (saleyard) to property ID 829 (farm)
95,1301,867,DAY 04/02/2025 - moved 12 animals from property ID 1301 (saleyard) to property ID 867 (feedlot)
95,1301,867,DAY 04/02/2025 - moved 12 animals from property ID 1301 (saleyard) to property ID 867 (feedlot)
95,1301,415,DAY 04/02/2025 - moved 12 animals from property ID 1301 (saleyard) to property ID 415 (trader)
95,1312,887,DAY 04/02/2025 - moved 12 animals from property ID 1312 (farm) to property ID 887 (farm)
95,1323,1022,DAY 04/02/2025 - moved 36 animals from property ID 1323 (farm) to property ID 1022 (farm)
95,1356,1823,DAY 04/02/2025 - moved 2 animals from property ID 1356 (farm) to property ID 1823 (trader)
95,1405,782,DAY 04/02/2025 - moved 21 animals from property ID 1405 (farm) to property ID 782 (trader)
95,1455,458,DAY 04/02/2025 - moved 17 animals from property ID 1455 (farm) to property ID 458 (abbattoir)
95,1468,867,DAY 04/02/2025 - moved 3 animals from property ID 1468 (farm) to property ID 867 (feedlot)
95,1474,1780,DAY 04/02/2025 - moved 3 animals from property ID 1474 (farm) to property ID 1780 (farm)
95,1523,92,DAY 04/02/2025 - moved 5 animals from property ID 1523 (farm) to property ID 92 (trader)
95,1528,782,DAY 04/02/2025 - moved 8 animals from property ID 1528 (farm) to property ID 782 (trader)
95,1537,964,DAY 04/02/2025 - moved 5 animals from property ID 1537 (farm) to property ID 964 (feedlot)
95,1578,363,DAY 04/02/2025 - moved 6 animals from property ID 1578 (farm) to property ID 363 (farm)
95,1607,1819,DAY 04/02/2025 - moved 2 animals from property ID 1607 (farm) to property ID 1819 (farm)
95,1610,594,DAY 04/02/2025 - moved 4 animals from property ID 1610 (farm) to property ID 594 (farm)
95,1611,340,DAY 04/02/2025 - moved 6 animals from property ID 1611 (farm) to property ID 340 (farm)
95,1618,863,DAY 04/02/2025 - moved 17 animals from property ID 1618 (farm) to property ID 863 (farm)
95,1619,92,DAY 04/02/2025 - moved 6 animals from property ID 1619 (farm) to property ID 92 (trader)
95,1629,867,DAY 04/02/2025 - moved 5 animals from property ID 1629 (farm) to property ID 867 (feedlot)
95,1633,1301,DAY 04/02/2025 - moved 2 animals from property ID 1633 (farm) to property ID 1301 (saleyard)
95,1638,234,DAY 04/02/2025 - moved 2 animals from property ID 1638 (farm) to property ID 234 (farm)
95,1649,132,DAY 04/02/2025 - moved 4 animals from property ID 1649 (farm) to property ID 132 (farm)
95,1657,778,DAY 04/02/2025 - moved 2 animals from property ID 1657 (farm) to property ID 778 (farm)
95,1675,1823,DAY 04/02/2025 - moved 7 animals from property ID 1675 (farm) to property ID 1823 (trader)
95,1681,1044,DAY 04/02/2025 - moved 4 animals from property ID 1681 (farm) to property ID 1044 (farm)
95,1706,1215,DAY 04/02/2025 - moved 5 animals from property ID 1706 (farm) to property ID 1215 (farm)
95,1716,1273,DAY 04/02/2025 - moved 3 animals from property ID 1716 (farm) to property ID 1273 (trader)
95,1730,1172,DAY 04/02/2025 - moved 1 animals from property ID 1730 (farm) to property ID 1172 (farm)
95,1786,524,DAY 04/02/2025 - moved 1 animals from property ID 1786 (farm) to property ID 524 (feedlot)
95,1796,189,DAY 04/02/2025 - moved 3 animals from property ID 1796 (farm) to property ID 189 (saleyard)
95,1818,1301,DAY 04/02/2025 - moved 15 animals from property ID 1818 (farm) to property ID 1301 (saleyard)
95,1823,965,DAY 04/02/2025 - moved 20 animals from property ID 1823 (trader) to property ID 965 (farm)
95,1823,846,DAY 04/02/2025 - moved 20 animals from property ID 1823 (trader) to property ID 846 (farm)
95,1834,867,DAY 04/02/2025 - moved 7 animals from property ID 1834 (farm) to property ID 867 (feedlot)
95,1843,524,DAY 04/02/2025 - moved 4 animals from property ID 1843 (farm) to property ID 524 (feedlot)
95,1847,1273,DAY 04/02/2025 - moved 3 animals from property ID 1847 (farm) to property ID 1273 (trader)
95,1853,415,DAY 04/02/2025 - moved 9 animals from property ID 1853 (farm) to property ID 415 (trader)
95,1877,964,DAY 04/02/2025 - moved 5 animals from property ID 1877 (farm) to property ID 964 (feedlot)
95,1880,415,DAY 04/02/2025 - moved 7 animals from property ID 1880 (farm) to property ID 415 (trader)
95,1909,524,DAY 04/02/2025 - moved 5 animals from property ID 1909 (farm) to property ID 524 (feedlot)
95,1923,1836,DAY 04/02/2025 - moved 12 animals from property ID 1923 (farm) to property ID 1836 (farm)
95,1929,1301,DAY 04/02/2025 - moved 1 animals from property ID 1929 (farm) to property ID 1301 (saleyard)
95,1930,700,DAY 04/02/2025 - moved 15 animals from property ID 1930 (farm) to property ID 700 (trader)
95,1965,1301,DAY 04/02/2025 - moved 1 animals from property ID 1965 (farm) to property ID 1301 (saleyard)
95,1982,458,DAY 04/02/2025 - moved 14 animals from property ID 1982 (farm) to property ID 458 (abbattoir)
95,1985,1665,DAY 04/02/2025 - moved 4 animals from property ID 1985 (farm) to property ID 1665 (farm)
95,1997,458,DAY 04/02/2025 - moved 8 animals from property ID 1997 (farm) to property ID 458 (abbattoir)
96,7,189,DAY 05/02/2025 - moved 7 animals from property ID 7 (farm) to property ID 189 (saleyard)
96,12,1109,DAY 05/02/2025 - moved 3 animals from property ID 12 (farm) to property ID 1109 (feedlot)
96,20,1479,DAY 05/02/2025 - moved 2 animals from property ID 20 (farm) to property ID 1479 (trader)
96,23,867,DAY 05/02/2025 - moved 4 animals from property ID 23 (farm) to property ID 867 (feedlot)
96,24,1301,DAY 05/02/2025 - moved 6 animals from property ID 24 (farm) to property ID 1301 (saleyard)
96,33,964,DAY 05/02/2025 - moved 10 animals from property ID 33 (farm) to property ID 964 (feedlot)
96,74,1823,DAY 05/02/2025 - moved 3 animals from property ID 74 (farm) to property ID 1823 (trader)
96,82,294,DAY 05/02/2025 - moved 3 animals from property ID 82 (farm) to property ID 294 (farm)
96,92,576,DAY 05/02/2025 - moved 36 animals from property ID 92 (trader) to property ID 576 (farm)
96,97,1301,DAY 05/02/2025 - moved 6 animals from property ID 97 (farm) to property ID 1301 (saleyard)
96,98,254,DAY 05/02/2025 - moved 7 animals from property ID 98 (farm) to property ID 254 (farm)
96,102,404,DAY 05/02/2025 - moved 16 animals from property ID 102 (farm) to property ID 404 (farm)
96,156,1273,DAY 05/02/2025 - moved 2 animals from property ID 156 (farm) to property ID 1273 (trader)
96,204,831,DAY 05/02/2025 - moved 12 animals from property ID 204 (farm) to property ID 831 (farm)
96,208,1666,DAY 05/02/2025 - moved 8 animals from property ID 208 (farm) to property ID 1666 (feedlot)
96,224,1301,DAY 05/02/2025 - moved 1 animals from property ID 224 (farm) to property ID 1301 (saleyard)
96,239,559,DAY 05/02/2025 - moved 3 animals from property ID 239 (farm) to property ID 559 (farm)
96,262,758,DAY 05/02/2025 - moved 8 animals from property ID 262 (farm) to property ID 758 (feedlot)
96,267,1119,DAY 05/02/2025 - moved 5 animals from property ID 267 (farm) to property ID 1119 (trader)
96,271,1174,DAY 05/02/2025 - moved 5 animals from property ID 271 (farm) to property ID 1174 (farm)
96,346,1301,DAY 05/02/2025 - moved 4 animals from property ID 346 (farm) to property ID 1301 (saleyard)
96,355,92,DAY 05/02/2025 - moved 7 animals from property ID 355 (farm) to property ID 92 (trader)
96,377,1663,DAY 05/02/2025 - moved 12 animals from property ID 377 (farm) to property ID 1663 (farm)
96,415,188,DAY 05/02/2025 - moved 14 animals from property ID 415 (trader) to property ID 188 (feedlot)
96,448,782,DAY 05/02/2025 - moved 15 animals from property ID 448 (farm) to property ID 782 (trader)
96,486,618,DAY 05/02/2025 - moved 1 animals from property ID 486 (farm) to property ID 618 (farm)
96,534,1147,DAY 05/02/2025 - moved 12 animals from property ID 534 (farm) to property ID 1147 (farm)
96,556,1836,DAY 05/02/2025 - moved 9 animals from property ID 556 (farm) to property ID 1836 (farm)
96,578,758,DAY 05/02/2025 - moved 6 animals from property ID 578 (farm) to property ID 758 (feedlot)
96,595,524,DAY 05/02/2025 - moved 8 animals from property ID 595 (farm) to property ID 524 (feedlot)
96,601,81,DAY 05/02/2025 - moved 2 animals from property ID 601 (farm) to property ID 81 (farm)
96,639,866,DAY 05/02/2025 - moved 57 animals from property ID 639 (farm) to property ID 866 (feedlot)
96,657,264,DAY 05/02/2025 - moved 2 animals from property ID 657 (farm) to property ID 264 (feedlot)
96,659,1767,DAY 05/02/2025 - moved 3 animals from property ID 659 (farm) to property ID 1767 (farm)
96,682,1726,DAY 05/02/2025 - moved 16 animals from property ID 682 (farm) to property ID 1726 (farm)
96,696,867,DAY 05/02/2025 - moved 9 animals from property ID 696 (farm) to property ID 867 (feedlot)
96,700,1902,DAY 05/02/2025 - moved 14 animals from property ID 700 (trader) to property ID 1902 (farm)
96,713,760,DAY 05/02/2025 - moved 15 animals from property ID 713 (farm) to property ID 760 (farm)
96,723,867,DAY 05/02/2025 - moved 3 animals from property ID 723 (farm) to property ID 867 (feedlot)
96,727,932,DAY 05/02/2025 - moved 16 animals from property ID 727 (farm) to property ID 932 (farm)
96,740,975,DAY 05/02/2025 - moved 11 animals from property ID 740 (farm) to property ID 975 (farm)
96,773,92,DAY 05/02/2025 - moved 5 animals from property ID 773 (farm) to property ID 92 (trader)
96,777,1474,DAY 05/02/2025 - moved 3 animals from property ID 777 (farm) to property ID 1474 (farm)
96,788,188,DAY 05/02/2025 - moved 4 animals from property ID 788 (farm) to property ID 188 (feedlot)
96,805,69,DAY 05/02/2025 - moved 6 animals from property ID 805 (farm) to property ID 69 (farm)
96,810,1273,DAY 05/02/2025 - moved 4 animals from property ID 810 (farm) to property ID 1273 (trader)
96,821,711,DAY 05/02/2025 - moved 2 animals from property ID 821 (farm) to property ID 711 (farm)
96,835,338,DAY 05/02/2025 - moved 15 animals from property ID 835 (farm) to property ID 338 (farm)
96,850,26,DAY 05/02/2025 - moved 14 animals from property ID 850 (farm) to property ID 26 (farm)
96,854,1479,DAY 05/02/2025 - moved 8 animals from property ID 854 (farm) to property ID 1479 (trader)
96,870,847,DAY 05/02/2025 - moved 3 animals from property ID 870 (farm) to property ID 847 (farm)
97,63,1301,DAY 06/02/2025 - moved 13 animals from property ID 63 (farm) to property ID 1301 (saleyard)
97,77,703,DAY 06/02/2025 - moved 7 animals from property ID 77 (farm) to property ID 703 (farm)
97,86,1352,DAY 06/02/2025 - moved 4 animals from property ID 86 (farm) to property ID 1352 (farm)
97,91,700,DAY 06/02/2025 - moved 5 animals from property ID 91 (farm) to property ID 700 (trader)
97,104,782,DAY 06/02/2025 - moved 14 animals from property ID 104 (farm) to property ID 782 (trader)
97,105,866,DAY 06/02/2025 - moved 10 animals from property ID 105 (farm) to property ID 866 (feedlot)
97,106,1144,DAY 06/02/2025 - moved 10 animals from property ID 106 (farm) to property ID 1144 (farm)
97,113,161,DAY 06/02/2025 - moved 11 animals from property ID 113 (farm) to property ID 161 (farm)
97,126,1907,DAY 06/02/2025 - moved 2 animals from property ID 126 (farm) to property ID 1907 (feedlot)
97,130,1632,DAY 06/02/2025 - moved 5 animals from property ID 130 (farm) to property ID 1632 (farm)
97,134,415,DAY 06/02/2025 - moved 7 animals from property ID 134 (farm) to property ID 415 (trader)
97,141,456,DAY 06/02/2025 - moved 9 animals from property ID 141 (farm) to property ID 456 (farm)
97,150,189,DAY 06/02/2025 - moved 9 animals from property ID 150 (farm) to property ID 189 (saleyard)
97,171,1304,DAY 06/02/2025 - moved 6 animals from property ID 171 (farm) to property ID 1304 (farm)
97,173,1738,DAY 06/02/2025 - moved 10 animals from property ID 173 (farm) to property ID 1738 (farm)
97,177,1907,DAY 06/02/2025 - moved 4 animals from property ID 177 (farm) to property ID 1907 (feedlot)
97,179,189,DAY 06/02/2025 - moved 3 animals from property ID 179 (farm) to property ID 189 (saleyard)
97,189,1853,DAY 06/02/2025 - moved 4 animals from property ID 189 (saleyard) to property ID 1853 (farm)
97,189,718,DAY 06/02/2025 - moved 4 animals from property ID 189 (saleyard) to property ID 718 (farm)
97,189,1109,DAY 06/02/2025 - moved 4 animals from property ID 189 (saleyard) to property ID 1109 (feedlot)
97,189,1537,DAY 06/02/2025 - moved 4 animals from property ID 189 (saleyard) to property ID 1537 (farm)
97,189,898,DAY 06/02/2025 - moved 4 animals from property ID 189 (saleyard) to property ID 898 (farm)
97,200,1279,DAY 06/02/2025 - moved 7 animals from property ID 200 (farm) to property ID 1279 (farm)
97,212,670,DAY 06/02/2025 - moved 2 animals from property ID 212 (farm) to property ID 670 (farm)
97,219,626,DAY 06/02/2025 - moved 15 animals from property ID 219 (farm) to property ID 626 (farm)
97,241,524,DAY 06/02/2025 - moved 2 animals from property ID 241 (farm) to property ID 524 (feedlot)
97,266,1200,DAY 06/02/2025 - moved 2 animals from property ID 266 (farm) to property ID 1200 (farm)
97,276,947,DAY 06/02/2025 - moved 2 animals from property ID 276 (farm) to property ID 947 (farm)
97,277,1823,DAY 06/02/2025 - moved 4 animals from property ID 277 (farm) to property ID 1823 (trader)
97,285,1907,DAY 06/02/2025 - moved 57 animals from property ID 285 (farm) to property ID 1907 (feedlot)
97,286,866,DAY 06/02/2025 - moved 7 animals from property ID 286 (farm) to property ID 866 (feedlot)
97,296,964,DAY 06/02/2025 - moved 14 animals from property ID 296 (farm) to property ID 964 (feedlot)
97,301,1823,DAY 06/02/2025 - moved 3 animals from property ID 301 (farm) to property ID 1823 (trader)
97,344,758,DAY 06/02/2025 - moved 8 animals from property ID 344 (farm) to property ID 758 (feedlot)
97,365,458,DAY 06/02/2025 - moved 10 animals from property ID 365 (farm) to property ID 458 (abbattoir)
97,379,1060,DAY 06/02/2025 - moved 3 animals from property ID 379 (farm) to property ID 1060 (farm)
97,385,1479,DAY 06/02/2025 - moved 28 animals from property ID 385 (farm) to property ID 1479 (trader)
97,413,1301,DAY 06/02/2025 - moved 2 animals from property ID 413 (farm) to property ID 1301 (saleyard)
97,415,837,DAY 06/02/2025 - moved 5 animals from property ID 415 (trader) to property ID 837 (farm)
97,415,1109,DAY 06/02/2025 - moved 6 animals from property ID 415 (trader) to property ID 1109 (feedlot)
97,457,198,DAY 06/02/2025 - moved 4 animals from property ID 457 (farm) to property ID 198 (farm)
97,471,1273,DAY 06/02/2025 - moved 7 animals from property ID 471 (farm) to property ID 1273 (trader)
97,477,964,DAY 06/02/2025 - moved 5 animals from property ID 477 (farm) to property ID 964 (feedlot)
97,494,356,DAY 06/02/2025 - moved 4 animals from property ID 494 (farm) to property ID 356 (farm)
97,496,1907,DAY 06/02/2025 - moved 4 animals from property ID 496 (farm) to property ID 1907 (feedlot)
97,519,1313,DAY 06/02/2025 - moved 3 animals from property ID 519 (farm) to property ID 1313 (farm)
97,532,1301,DAY 06/02/2025 - moved 13 animals from property ID 532 (farm) to property ID 1301 (saleyard)
97,533,347,DAY 06/02/2025 - moved 5 animals from property ID 533 (farm) to property ID 347 (farm)
97,548,671,DAY 06/02/2025 - moved 11 animals from property ID 548 (farm) to property ID 671 (farm)
97,550,1326,DAY 06/02/2025 - moved 3 animals from property ID 550 (farm) to property ID 1326 (farm)
97,576,1019,DAY 06/02/2025 - moved 6 animals from property ID 576 (farm) to property ID 1019 (farm)
97,594,1797,DAY 06/02/2025 - moved 7 animals from property ID 594 (farm) to property ID 1797 (farm)
97,654,458,DAY 06/02/2025 - moved 14 animals from property ID 654 (farm) to property ID 458 (abbattoir)
97,666,458,DAY 06/02/2025 - moved 20 animals from property ID 666 (farm) to property ID 458 (abbattoir)
97,700,264,DAY 06/02/2025 - moved 6 animals from property ID 700 (trader) to property ID 264 (feedlot)
97,700,1751,DAY 06/02/2025 - moved 6 animals from property ID 700 (trader) to property ID 1751 (farm)
97,722,727,DAY 06/02/2025 - moved 16 animals from property ID 722 (farm) to property ID 727 (farm)
97,731,1164,DAY 06/02/2025 - moved 10 animals from property ID 731 (farm) to property ID 1164 (farm)
97,759,264,DAY 06/02/2025 - moved 5 animals from property ID 759 (farm) to property ID 264 (feedlot)
97,772,1907,DAY 06/02/2025 - moved 23 animals from property ID 772 (farm) to property ID 1907 (feedlot)
97,782,345,DAY 06/02/2025 - moved 56 animals from property ID 782 (trader) to property ID 345 (farm)
97,791,1335,DAY 06/02/2025 - moved 13 animals from property ID 791 (farm) to property ID 1335 (farm)
97,799,1479,DAY 06/02/2025 - moved 23 animals from property ID 799 (farm) to property ID 1479 (trader)
97,802,1301,DAY 06/02/2025 - moved 3 animals from property ID 802 (farm) to property ID 1301 (saleyard)
97,808,568,DAY 06/02/2025 - moved 4 animals from property ID 808 (farm) to property ID 568 (farm)
97,838,92,DAY 06/02/2025 - moved 7 animals from property ID 838 (farm) to property ID 92 (trader)
97,842,1666,DAY 06/02/2025 - moved 10 animals from property ID 842 (farm) to property ID 1666 (feedlot)
97,844,1301,DAY 06/02/2025 - moved 3 animals from property ID 844 (farm) to property ID 1301 (saleyard)
97,852,1474,DAY 06/02/2025 - moved 8 animals from property ID 852 (farm) to property ID 1474 (farm)
97,874,964,DAY 06/02/2025 - moved 6 animals from property ID 874 (farm) to property ID 964 (feedlot)
97,912,1273,DAY 06/02/2025 - moved 16 animals from property ID 912 (farm) to property ID 1273 (trader)
97,916,1273,DAY 06/02/2025 - moved 2 animals from property ID 916 (farm) to property ID 1273 (trader)
97,941,1958,DAY 06/02/2025 - moved 2 animals from property ID 941 (farm) to property ID 1958 (farm)
97,960,415,DAY 06/02/2025 - moved 8 animals from property ID 960 (farm) to property ID 415 (trader)
97,978,145,DAY 06/02/2025 - moved 5 animals from property ID 978 (farm) to property ID 145 (farm)
97,986,94,DAY 06/02/2025 - moved 5 animals from property ID 986 (farm) to property ID 94 (farm)
97,989,1479,DAY 06/02/2025 - moved 8 animals from property ID 989 (farm) to property ID 1479 (trader)
97,1006,189,DAY 06/02/2025 - moved 6 animals from property ID 1006 (farm) to property ID 189 (saleyard)
97,1019,92,DAY 06/02/2025 - moved 5 animals from property ID 1019 (farm) to property ID 92 (trader)
97,1044,782,DAY 06/02/2025 - moved 14 animals from property ID 1044 (farm) to property ID 782 (trader)
97,1054,867,DAY 06/02/2025 - moved 5 animals from property ID 1054 (farm) to property ID 867 (feedlot)
97,1058,189,DAY 06/02/2025 - moved 7 animals from property ID 1058 (farm) to property ID 189 (saleyard)
97,1082,1273,DAY 06/02/2025 - moved 6 animals from property ID 1082 (farm) to property ID 1273 (trader)
97,1094,867,DAY 06/02/2025 - moved 3 animals from property ID 1094 (farm) to property ID 867 (feedlot)
97,1111,189,DAY 06/02/2025 - moved 21 animals from property ID 1111 (farm) to property ID 189 (saleyard)
97,1119,1301,DAY 06/02/2025 - moved 17 animals from property ID 1119 (trader) to property ID 1301 (saleyard)
97,1141,1936,DAY 06/02/2025 - moved 5 animals from property ID 1141 (farm) to property ID 1936 (farm)
97,1144,758,DAY 06/02/2025 - moved 19 animals from property ID 1144 (farm) to property ID 758 (feedlot)
97,1164,1905,DAY 06/02/2025 - moved 5 animals from property ID 1164 (farm) to property ID 1905 (farm)
97,1165,715,DAY 06/02/2025 - moved 11 animals from property ID 1165 (farm) to property ID 715 (farm)
97,1184,189,DAY 06/02/2025 - moved 7 animals from property ID 1184 (farm) to property ID 189 (saleyard)
97,1214,866,DAY 06/02/2025 - moved 6 animals from property ID 1214 (farm) to property ID 866 (feedlot)
97,1273,600,DAY 06/02/2025 - moved 15 animals from property ID 1273 (trader) to property ID 600 (farm)
97,1273,1377,DAY 06/02/2025 - moved 15 animals from property ID 1273 (trader) to property ID 1377 (farm)
97,1282,92,DAY 06/02/2025 - moved 3 animals from property ID 1282 (farm) to property ID 92 (trader)
97,1297,1727,DAY 06/02/2025 - moved 6 animals from property ID 1297 (farm) to property ID 1727 (farm)
97,1301,481,DAY 06/02/2025 - moved 61 animals from property ID 1301 (saleyard) to property ID 481 (farm)
97,1327,1823,DAY 06/02/2025 - moved 4 animals from property ID 1327 (farm) to property ID 1823 (trader)
97,1336,508,DAY 06/02/2025 - moved 9 animals from property ID 1336 (farm) to property ID 508 (farm)
97,1341,867,DAY 06/02/2025 - moved 4 animals from property ID 1341 (farm) to property ID 867 (feedlot)
97,1353,1933,DAY 06/02/2025 - moved 40 animals from property ID 1353 (farm) to property ID 1933 (farm)
97,1397,844,DAY 06/02/2025 - moved 4 animals from property ID 1397 (farm) to property ID 844 (farm)
97,1410,904,DAY 06/02/2025 - moved 4 animals from property ID 1410 (farm) to property ID 904 (trader)
97,1413,700,DAY 06/02/2025 - moved 4 animals from property ID 1413 (farm) to property ID 700 (trader)
97,1426,116,DAY 06/02/2025 - moved 6 animals from property ID 1426 (farm) to property ID 116 (farm)
97,1436,1823,DAY 06/02/2025 - moved 4 animals from property ID 1436 (farm) to property ID 1823 (trader)
97,1449,700,DAY 06/02/2025 - moved 7 animals from property ID 1449 (farm) to property ID 700 (trader)
97,1454,1807,DAY 06/02/2025 - moved 23 animals from property ID 1454 (farm) to property ID 1807 (farm)
97,1476,1522,DAY 06/02/2025 - moved 6 animals from property ID 1476 (farm) to property ID 1522 (farm)
97,1479,694,DAY 06/02/2025 - moved 60 animals from property ID 1479 (trader) to property ID 694 (farm)
97,1485,1217,DAY 06/02/2025 - moved 8 animals from property ID 1485 (farm) to property ID 1217 (farm)
97,1510,1260,DAY 06/02/2025 - moved 10 animals from property ID 1510 (farm) to property ID 1260 (farm)
97,1513,1507,DAY 06/02/2025 - moved 3 animals from property ID 1513 (farm) to property ID 1507 (farm)
97,1545,1122,DAY 06/02/2025 - moved 2 animals from property ID 1545 (farm) to property ID 1122 (farm)
97,1546,415,DAY 06/02/2025 - moved 6 animals from property ID 1546 (farm) to property ID 415 (trader)
97,1609,527,DAY 06/02/2025 - moved 10 animals from property ID 1609 (farm) to property ID 527 (farm)
97,1642,875,DAY 06/02/2025 - moved 2 animals from property ID 1642 (farm) to property ID 875 (farm)
97,1709,700,DAY 06/02/2025 - moved 21 animals from property ID 1709 (farm) to property ID 700 (trader)
97,1712,1522,DAY 06/02/2025 - moved 2 animals from property ID 1712 (farm) to property ID 1522 (farm)
97,1733,333,DAY 06/02/2025 - moved 5 animals from property ID 1733 (farm) to property ID 333 (farm)
97,1747,1175,DAY 06/02/2025 - moved 9 animals from property ID 1747 (farm) to property ID 1175 (farm)
97,1777,1691,DAY 06/02/2025 - moved 12 animals from property ID 1777 (farm) to property ID 1691 (farm)
97,1778,524,DAY 06/02/2025 - moved 4 animals from property ID 1778 (farm) to property ID 524 (feedlot)
97,1789,1682,DAY 06/02/2025 - moved 6 animals from property ID 1789 (farm) to property ID 1682 (farm)
97,1807,740,DAY 06/02/2025 - moved 13 animals from property ID 1807 (farm) to property ID 740 (farm)
97,1823,867,DAY 06/02/2025 - moved 21 animals from property ID 1823 (trader) to property ID 867 (feedlot)
97,1823,1840,DAY 06/02/2025 - moved 21 animals from property ID 1823 (trader) to property ID 1840 (farm)
97,1889,843,DAY 06/02/2025 - moved 3 animals from property ID 1889 (farm) to property ID 843 (farm)
97,1897,387,DAY 06/02/2025 - moved 1 animals from property ID 1897 (farm) to property ID 387 (farm)
97,1910,1730,DAY 06/02/2025 - moved 7 animals from property ID 1910 (farm) to property ID 1730 (farm)
97,1915,867,DAY 06/02/2025 - moved 4 animals from property ID 1915 (farm) to property ID 867 (feedlot)
97,1917,1624,DAY 06/02/2025 - moved 5 animals from property ID 1917 (farm) to property ID 1624 (farm)
97,1931,1042,DAY 06/02/2025 - moved 8 animals from property ID 1931 (farm) to property ID 1042 (farm)
97,1946,1148,DAY 06/02/2025 - moved 5 animals from property ID 1946 (farm) to property ID 1148 (farm)
98,9,1273,DAY 07/02/2025 - moved 7 animals from property ID 9 (farm) to property ID 1273 (trader)
98,14,1009,DAY 07/02/2025 - moved 6 animals from property ID 14 (farm) to property ID 1009 (farm)
98,15,1301,DAY 07/02/2025 - moved 1 animals from property ID 15 (farm) to property ID 1301 (saleyard)
98,25,1479,DAY 07/02/2025 - moved 15 animals from property ID 25 (farm) to property ID 1479 (trader)
98,28,161,DAY 07/02/2025 - moved 3 animals from property ID 28 (farm) to property ID 161 (farm)
98,29,618,DAY 07/02/2025 - moved 6 animals from property ID 29 (farm) to property ID 618 (farm)
98,34,117,DAY 07/02/2025 - moved 6 animals from property ID 34 (farm) to property ID 117 (farm)
98,35,1273,DAY 07/02/2025 - moved 2 animals from property ID 35 (farm) to property ID 1273 (trader)
98,39,469,DAY 07/02/2025 - moved 6 animals from property ID 39 (farm) to property ID 469 (farm)
98,68,1907,DAY 07/02/2025 - moved 10 animals from property ID 68 (farm) to property ID 1907 (feedlot)
98,79,458,DAY 07/02/2025 - moved 8 animals from property ID 79 (farm) to property ID 458 (abbattoir)
98,94,1273,DAY 07/02/2025 - moved 5 animals from property ID 94 (farm) to property ID 1273 (trader)
98,109,275,DAY 07/02/2025 - moved 7 animals from property ID 109 (farm) to property ID 275 (farm)
98,121,867,DAY 07/02/2025 - moved 1 animals from property ID 121 (farm) to property ID 867 (feedlot)
98,162,700,DAY 07/02/2025 - moved 10 animals from property ID 162 (farm) to property ID 700 (trader)
98,183,789,DAY 07/02/2025 - moved 3 animals from property ID 183 (farm) to property ID 789 (farm)
98,189,1242,DAY 07/02/2025 - moved 27 animals from property ID 189 (saleyard) to property ID 1242 (farm)
98,195,189,DAY 07/02/2025 - moved 11 animals from property ID 195 (farm) to property ID 189 (saleyard)
98,199,1609,DAY 07/02/2025 - moved 12 animals from property ID 199 (farm) to property ID 1609 (farm)
98,203,1592,DAY 07/02/2025 - moved 4 animals from property ID 203 (farm) to property ID 1592 (farm)
98,211,1326,DAY 07/02/2025 - moved 20 animals from property ID 211 (farm) to property ID 1326 (farm)
98,223,524,DAY 07/02/2025 - moved 1 animals from property ID 223 (farm) to property ID 524 (feedlot)
98,238,1357,DAY 07/02/2025 - moved 36 animals from property ID 238 (farm) to property ID 1357 (farm)
98,248,1146,DAY 07/02/2025 - moved 3 animals from property ID 248 (farm) to property ID 1146 (farm)
98,254,1273,DAY 07/02/2025 - moved 3 animals from property ID 254 (farm) to property ID 1273 (trader)
98,268,694,DAY 07/02/2025 - moved 12 animals from property ID 268 (farm) to property ID 694 (farm)
98,269,498,DAY 07/02/2025 - moved 2 animals from property ID 269 (farm) to property ID 498 (farm)
98,278,867,DAY 07/02/2025 - moved 12 animals from property ID 278 (farm) to property ID 867 (feedlot)
98,281,943,DAY 07/02/2025 - moved 3 animals from property ID 281 (farm) to property ID 943 (farm)
98,297,1110,DAY 07/02/2025 - moved 3 animals from property ID 297 (farm) to property ID 1110 (feedlot)
98,306,1097,DAY 07/02/2025 - moved 2 animals from property ID 306 (farm) to property ID 1097 (farm)
98,309,866,DAY 07/02/2025 - moved 6 animals from property ID 309 (farm) to property ID 866 (feedlot)
98,310,1035,DAY 07/02/2025 - moved 2 animals from property ID 310 (farm) to property ID 1035 (farm)
98,345,1730,DAY 07/02/2025 - moved 10 animals from property ID 345 (farm) to property ID 1730 (farm)
98,351,1479,DAY 07/02/2025 - moved 6 animals from property ID 351 (farm) to property ID 1479 (trader)
98,362,1119,DAY 07/02/2025 - moved 4 animals from property ID 362 (farm) to property ID 1119 (trader)
98,363,1273,DAY 07/02/2025 - moved 5 animals from property ID 363 (farm) to property ID 1273 (trader)
98,369,1109,DAY 07/02/2025 - moved 2 animals from property ID 369 (farm) to property ID 1109 (feedlot)
98,394,1823,DAY 07/02/2025 - moved 3 animals from property ID 394 (farm) to property ID 1823 (trader)
98,402,943,DAY 07/02/2025 - moved 1 animals from property ID 402 (farm) to property ID 943 (farm)
98,403,1582,DAY 07/02/2025 - moved 4 animals from property ID 403 (farm) to property ID 1582 (farm)
98,410,92,DAY 07/02/2025 - moved 9 animals from property ID 410 (farm) to property ID 92 (trader)
98,415,1371,DAY 07/02/2025 - moved 13 animals from property ID 415 (trader) to property ID 1371 (farm)
98,439,930,DAY 07/02/2025 - moved 2 animals from property ID 439 (farm) to property ID 930 (farm)
98,443,92,DAY 07/02/2025 - moved 9 animals from property ID 443 (farm) to property ID 92 (trader)
98,464,440,DAY 07/02/2025 - moved 4 animals from property ID 464 (farm) to property ID 440 (farm)
98,468,1273,DAY 07/02/2025 - moved 5 animals from property ID 468 (farm) to property ID 1273 (trader)
98,483,189,DAY 07/02/2025 - moved 11 animals from property ID 483 (farm) to property ID 189 (saleyard)
98,502,1479,DAY 07/02/2025 - moved 10 animals from property ID 502 (farm) to property ID 1479 (trader)
98,522,1478,DAY 07/02/2025 - moved 9 animals from property ID 522 (farm) to property ID 1478 (farm)
98,620,81,DAY 07/02/2025 - moved 2 animals from property ID 620 (farm) to property ID 81 (farm)
98,644,1907,DAY 07/02/2025 - moved 5 animals from property ID 644 (farm) to property ID 1907 (feedlot)
98,665,368,DAY 07/02/2025 - moved 4 animals from property ID 665 (farm) to property ID 368 (farm)
98,673,867,DAY 07/02/2025 - moved 4 animals from property ID 673 (farm) to property ID 867 (feedlot)
98,700,787,DAY 07/02/2025 - moved 9 animals from property ID 700 (trader) to property ID 787 (farm)
98,700,904,DAY 07/02/2025 - moved 8 animals from property ID 700 (trader) to property ID 904 (trader)
98,701,1273,DAY 07/02/2025 - moved 2 animals from property ID 701 (farm) to property ID 1273 (trader)
98,704,1148,DAY 07/02/2025 - moved 1 animals from property ID 704 (farm) to property ID 1148 (farm)
98,715,1907,DAY 07/02/2025 - moved 14 animals from property ID 715 (farm) to property ID 1907 (feedlot)
98,742,782,DAY 07/02/2025 - moved 11 animals from property ID 742 (farm) to property ID 782 (trader)
98,766,782,DAY 07/02/2025 - moved 6 animals from property ID 766 (farm) to property ID 782 (trader)
98,775,264,DAY 07/02/2025 - moved 3 animals from property ID 775 (farm) to property ID 264 (feedlot)
98,782,592,DAY 07/02/2025 - moved 25 animals from property ID 782 (trader) to property ID 592 (farm)
98,782,117,DAY 07/02/2025 - moved 26 animals from property ID 782 (trader) to property ID 117 (farm)
98,806,1479,DAY 07/02/2025 - moved 8 animals from property ID 806 (farm) to property ID 1479 (trader)
98,809,758,DAY 07/02/2025 - moved 5 animals from property ID 809 (farm) to property ID 758 (feedlot)
98,816,189,DAY 07/02/2025 - moved 3 animals from property ID 816 (farm) to property ID 189 (saleyard)
98,831,964,DAY 07/02/2025 - moved 4 animals from property ID 831 (farm) to property ID 964 (feedlot)
98,863,782,DAY 07/02/2025 - moved 6 animals from property ID 863 (farm) to property ID 782 (trader)
98,879,189,DAY 07/02/2025 - moved 7 animals from property ID 879 (farm) to property ID 189 (saleyard)
98,885,188,DAY 07/02/2025 - moved 9 animals from property ID 885 (farm) to property ID 188 (feedlot)
98,901,866,DAY 07/02/2025 - moved 7 animals from property ID 901 (farm) to property ID 866 (feedlot)
98,904,865,DAY 07/02/2025 - moved 4 animals from property ID 904 (trader) to property ID 865 (farm)
98,904,265,DAY 07/02/2025 - moved 4 animals from property ID 904 (trader) to property ID 265 (farm)
98,904,700,DAY 07/02/2025 - moved 4 animals from property ID 904 (trader) to property ID 700 (trader)
98,915,513,DAY 07/02/2025 - moved 1 animals from property ID 915 (farm) to property ID 513 (farm)
98,930,867,DAY 07/02/2025 - moved 2 animals from property ID 930 (farm) to property ID 867 (feedlot)
98,946,1301,DAY 07/02/2025 - moved 3 animals from property ID 946 (farm) to property ID 1301 (saleyard)
98,975,458,DAY 07/02/2025 - moved 3 animals from property ID 975 (farm) to property ID 458 (abbattoir)
98,987,1523,DAY 07/02/2025 - moved 3 animals from property ID 987 (farm) to property ID 1523 (farm)
98,991,438,DAY 07/02/2025 - moved 4 animals from property ID 991 (farm) to property ID 438 (farm)
98,1011,892,DAY 07/02/2025 - moved 5 animals from property ID 1011 (farm) to property ID 892 (farm)
98,1032,1823,DAY 07/02/2025 - moved 5 animals from property ID 1032 (farm) to property ID 1823 (trader)
98,1099,782,DAY 07/02/2025 - moved 6 animals from property ID 1099 (farm) to property ID 782 (trader)
98,1117,967,DAY 07/02/2025 - moved 7 animals from property ID 1117 (farm) to property ID 967 (farm)
98,1118,1823,DAY 07/02/2025 - moved 6 animals from property ID 1118 (farm) to property ID 1823 (trader)
98,1119,1402,DAY 07/02/2025 - moved 7 animals from property ID 1119 (trader) to property ID 1402 (farm)
98,1119,867,DAY 07/02/2025 - moved 7 animals from property ID 1119 (trader) to property ID 867 (feedlot)
98,1142,1077,DAY 07/02/2025 - moved 6 animals from property ID 1142 (farm) to property ID 1077 (farm)
98,1148,1893,DAY 07/02/2025 - moved 5 animals from property ID 1148 (farm) to property ID 1893 (farm)
98,1150,524,DAY 07/02/2025 - moved 2 animals from property ID 1150 (farm) to property ID 524 (feedlot)
98,1178,415,DAY 07/02/2025 - moved 6 animals from property ID 1178 (farm) to property ID 415 (trader)
98,1192,344,DAY 07/02/2025 - moved 1 animals from property ID 1192 (farm) to property ID 344 (farm)
98,1209,867,DAY 07/02/2025 - moved 2 animals from property ID 1209 (farm) to property ID 867 (feedlot)
98,1239,1105,DAY 07/02/2025 - moved 7 animals from property ID 1239 (farm) to property ID 1105 (farm)
98,1262,1787,DAY 07/02/2025 - moved 3 animals from property ID 1262 (farm) to property ID 1787 (farm)
98,1272,782,DAY 07/02/2025 - moved 6 animals from property ID 1272 (farm) to property ID 782 (trader)
98,1273,328,DAY 07/02/2025 - moved 10 animals from property ID 1273 (trader) to property ID 328 (farm)
98,1273,1018,DAY 07/02/2025 - moved 10 animals from property ID 1273 (trader) to property ID 1018 (farm)
98,1273,455,DAY 07/02/2025 - moved 10 animals from property ID 1273 (trader) to property ID 455 (farm)
98,1276,867,DAY 07/02/2025 - moved 2 animals from property ID 1276 (farm) to property ID 867 (feedlot)
98,1289,1889,DAY 07/02/2025 - moved 8 animals from property ID 1289 (farm) to property ID 1889 (farm)
98,1300,758,DAY 07/02/2025 - moved 9 animals from property ID 1300 (farm) to property ID 758 (feedlot)
98,1301,846,DAY 07/02/2025 - moved 11 animals from property ID 1301 (saleyard) to property ID 846 (farm)
98,1301,1989,DAY 07/02/2025 - moved 12 animals from property ID 1301 (saleyard) to property ID 1989 (farm)
98,1301,180,DAY 07/02/2025 - moved 12 animals from property ID 1301 (saleyard) to property ID 180 (farm)
98,1301,1125,DAY 07/02/2025 - moved 12 animals from property ID 1301 (saleyard) to property ID 1125 (farm)
98,1301,1232,DAY 07/02/2025 - moved 12 animals from property ID 1301 (saleyard) to property ID 1232 (farm)
98,1331,700,DAY 07/02/2025 - moved 4 animals from property ID 1331 (farm) to property ID 700 (trader)
98,1355,1727,DAY 07/02/2025 - moved 6 animals from property ID 1355 (farm) to property ID 1727 (farm)
98,1357,1907,DAY 07/02/2025 - moved 1 animals from property ID 1357 (farm) to property ID 1907 (feedlot)
98,1385,1485,DAY 07/02/2025 - moved 11 animals from property ID 1385 (farm) to property ID 1485 (farm)
98,1391,29,DAY 07/02/2025 - moved 2 animals from property ID 1391 (farm) to property ID 29 (farm)
98,1396,120,DAY 07/02/2025 - moved 4 animals from property ID 1396 (farm) to property ID 120 (farm)
98,1429,1062,DAY 07/02/2025 - moved 5 animals from property ID 1429 (farm) to property ID 1062 (farm)
98,1434,1119,DAY 07/02/2025 - moved 1 animals from property ID 1434 (farm) to property ID 1119 (trader)
98,1479,1255,DAY 07/02/2025 - moved 30 animals from property ID 1479 (trader) to property ID 1255 (farm)
98,1479,721,DAY 07/02/2025 - moved 30 animals from property ID 1479 (trader) to property ID 721 (farm)
98,1481,964,DAY 07/02/2025 - moved 2 animals from property ID 1481 (farm) to property ID 964 (feedlot)
98,1483,189,DAY 07/02/2025 - moved 9 animals from property ID 1483 (farm) to property ID 189 (saleyard)
98,1526,1230,DAY 07/02/2025 - moved 10 animals from property ID 1526 (farm) to property ID 1230 (farm)
98,1534,1666,DAY 07/02/2025 - moved 4 animals from property ID 1534 (farm) to property ID 1666 (feedlot)
98,1541,1273,DAY 07/02/2025 - moved 1 animals from property ID 1541 (farm) to property ID 1273 (trader)
98,1557,524,DAY 07/02/2025 - moved 3 animals from property ID 1557 (farm) to property ID 524 (feedlot)
98,1563,92,DAY 07/02/2025 - moved 4 animals from property ID 1563 (farm) to property ID 92 (trader)
98,1594,782,DAY 07/02/2025 - moved 7 animals from property ID 1594 (farm) to property ID 782 (trader)
98,1596,896,DAY 07/02/2025 - moved 7 animals from property ID 1596 (farm) to property ID 896 (farm)
98,1625,1931,DAY 07/02/2025 - moved 3 animals from property ID 1625 (farm) to property ID 1931 (farm)
98,1655,867,DAY 07/02/2025 - moved 2 animals from property ID 1655 (farm) to property ID 867 (feedlot)
98,1659,1083,DAY 07/02/2025 - moved 2 animals from property ID 1659 (farm) to property ID 1083 (farm)
98,1665,700,DAY 07/02/2025 - moved 4 animals from property ID 1665 (farm) to property ID 700 (trader)
98,1672,693,DAY 07/02/2025 - moved 4 animals from property ID 1672 (farm) to property ID 693 (farm)
98,1728,1148,DAY 07/02/2025 - moved 2 animals from property ID 1728 (farm) to property ID 1148 (farm)
98,1750,1436,DAY 07/02/2025 - moved 10 animals from property ID 1750 (farm) to property ID 1436 (farm)
98,1760,1666,DAY 07/02/2025 - moved 1 animals from property ID 1760 (farm) to property ID 1666 (feedlot)
98,1765,524,DAY 07/02/2025 - moved 4 animals from property ID 1765 (farm) to property ID 524 (feedlot)
98,1813,92,DAY 07/02/2025 - moved 4 animals from property ID 1813 (farm) to property ID 92 (trader)
98,1823,1301,DAY 07/02/2025 - moved 36 animals from property ID 1823 (trader) to property ID 1301 (saleyard)
98,1848,1596,DAY 07/02/2025 - moved 20 animals from property ID 1848 (farm) to property ID 1596 (farm)
98,1858,1738,DAY 07/02/2025 - moved 6 animals from property ID 1858 (farm) to property ID 1738 (farm)
98,1888,758,DAY 07/02/2025 - moved 14 animals from property ID 1888 (farm) to property ID 758 (feedlot)
98,1894,1109,DAY 07/02/2025 - moved 4 animals from property ID 1894 (farm) to property ID 1109 (feedlot)
98,1908,122,DAY 07/02/2025 - moved 5 animals from property ID 1908 (farm) to property ID 122 (farm)
98,1911,92,DAY 07/02/2025 - moved 8 animals from property ID 1911 (farm) to property ID 92 (trader)
98,1937,1957,DAY 07/02/2025 - moved 3 animals from property ID 1937 (farm) to property ID 1957 (farm)
98,1958,866,DAY 07/02/2025 - moved 3 animals from property ID 1958 (farm) to property ID 866 (feedlot)
98,1964,956,DAY 07/02/2025 - moved 5 animals from property ID 1964 (farm) to property ID 956 (farm)
98,1974,782,DAY 07/02/2025 - moved 11 animals from property ID 1974 (farm) to property ID 782 (trader)
98,1977,1907,DAY 07/02/2025 - moved 11 animals from property ID 1977 (farm) to property ID 1907 (feedlot)
98,1999,1666,DAY 07/02/2025 - moved 19 animals from property ID 1999 (farm) to property ID 1666 (feedlot)
99,3,1673,DAY 08/02/2025 - moved 5 animals from property ID 3 (farm) to property ID 1673 (farm)
99,17,1907,DAY 08/02/2025 - moved 8 animals from property ID 17 (farm) to property ID 1907 (feedlot)
99,32,964,DAY 08/02/2025 - moved 1 animals from property ID 32 (farm) to property ID 964 (feedlot)
99,70,1448,DAY 08/02/2025 - moved 1 animals from property ID 70 (farm) to property ID 1448 (farm)
99,83,905,DAY 08/02/2025 - moved 16 animals from property ID 83 (farm) to property ID 905 (farm)
99,84,481,DAY 08/02/2025 - moved 2 animals from property ID 84 (farm) to property ID 481 (farm)
99,92,1666,DAY 08/02/2025 - moved 41 animals from property ID 92 (trader) to property ID 1666 (feedlot)
99,131,1119,DAY 08/02/2025 - moved 1 animals from property ID 131 (farm) to property ID 1119 (trader)
99,139,92,DAY 08/02/2025 - moved 4 animals from property ID 139 (farm) to property ID 92 (trader)
99,145,524,DAY 08/02/2025 - moved 5 animals from property ID 145 (farm) to property ID 524 (feedlot)
99,146,1109,DAY 08/02/2025 - moved 4 animals from property ID 146 (farm) to property ID 1109 (feedlot)
99,158,971,DAY 08/02/2025 - moved 24 animals from property ID 158 (farm) to property ID 971 (farm)
99,159,1836,DAY 08/02/2025 - moved 10 animals from property ID 159 (farm) to property ID 1836 (farm)
99,168,1110,DAY 08/02/2025 - moved 1 animals from property ID 168 (farm) to property ID 1110 (feedlot)
99,186,866,DAY 08/02/2025 - moved 5 animals from property ID 186 (farm) to property ID 866 (feedlot)
99,191,92,DAY 08/02/2025 - moved 4 animals from property ID 191 (farm) to property ID 92 (trader)
99,210,889,DAY 08/02/2025 - moved 9 animals from property ID 210 (farm) to property ID 889 (farm)
99,287,865,DAY 08/02/2025 - moved 2 animals from property ID 287 (farm) to property ID 865 (farm)
99,340,79,DAY 08/02/2025 - moved 65 animals from property ID 340 (farm) to property ID 79 (farm)
99,358,1559,DAY 08/02/2025 - moved 9 animals from property ID 358 (farm) to property ID 1559 (farm)
99,374,592,DAY 08/02/2025 - moved 18 animals from property ID 374 (farm) to property ID 592 (farm)
99,383,92,DAY 08/02/2025 - moved 9 animals from property ID 383 (farm) to property ID 92 (trader)
99,384,1251,DAY 08/02/2025 - moved 5 animals from property ID 384 (farm) to property ID 1251 (farm)
99,388,92,DAY 08/02/2025 - moved 3 animals from property ID 388 (farm) to property ID 92 (trader)
99,398,458,DAY 08/02/2025 - moved 16 animals from property ID 398 (farm) to property ID 458 (abbattoir)
99,408,758,DAY 08/02/2025 - moved 12 animals from property ID 408 (farm) to property ID 758 (feedlot)
99,409,1346,DAY 08/02/2025 - moved 34 animals from property ID 409 (farm) to property ID 1346 (farm)
99,411,189,DAY 08/02/2025 - moved 7 animals from property ID 411 (farm) to property ID 189 (saleyard)
99,418,1273,DAY 08/02/2025 - moved 8 animals from property ID 418 (farm) to property ID 1273 (trader)
99,427,275,DAY 08/02/2025 - moved 5 animals from property ID 427 (farm) to property ID 275 (farm)
99,436,1119,DAY 08/02/2025 - moved 2 animals from property ID 436 (farm) to property ID 1119 (trader)
99,451,781,DAY 08/02/2025 - moved 5 animals from property ID 451 (farm) to property ID 781 (farm)
99,541,1337,DAY 08/02/2025 - moved 4 animals from property ID 541 (farm) to property ID 1337 (farm)
99,571,112,DAY 08/02/2025 - moved 2 animals from property ID 571 (farm) to property ID 112 (farm)
99,585,782,DAY 08/02/2025 - moved 8 animals from property ID 585 (farm) to property ID 782 (trader)
99,592,782,DAY 08/02/2025 - moved 17 animals from property ID 592 (farm) to property ID 782 (trader)
99,618,1795,DAY 08/02/2025 - moved 11 animals from property ID 618 (farm) to property ID 1795 (farm)
99,625,1142,DAY 08/02/2025 - moved 19 animals from property ID 625 (farm) to property ID 1142 (farm)
99,635,1301,DAY 08/02/2025 - moved 3 animals from property ID 635 (farm) to property ID 1301 (saleyard)
99,640,1823,DAY 08/02/2025 - moved 4 animals from property ID 640 (farm) to property ID 1823 (trader)
99,656,1301,DAY 08/02/2025 - moved 6 animals from property ID 656 (farm) to property ID 1301 (saleyard)
99,675,4,DAY 08/02/2025 - moved 9 animals from property ID 675 (farm) to property ID 4 (farm)
99,700,524,DAY 08/02/2025 - moved 9 animals from property ID 700 (trader) to property ID 524 (feedlot)
99,700,1817,DAY 08/02/2025 - moved 9 animals from property ID 700 (trader) to property ID 1817 (farm)
99,709,1421,DAY 08/02/2025 - moved 6 animals from property ID 709 (farm) to property ID 1421 (farm)
99,710,1109,DAY 08/02/2025 - moved 4 animals from property ID 710 (farm) to property ID 1109 (feedlot)
99,737,1041,DAY 08/02/2025 - moved 4 animals from property ID 737 (farm) to property ID 1041 (farm)
99,741,646,DAY 08/02/2025 - moved 2 animals from property ID 741 (farm) to property ID 646 (farm)
99,745,782,DAY 08/02/2025 - moved 7 animals from property ID 745 (farm) to property ID 782 (trader)
99,756,1273,DAY 08/02/2025 - moved 6 animals from property ID 756 (farm) to property ID 1273 (trader)
99,762,931,DAY 08/02/2025 - moved 13 animals from property ID 762 (farm) to property ID 931 (farm)
99,769,1273,DAY 08/02/2025 - moved 4 animals from property ID 769 (farm) to property ID 1273 (trader)
99,770,867,DAY 08/02/2025 - moved 2 animals from property ID 770 (farm) to property ID 867 (feedlot)
99,780,925,DAY 08/02/2025 - moved 3 animals from property ID 780 (farm) to property ID 925 (farm)
99,781,758,DAY 08/02/2025 - moved 11 animals from property ID 781 (farm) to property ID 758 (feedlot)
99,782,458,DAY 08/02/2025 - moved 17 animals from property ID 782 (trader) to property ID 458 (abbattoir)
99,782,1181,DAY 08/02/2025 - moved 17 animals from property ID 782 (trader) to property ID 1181 (farm)
99,782,458,DAY 08/02/2025 - moved 17 animals from property ID 782 (trader) to property ID 458 (abbattoir)
99,783,1907,DAY 08/02/2025 - moved 14 animals from property ID 783 (farm) to property ID 1907 (feedlot)
99,784,1666,DAY 08/02/2025 - moved 5 animals from property ID 784 (farm) to property ID 1666 (feedlot)
99,786,244,DAY 08/02/2025 - moved 7 animals from property ID 786 (farm) to property ID 244 (farm)
99,789,109,DAY 08/02/2025 - moved 6 animals from property ID 789 (farm) to property ID 109 (farm)
99,830,524,DAY 08/02/2025 - moved 11 animals from property ID 830 (farm) to property ID 524 (feedlot)
99,856,867,DAY 08/02/2025 - moved 4 animals from property ID 856 (farm) to property ID 867 (feedlot)
99,859,1393,DAY 08/02/2025 - moved 5 animals from property ID 859 (farm) to property ID 1393 (farm)
99,865,1110,DAY 08/02/2025 - moved 11 animals from property ID 865 (farm) to property ID 1110 (feedlot)
99,904,80,DAY 08/02/2025 - moved 3 animals from property ID 904 (trader) to property ID 80 (farm)
99,904,419,DAY 08/02/2025 - moved 4 animals from property ID 904 (trader) to property ID 419 (farm)
99,904,1110,DAY 08/02/2025 - moved 4 animals from property ID 904 (trader) to property ID 1110 (feedlot)
99,907,92,DAY 08/02/2025 - moved 4 animals from property ID 907 (farm) to property ID 92 (trader)
99,910,1273,DAY 08/02/2025 - moved 8 animals from property ID 910 (farm) to property ID 1273 (trader)
99,918,1710,DAY 08/02/2025 - moved 7 animals from property ID 918 (farm) to property ID 1710 (farm)
99,931,1479,DAY 08/02/2025 - moved 15 animals from property ID 931 (farm) to property ID 1479 (trader)
99,1017,1472,DAY 08/02/2025 - moved 4 animals from property ID 1017 (farm) to property ID 1472 (farm)
99,1042,1666,DAY 08/02/2025 - moved 6 animals from property ID 1042 (farm) to property ID 1666 (feedlot)
99,1098,1868,DAY 08/02/2025 - moved 7 animals from property ID 1098 (farm) to property ID 1868 (farm)
99,1108,1823,DAY 08/02/2025 - moved 2 animals from property ID 1108 (farm) to property ID 1823 (trader)
99,1127,867,DAY 08/02/2025 - moved 3 animals from property ID 1127 (farm) to property ID 867 (feedlot)
99,1129,1823,DAY 08/02/2025 - moved 1 animals from property ID 1129 (farm) to property ID 1823 (trader)
99,1138,1534,DAY 08/02/2025 - moved 28 animals from property ID 1138 (farm) to property ID 1534 (farm)
99,1153,1878,DAY 08/02/2025 - moved 3 animals from property ID 1153 (farm) to property ID 1878 (farm)
99,1167,524,DAY 08/02/2025 - moved 1 animals from property ID 1167 (farm) to property ID 524 (feedlot)
99,1177,1823,DAY 08/02/2025 - moved 2 animals from property ID 1177 (farm) to property ID 1823 (trader)
99,1206,264,DAY 08/02/2025 - moved 2 animals from property ID 1206 (farm) to property ID 264 (feedlot)
99,1207,92,DAY 08/02/2025 - moved 3 animals from property ID 1207 (farm) to property ID 92 (trader)
99,1218,458,DAY 08/02/2025 - moved 13 animals from property ID 1218 (farm) to property ID 458 (abbattoir)
99,1245,1109,DAY 08/02/2025 - moved 3 animals from property ID 1245 (farm) to property ID 1109 (feedlot)
99,1247,869,DAY 08/02/2025 - moved 8 animals from property ID 1247 (farm) to property ID 869 (farm)
99,1255,1479,DAY 08/02/2025 - moved 10 animals from property ID 1255 (farm) to property ID 1479 (trader)
99,1279,918,DAY 08/02/2025 - moved 14 animals from property ID 1279 (farm) to property ID 918 (farm)
99,1286,1008,DAY 08/02/2025 - moved 16 animals from property ID 1286 (farm) to property ID 1008 (farm)
99,1301,949,DAY 08/02/2025 - moved 11 animals from property ID 1301 (saleyard) to property ID 949 (farm)
99,1301,867,DAY 08/02/2025 - moved 11 animals from property ID 1301 (saleyard) to property ID 867 (feedlot)
99,1301,1294,DAY 08/02/2025 - moved 11 animals from property ID 1301 (saleyard) to property ID 1294 (farm)
99,1301,613,DAY 08/02/2025 - moved 11 animals from property ID 1301 (saleyard) to property ID 613 (farm)
99,1301,867,DAY 08/02/2025 - moved 11 animals from property ID 1301 (saleyard) to property ID 867 (feedlot)
99,1354,1666,DAY 08/02/2025 - moved 4 animals from property ID 1354 (farm) to property ID 1666 (feedlot)
99,1360,1283,DAY 08/02/2025 - moved 38 animals from property ID 1360 (farm) to property ID 1283 (farm)
99,1367,1109,DAY 08/02/2025 - moved 10 animals from property ID 1367 (farm) to property ID 1109 (feedlot)
99,1368,229,DAY 08/02/2025 - moved 1 animals from property ID 1368 (farm) to property ID 229 (farm)
99,1372,1523,DAY 08/02/2025 - moved 8 animals from property ID 1372 (farm) to property ID 1523 (farm)
99,1376,916,DAY 08/02/2025 - moved 1 animals from property ID 1376 (farm) to property ID 916 (farm)
99,1393,524,DAY 08/02/2025 - moved 6 animals from property ID 1393 (farm) to property ID 524 (feedlot)
99,1411,1687,DAY 08/02/2025 - moved 1 animals from property ID 1411 (farm) to property ID 1687 (farm)
99,1417,1918,DAY 08/02/2025 - moved 16 animals from property ID 1417 (farm) to property ID 1918 (farm)
99,1431,1109,DAY 08/02/2025 - moved 3 animals from property ID 1431 (farm) to property ID 1109 (feedlot)
99,1448,1273,DAY 08/02/2025 - moved 3 animals from property ID 1448 (farm) to property ID 1273 (trader)
99,1451,1949,DAY 08/02/2025 - moved 15 animals from property ID 1451 (farm) to property ID 1949 (farm)
99,1469,1301,DAY 08/02/2025 - moved 2 animals from property ID 1469 (farm) to property ID 1301 (saleyard)
99,1473,866,DAY 08/02/2025 - moved 2 animals from property ID 1473 (farm) to property ID 866 (feedlot)
99,1479,1628,DAY 08/02/2025 - moved 28 animals from property ID 1479 (trader) to property ID 1628 (farm)
99,1479,313,DAY 08/02/2025 - moved 28 animals from property ID 1479 (trader) to property ID 313 (farm)
99,1488,70,DAY 08/02/2025 - moved 9 animals from property ID 1488 (farm) to property ID 70 (farm)
99,1505,1389,DAY 08/02/2025 - moved 6 animals from property ID 1505 (farm) to property ID 1389 (farm)
99,1509,264,DAY 08/02/2025 - moved 3 animals from property ID 1509 (farm) to property ID 264 (feedlot)
99,1515,867,DAY 08/02/2025 - moved 5 animals from property ID 1515 (farm) to property ID 867 (feedlot)
99,1525,758,DAY 08/02/2025 - moved 22 animals from property ID 1525 (farm) to property ID 758 (feedlot)
99,1530,1273,DAY 08/02/2025 - moved 2 animals from property ID 1530 (farm) to property ID 1273 (trader)
99,1579,1869,DAY 08/02/2025 - moved 3 animals from property ID 1579 (farm) to property ID 1869 (farm)
99,1602,901,DAY 08/02/2025 - moved 4 animals from property ID 1602 (farm) to property ID 901 (farm)
99,1632,1823,DAY 08/02/2025 - moved 9 animals from property ID 1632 (farm) to property ID 1823 (trader)
99,1637,545,DAY 08/02/2025 - moved 18 animals from property ID 1637 (farm) to property ID 545 (farm)
99,1640,1455,DAY 08/02/2025 - moved 4 animals from property ID 1640 (farm) to property ID 1455 (farm)
99,1645,1009,DAY 08/02/2025 - moved 2 animals from property ID 1645 (farm) to property ID 1009 (farm)
99,1654,867,DAY 08/02/2025 - moved 2 animals from property ID 1654 (farm) to property ID 867 (feedlot)
99,1670,598,DAY 08/02/2025 - moved 2 animals from property ID 1670 (farm) to property ID 598 (farm)
99,1673,1823,DAY 08/02/2025 - moved 2 animals from property ID 1673 (farm) to property ID 1823 (trader)
99,1692,853,DAY 08/02/2025 - moved 2 animals from property ID 1692 (farm) to property ID 853 (farm)
99,1694,866,DAY 08/02/2025 - moved 1 animals from property ID 1694 (farm) to property ID 866 (feedlot)
99,1710,92,DAY 08/02/2025 - moved 6 animals from property ID 1710 (farm) to property ID 92 (trader)
99,1718,782,DAY 08/02/2025 - moved 5 animals from property ID 1718 (farm) to property ID 782 (trader)
99,1723,1823,DAY 08/02/2025 - moved 6 animals from property ID 1723 (farm) to property ID 1823 (trader)
99,1727,1823,DAY 08/02/2025 - moved 6 animals from property ID 1727 (farm) to property ID 1823 (trader)
99,1743,1767,DAY 08/02/2025 - moved 8 animals from property ID 1743 (farm) to property ID 1767 (farm)
99,1753,1684,DAY 08/02/2025 - moved 9 animals from property ID 1753 (farm) to property ID 1684 (farm)
99,1783,867,DAY 08/02/2025 - moved 3 animals from property ID 1783 (farm) to property ID 867 (feedlot)
99,1785,398,DAY 08/02/2025 - moved 51 animals from property ID 1785 (farm) to property ID 398 (farm)
99,1799,92,DAY 08/02/2025 - moved 13 animals from property ID 1799 (farm) to property ID 92 (trader)
99,1809,964,DAY 08/02/2025 - moved 4 animals from property ID 1809 (farm) to property ID 964 (feedlot)
99,1823,1301,DAY 08/02/2025 - moved 16 animals from property ID 1823 (trader) to property ID 1301 (saleyard)
99,1823,301,DAY 08/02/2025 - moved 16 animals from property ID 1823 (trader) to property ID 301 (farm)
99,1824,1704,DAY 08/02/2025 - moved 70 animals from property ID 1824 (farm) to property ID 1704 (farm)
99,1872,624,DAY 08/02/2025 - moved 8 animals from property ID 1872 (farm) to property ID 624 (farm)
99,1885,458,DAY 08/02/2025 - moved 21 animals from property ID 1885 (farm) to property ID 458 (abbattoir)
99,1899,1109,DAY 08/02/2025 - moved 5 animals from property ID 1899 (farm) to property ID 1109 (feedlot)
99,1902,700,DAY 08/02/2025 - moved 3 animals from property ID 1902 (farm) to property ID 700 (trader)
99,1919,867,DAY 08/02/2025 - moved 4 animals from property ID 1919 (farm) to property ID 867 (feedlot)
99,1938,1273,DAY 08/02/2025 - moved 3 animals from property ID 1938 (farm) to property ID 1273 (trader)
99,1947,964,DAY 08/02/2025 - moved 7 animals from property ID 1947 (farm) to property ID 964 (feedlot)
99,1950,189,DAY 08/02/2025 - moved 2 animals from property ID 1950 (farm) to property ID 189 (saleyard)
99,1975,1244,DAY 08/02/2025 - moved 4 animals from property ID 1975 (farm) to property ID 1244 (farm)
99,1993,1303,DAY 08/02/2025 - moved 6 animals from property ID 1993 (farm) to property ID 1303 (farm)
100,10,866,DAY 09/02/2025 - moved 13 animals from property ID 10 (farm) to property ID 866 (feedlot)
100,19,592,DAY 09/02/2025 - moved 12 animals from property ID 19 (farm) to property ID 592 (farm)
100,36,924,DAY 09/02/2025 - moved 14 animals from property ID 36 (farm) to property ID 924 (farm)
100,53,918,DAY 09/02/2025 - moved 10 animals from property ID 53 (farm) to property ID 918 (farm)
100,55,654,DAY 09/02/2025 - moved 4 animals from property ID 55 (farm) to property ID 654 (farm)
100,93,1103,DAY 09/02/2025 - moved 3 animals from property ID 93 (farm) to property ID 1103 (farm)
100,112,1119,DAY 09/02/2025 - moved 4 animals from property ID 112 (farm) to property ID 1119 (trader)
100,122,1110,DAY 09/02/2025 - moved 3 animals from property ID 122 (farm) to property ID 1110 (feedlot)
100,129,1666,DAY 09/02/2025 - moved 2 animals from property ID 129 (farm) to property ID 1666 (feedlot)
100,137,287,DAY 09/02/2025 - moved 6 animals from property ID 137 (farm) to property ID 287 (farm)
100,166,197,DAY 09/02/2025 - moved 6 animals from property ID 166 (farm) to property ID 197 (farm)
100,170,1907,DAY 09/02/2025 - moved 6 animals from property ID 170 (farm) to property ID 1907 (feedlot)
100,189,524,DAY 09/02/2025 - moved 32 animals from property ID 189 (saleyard) to property ID 524 (feedlot)
100,194,1479,DAY 09/02/2025 - moved 16 animals from property ID 194 (farm) to property ID 1479 (trader)
100,214,329,DAY 09/02/2025 - moved 23 animals from property ID 214 (farm) to property ID 329 (farm)
100,218,264,DAY 09/02/2025 - moved 1 animals from property ID 218 (farm) to property ID 264 (feedlot)
100,233,229,DAY 09/02/2025 - moved 1 animals from property ID 233 (farm) to property ID 229 (farm)
100,242,700,DAY 09/02/2025 - moved 5 animals from property ID 242 (farm) to property ID 700 (trader)
100,243,775,DAY 09/02/2025 - moved 14 animals from property ID 243 (farm) to property ID 775 (farm)
100,255,1632,DAY 09/02/2025 - moved 5 animals from property ID 255 (farm) to property ID 1632 (farm)
100,261,690,DAY 09/02/2025 - moved 3 animals from property ID 261 (farm) to property ID 690 (farm)
100,275,709,DAY 09/02/2025 - moved 11 animals from property ID 275 (farm) to property ID 709 (farm)
100,279,1176,DAY 09/02/2025 - moved 1 animals from property ID 279 (farm) to property ID 1176 (farm)
100,317,1726,DAY 09/02/2025 - moved 52 animals from property ID 317 (farm) to property ID 1726 (farm)
100,324,395,DAY 09/02/2025 - moved 5 animals from property ID 324 (farm) to property ID 395 (farm)
100,325,1479,DAY 09/02/2025 - moved 13 animals from property ID 325 (farm) to property ID 1479 (trader)
100,334,415,DAY 09/02/2025 - moved 10 animals from property ID 334 (farm) to property ID 415 (trader)
100,354,1301,DAY 09/02/2025 - moved 3 animals from property ID 354 (farm) to property ID 1301 (saleyard)
100,368,1985,DAY 09/02/2025 - moved 5 animals from property ID 368 (farm) to property ID 1985 (farm)
100,391,1494,DAY 09/02/2025 - moved 6 animals from property ID 391 (farm) to property ID 1494 (farm)
100,395,1823,DAY 09/02/2025 - moved 20 animals from property ID 395 (farm) to property ID 1823 (trader)
100,415,1301,DAY 09/02/2025 - moved 6 animals from property ID 415 (trader) to property ID 1301 (saleyard)
100,415,75,DAY 09/02/2025 - moved 6 animals from property ID 415 (trader) to property ID 75 (farm)
100,423,809,DAY 09/02/2025 - moved 9 animals from property ID 423 (farm) to property ID 809 (farm)
100,447,782,DAY 09/02/2025 - moved 12 animals from property ID 447 (farm) to property ID 782 (trader)
100,455,524,DAY 09/02/2025 - moved 7 animals from property ID 455 (farm) to property ID 524 (feedlot)
100,460,867,DAY 09/02/2025 - moved 2 animals from property ID 460 (farm) to property ID 867 (feedlot)
100,481,1109,DAY 09/02/2025 - moved 9 animals from property ID 481 (farm) to property ID 1109 (feedlot)
100,509,867,DAY 09/02/2025 - moved 4 animals from property ID 509 (farm) to property ID 867 (feedlot)
100,528,1464,DAY 09/02/2025 - moved 6 animals from property ID 528 (farm) to property ID 1464 (farm)
100,557,1428,DAY 09/02/2025 - moved 4 animals from property ID 557 (farm) to property ID 1428 (farm)
100,560,1057,DAY 09/02/2025 - moved 4 animals from property ID 560 (farm) to property ID 1057 (farm)
100,562,1722,DAY 09/02/2025 - moved 16 animals from property ID 562 (farm) to property ID 1722 (farm)
100,598,1273,DAY 09/02/2025 - moved 7 animals from property ID 598 (farm) to property ID 1273 (trader)
100,615,189,DAY 09/02/2025 - moved 2 animals from property ID 615 (farm) to property ID 189 (saleyard)
100,623,794,DAY 09/02/2025 - moved 4 animals from property ID 623 (farm) to property ID 794 (farm)
100,633,189,DAY 09/02/2025 - moved 2 animals from property ID 633 (farm) to property ID 189 (saleyard)
100,647,188,DAY 09/02/2025 - moved 4 animals from property ID 647 (farm) to property ID 188 (feedlot)
100,694,1479,DAY 09/02/2025 - moved 14 animals from property ID 694 (farm) to property ID 1479 (trader)
100,697,92,DAY 09/02/2025 - moved 2 animals from property ID 697 (farm) to property ID 92 (trader)
100,698,1790,DAY 09/02/2025 - moved 4 animals from property ID 698 (farm) to property ID 1790 (farm)
100,700,1930,DAY 09/02/2025 - moved 15 animals from property ID 700 (trader) to property ID 1930 (farm)
100,726,1301,DAY 09/02/2025 - moved 2 animals from property ID 726 (farm) to property ID 1301 (saleyard)
100,728,1047,DAY 09/02/2025 - moved 16 animals from property ID 728 (farm) to property ID 1047 (farm)
100,732,189,DAY 09/02/2025 - moved 3 animals from property ID 732 (farm) to property ID 189 (saleyard)
100,782,1867,DAY 09/02/2025 - moved 48 animals from property ID 782 (trader) to property ID 1867 (farm)
100,795,1479,DAY 09/02/2025 - moved 6 animals from property ID 795 (farm) to property ID 1479 (trader)
100,804,1224,DAY 09/02/2025 - moved 1 animals from property ID 804 (farm) to property ID 1224 (farm)
100,818,964,DAY 09/02/2025 - moved 9 animals from property ID 818 (farm) to property ID 964 (feedlot)
100,820,189,DAY 09/02/2025 - moved 4 animals from property ID 820 (farm) to property ID 189 (saleyard)
100,823,189,DAY 09/02/2025 - moved 5 animals from property ID 823 (farm) to property ID 189 (saleyard)
100,883,1119,DAY 09/02/2025 - moved 2 animals from property ID 883 (farm) to property ID 1119 (trader)
100,890,188,DAY 09/02/2025 - moved 2 animals from property ID 890 (farm) to property ID 188 (feedlot)
100,893,114,DAY 09/02/2025 - moved 1 animals from property ID 893 (farm) to property ID 114 (farm)
100,900,266,DAY 09/02/2025 - moved 27 animals from property ID 900 (farm) to property ID 266 (farm)
100,903,1413,DAY 09/02/2025 - moved 4 animals from property ID 903 (farm) to property ID 1413 (farm)
100,904,700,DAY 09/02/2025 - moved 5 animals from property ID 904 (trader) to property ID 700 (trader)
100,904,264,DAY 09/02/2025 - moved 4 animals from property ID 904 (trader) to property ID 264 (feedlot)
100,914,666,DAY 09/02/2025 - moved 12 animals from property ID 914 (farm) to property ID 666 (farm)
100,928,458,DAY 09/02/2025 - moved 6 animals from property ID 928 (farm) to property ID 458 (abbattoir)
100,950,1446,DAY 09/02/2025 - moved 6 animals from property ID 950 (farm) to property ID 1446 (farm)
100,967,1335,DAY 09/02/2025 - moved 8 animals from property ID 967 (farm) to property ID 1335 (farm)
100,985,189,DAY 09/02/2025 - moved 6 animals from property ID 985 (farm) to property ID 189 (saleyard)
100,1005,1273,DAY 09/02/2025 - moved 5 animals from property ID 1005 (farm) to property ID 1273 (trader)
100,1025,1073,DAY 09/02/2025 - moved 18 animals from property ID 1025 (farm) to property ID 1073 (farm)
100,1053,1127,DAY 09/02/2025 - moved 2 animals from property ID 1053 (farm) to property ID 1127 (farm)
100,1063,1301,DAY 09/02/2025 - moved 3 animals from property ID 1063 (farm) to property ID 1301 (saleyard)
100,1066,458,DAY 09/02/2025 - moved 15 animals from property ID 1066 (farm) to property ID 458 (abbattoir)
100,1073,822,DAY 09/02/2025 - moved 18 animals from property ID 1073 (farm) to property ID 822 (farm)
100,1089,651,DAY 09/02/2025 - moved 4 animals from property ID 1089 (farm) to property ID 651 (farm)
100,1090,1464,DAY 09/02/2025 - moved 4 animals from property ID 1090 (farm) to property ID 1464 (farm)
100,1112,109,DAY 09/02/2025 - moved 6 animals from property ID 1112 (farm) to property ID 109 (farm)
100,1119,867,DAY 09/02/2025 - moved 7 animals from property ID 1119 (trader) to property ID 867 (feedlot)
100,1119,1109,DAY 09/02/2025 - moved 6 animals from property ID 1119 (trader) to property ID 1109 (feedlot)
100,1147,782,DAY 09/02/2025 - moved 26 animals from property ID 1147 (farm) to property ID 782 (trader)
100,1151,1479,DAY 09/02/2025 - moved 1 animals from property ID 1151 (farm) to property ID 1479 (trader)
100,1181,782,DAY 09/02/2025 - moved 18 animals from property ID 1181 (farm) to property ID 782 (trader)
100,1215,867,DAY 09/02/2025 - moved 2 animals from property ID 1215 (farm) to property ID 867 (feedlot)
100,1258,189,DAY 09/02/2025 - moved 3 animals from property ID 1258 (farm) to property ID 189 (saleyard)
100,1261,782,DAY 09/02/2025 - moved 10 animals from property ID 1261 (farm) to property ID 782 (trader)
100,1273,1005,DAY 09/02/2025 - moved 19 animals from property ID 1273 (trader) to property ID 1005 (farm)
100,1273,94,DAY 09/02/2025 - moved 18 animals from property ID 1273 (trader) to property ID 94 (farm)
100,1288,791,DAY 09/02/2025 - moved 6 animals from property ID 1288 (farm) to property ID 791 (farm)
100,1296,506,DAY 09/02/2025 - moved 3 animals from property ID 1296 (farm) to property ID 506 (farm)
100,1299,346,DAY 09/02/2025 - moved 5 animals from property ID 1299 (farm) to property ID 346 (farm)
100,1301,1017,DAY 09/02/2025 - moved 9 animals from property ID 1301 (saleyard) to property ID 1017 (farm)
100,1301,63,DAY 09/02/2025 - moved 8 animals from property ID 1301 (saleyard) to property ID 63 (farm)
100,1301,1620,DAY 09/02/2025 - moved 8 animals from property ID 1301 (saleyard) to property ID 1620 (farm)
100,1301,867,DAY 09/02/2025 - moved 8 animals from property ID 1301 (saleyard) to property ID 867 (feedlot)
100,1301,867,DAY 09/02/2025 - moved 8 animals from property ID 1301 (saleyard) to property ID 867 (feedlot)
100,1301,86,DAY 09/02/2025 - moved 8 animals from property ID 1301 (saleyard) to property ID 86 (farm)
100,1308,554,DAY 09/02/2025 - moved 2 animals from property ID 1308 (farm) to property ID 554 (farm)
100,1381,189,DAY 09/02/2025 - moved 10 animals from property ID 1381 (farm) to property ID 189 (saleyard)
100,1438,904,DAY 09/02/2025 - moved 5 animals from property ID 1438 (farm) to property ID 904 (trader)
100,1446,782,DAY 09/02/2025 - moved 8 animals from property ID 1446 (farm) to property ID 782 (trader)
100,1457,1301,DAY 09/02/2025 - moved 1 animals from property ID 1457 (farm) to property ID 1301 (saleyard)
100,1479,378,DAY 09/02/2025 - moved 16 animals from property ID 1479 (trader) to property ID 378 (farm)
100,1479,152,DAY 09/02/2025 - moved 17 animals from property ID 1479 (trader) to property ID 152 (farm)
100,1479,758,DAY 09/02/2025 - moved 17 animals from property ID 1479 (trader) to property ID 758 (feedlot)
100,1521,338,DAY 09/02/2025 - moved 7 animals from property ID 1521 (farm) to property ID 338 (farm)
100,1523,1666,DAY 09/02/2025 - moved 5 animals from property ID 1523 (farm) to property ID 1666 (feedlot)
100,1537,524,DAY 09/02/2025 - moved 5 animals from property ID 1537 (farm) to property ID 524 (feedlot)
100,1554,1868,DAY 09/02/2025 - moved 11 animals from property ID 1554 (farm) to property ID 1868 (farm)
100,1556,1249,DAY 09/02/2025 - moved 11 animals from property ID 1556 (farm) to property ID 1249 (farm)
100,1566,1301,DAY 09/02/2025 - moved 8 animals from property ID 1566 (farm) to property ID 1301 (saleyard)
100,1578,1588,DAY 09/02/2025 - moved 6 animals from property ID 1578 (farm) to property ID 1588 (farm)
100,1613,26,DAY 09/02/2025 - moved 10 animals from property ID 1613 (farm) to property ID 26 (farm)
100,1703,1772,DAY 09/02/2025 - moved 3 animals from property ID 1703 (farm) to property ID 1772 (farm)
100,1796,415,DAY 09/02/2025 - moved 3 animals from property ID 1796 (farm) to property ID 415 (trader)
100,1842,160,DAY 09/02/2025 - moved 6 animals from property ID 1842 (farm) to property ID 160 (farm)
100,1843,1273,DAY 09/02/2025 - moved 3 animals from property ID 1843 (farm) to property ID 1273 (trader)
100,1847,1273,DAY 09/02/2025 - moved 3 animals from property ID 1847 (farm) to property ID 1273 (trader)
100,1856,1666,DAY 09/02/2025 - moved 4 animals from property ID 1856 (farm) to property ID 1666 (feedlot)
100,1880,357,DAY 09/02/2025 - moved 6 animals from property ID 1880 (farm) to property ID 357 (farm)
100,1909,471,DAY 09/02/2025 - moved 5 animals from property ID 1909 (farm) to property ID 471 (farm)
100,1939,866,DAY 09/02/2025 - moved 2 animals from property ID 1939 (farm) to property ID 866 (feedlot)
100,1968,415,DAY 09/02/2025 - moved 6 animals from property ID 1968 (farm) to property ID 415 (trader)
100,1971,1569,DAY 09/02/2025 - moved 2 animals from property ID 1971 (farm) to property ID 1569 (farm)
100,1979,594,DAY 09/02/2025 - moved 1 animals from property ID 1979 (farm) to property ID 594 (farm)
100,1988,122,DAY 09/02/2025 - moved 2 animals from property ID 1988 (farm) to property ID 122 (farm)
101,12,1119,DAY 10/02/2025 - moved 3 animals from property ID 12 (farm) to property ID 1119 (trader)
101,20,126,DAY 10/02/2025 - moved 2 animals from property ID 20 (farm) to property ID 126 (farm)
101,24,1823,DAY 10/02/2025 - moved 5 animals from property ID 24 (farm) to property ID 1823 (trader)
101,31,1559,DAY 10/02/2025 - moved 3 animals from property ID 31 (farm) to property ID 1559 (farm)
101,46,118,DAY 10/02/2025 - moved 5 animals from property ID 46 (farm) to property ID 118 (farm)
101,52,1301,DAY 10/02/2025 - moved 5 animals from property ID 52 (farm) to property ID 1301 (saleyard)
101,69,1634,DAY 10/02/2025 - moved 11 animals from property ID 69 (farm) to property ID 1634 (farm)
101,92,1666,DAY 10/02/2025 - moved 14 animals from property ID 92 (trader) to property ID 1666 (feedlot)
101,92,1773,DAY 10/02/2025 - moved 14 animals from property ID 92 (trader) to property ID 1773 (farm)
101,92,81,DAY 10/02/2025 - moved 14 animals from property ID 92 (trader) to property ID 81 (farm)
101,97,867,DAY 10/02/2025 - moved 5 animals from property ID 97 (farm) to property ID 867 (feedlot)
101,98,1273,DAY 10/02/2025 - moved 6 animals from property ID 98 (farm) to property ID 1273 (trader)
101,156,524,DAY 10/02/2025 - moved 2 animals from property ID 156 (farm) to property ID 524 (feedlot)
101,184,889,DAY 10/02/2025 - moved 6 animals from property ID 184 (farm) to property ID 889 (farm)
101,189,1109,DAY 10/02/2025 - moved 16 animals from property ID 189 (saleyard) to property ID 1109 (feedlot)
101,189,524,DAY 10/02/2025 - moved 16 animals from property ID 189 (saleyard) to property ID 524 (feedlot)
101,198,1046,DAY 10/02/2025 - moved 5 animals from property ID 198 (farm) to property ID 1046 (farm)
101,204,632,DAY 10/02/2025 - moved 11 animals from property ID 204 (farm) to property ID 632 (farm)
101,205,1605,DAY 10/02/2025 - moved 3 animals from property ID 205 (farm) to property ID 1605 (farm)
101,208,92,DAY 10/02/2025 - moved 7 animals from property ID 208 (farm) to property ID 92 (trader)
101,231,758,DAY 10/02/2025 - moved 6 animals from property ID 231 (farm) to property ID 758 (feedlot)
101,240,92,DAY 10/02/2025 - moved 5 animals from property ID 240 (farm) to property ID 92 (trader)
101,262,758,DAY 10/02/2025 - moved 7 animals from property ID 262 (farm) to property ID 758 (feedlot)
101,267,898,DAY 10/02/2025 - moved 4 animals from property ID 267 (farm) to property ID 898 (farm)
101,271,224,DAY 10/02/2025 - moved 4 animals from property ID 271 (farm) to property ID 224 (farm)
101,273,1790,DAY 10/02/2025 - moved 9 animals from property ID 273 (farm) to property ID 1790 (farm)
101,294,700,DAY 10/02/2025 - moved 2 animals from property ID 294 (farm) to property ID 700 (trader)
101,341,209,DAY 10/02/2025 - moved 10 animals from property ID 341 (farm) to property ID 209 (farm)
101,356,162,DAY 10/02/2025 - moved 3 animals from property ID 356 (farm) to property ID 162 (farm)
101,359,1823,DAY 10/02/2025 - moved 4 animals from property ID 359 (farm) to property ID 1823 (trader)
101,377,102,DAY 10/02/2025 - moved 11 animals from property ID 377 (farm) to property ID 102 (farm)
101,415,1166,DAY 10/02/2025 - moved 5 animals from property ID 415 (trader) to property ID 1166 (farm)
101,415,1301,DAY 10/02/2025 - moved 4 animals from property ID 415 (trader) to property ID 1301 (saleyard)
101,415,1301,DAY 10/02/2025 - moved 4 animals from property ID 415 (trader) to property ID 1301 (saleyard)
101,421,524,DAY 10/02/2025 - moved 12 animals from property ID 421 (farm) to property ID 524 (feedlot)
101,431,1273,DAY 10/02/2025 - moved 3 animals from property ID 431 (farm) to property ID 1273 (trader)
101,438,1666,DAY 10/02/2025 - moved 7 animals from property ID 438 (farm) to property ID 1666 (feedlot)
101,448,782,DAY 10/02/2025 - moved 14 animals from property ID 448 (farm) to property ID 782 (trader)
101,467,1112,DAY 10/02/2025 - moved 1 animals from property ID 467 (farm) to property ID 1112 (farm)
101,531,975,DAY 10/02/2025 - moved 9 animals from property ID 531 (farm) to property ID 975 (farm)
101,553,1707,DAY 10/02/2025 - moved 12 animals from property ID 553 (farm) to property ID 1707 (farm)
101,563,189,DAY 10/02/2025 - moved 3 animals from property ID 563 (farm) to property ID 189 (saleyard)
101,581,964,DAY 10/02/2025 - moved 2 animals from property ID 581 (farm) to property ID 964 (feedlot)
101,613,1301,DAY 10/02/2025 - moved 3 animals from property ID 613 (farm) to property ID 1301 (saleyard)
101,619,189,DAY 10/02/2025 - moved 6 animals from property ID 619 (farm) to property ID 189 (saleyard)
101,649,782,DAY 10/02/2025 - moved 4 animals from property ID 649 (farm) to property ID 782 (trader)
101,657,1474,DAY 10/02/2025 - moved 2 animals from property ID 657 (farm) to property ID 1474 (farm)
101,676,1823,DAY 10/02/2025 - moved 3 animals from property ID 676 (farm) to property ID 1823 (trader)
101,678,1353,DAY 10/02/2025 - moved 42 animals from property ID 678 (farm) to property ID 1353 (farm)
101,680,989,DAY 10/02/2025 - moved 22 animals from property ID 680 (farm) to property ID 989 (farm)
101,681,415,DAY 10/02/2025 - moved 10 animals from property ID 681 (farm) to property ID 415 (trader)
101,683,867,DAY 10/02/2025 - moved 1 animals from property ID 683 (farm) to property ID 867 (feedlot)
101,696,1503,DAY 10/02/2025 - moved 8 animals from property ID 696 (farm) to property ID 1503 (farm)
101,712,268,DAY 10/02/2025 - moved 4 animals from property ID 712 (farm) to property ID 268 (farm)
101,713,964,DAY 10/02/2025 - moved 13 animals from property ID 713 (farm) to property ID 964 (feedlot)
101,760,1062,DAY 10/02/2025 - moved 11 animals from property ID 760 (farm) to property ID 1062 (farm)
101,779,866,DAY 10/02/2025 - moved 4 animals from property ID 779 (farm) to property ID 866 (feedlot)
101,805,1479,DAY 10/02/2025 - moved 6 animals from property ID 805 (farm) to property ID 1479 (trader)
101,813,1352,DAY 10/02/2025 - moved 3 animals from property ID 813 (farm) to property ID 1352 (farm)
101,821,1968,DAY 10/02/2025 - moved 2 animals from property ID 821 (farm) to property ID 1968 (farm)
101,832,458,DAY 10/02/2025 - moved 10 animals from property ID 832 (farm) to property ID 458 (abbattoir)
101,853,784,DAY 10/02/2025 - moved 2 animals from property ID 853 (farm) to property ID 784 (farm)
101,854,1479,DAY 10/02/2025 - moved 8 animals from property ID 854 (farm) to property ID 1479 (trader)
101,864,526,DAY 10/02/2025 - moved 13 animals from property ID 864 (farm) to property ID 526 (farm)
102,91,1651,DAY 11/02/2025 - moved 4 animals from property ID 91 (farm) to property ID 1651 (farm)
102,92,1386,DAY 11/02/2025 - moved 12 animals from property ID 92 (trader) to property ID 1386 (farm)
102,92,1851,DAY 11/02/2025 - moved 12 animals from property ID 92 (trader) to property ID 1851 (farm)
102,92,213,DAY 11/02/2025 - moved 12 animals from property ID 92 (trader) to property ID 213 (farm)
102,100,1301,DAY 11/02/2025 - moved 4 animals from property ID 100 (farm) to property ID 1301 (saleyard)
102,113,612,DAY 11/02/2025 - moved 10 animals from property ID 113 (farm) to property ID 612 (farm)
102,130,1395,DAY 11/02/2025 - moved 4 animals from property ID 130 (farm) to property ID 1395 (farm)
102,138,259,DAY 11/02/2025 - moved 3 animals from property ID 138 (farm) to property ID 259 (farm)
102,150,964,DAY 11/02/2025 - moved 8 animals from property ID 150 (farm) to property ID 964 (feedlot)
102,171,92,DAY 11/02/2025 - moved 5 animals from property ID 171 (farm) to property ID 92 (trader)
102,177,1169,DAY 11/02/2025 - moved 4 animals from property ID 177 (farm) to property ID 1169 (farm)
102,189,632,DAY 11/02/2025 - moved 10 animals from property ID 189 (saleyard) to property ID 632 (farm)
102,189,353,DAY 11/02/2025 - moved 9 animals from property ID 189 (saleyard) to property ID 353 (farm)
102,189,1537,DAY 11/02/2025 - moved 9 animals from property ID 189 (saleyard) to property ID 1537 (farm)
102,212,1109,DAY 11/02/2025 - moved 2 animals from property ID 212 (farm) to property ID 1109 (feedlot)
102,230,1110,DAY 11/02/2025 - moved 6 animals from property ID 230 (farm) to property ID 1110 (feedlot)
102,236,753,DAY 11/02/2025 - moved 4 animals from property ID 236 (farm) to property ID 753 (farm)
102,241,1109,DAY 11/02/2025 - moved 1 animals from property ID 241 (farm) to property ID 1109 (feedlot)
102,259,852,DAY 11/02/2025 - moved 6 animals from property ID 259 (farm) to property ID 852 (farm)
102,286,1666,DAY 11/02/2025 - moved 6 animals from property ID 286 (farm) to property ID 1666 (feedlot)
102,338,554,DAY 11/02/2025 - moved 21 animals from property ID 338 (farm) to property ID 554 (farm)
102,347,580,DAY 11/02/2025 - moved 2 animals from property ID 347 (farm) to property ID 580 (farm)
102,412,782,DAY 11/02/2025 - moved 13 animals from property ID 412 (farm) to property ID 782 (trader)
102,415,188,DAY 11/02/2025 - moved 6 animals from property ID 415 (trader) to property ID 188 (feedlot)
102,415,188,DAY 11/02/2025 - moved 6 animals from property ID 415 (trader) to property ID 188 (feedlot)
102,441,415,DAY 11/02/2025 - moved 4 animals from property ID 441 (farm) to property ID 415 (trader)
102,477,964,DAY 11/02/2025 - moved 5 animals from property ID 477 (farm) to property ID 964 (feedlot)
102,478,223,DAY 11/02/2025 - moved 3 animals from property ID 478 (farm) to property ID 223 (farm)
102,495,1301,DAY 11/02/2025 - moved 3 animals from property ID 495 (farm) to property ID 1301 (saleyard)
102,508,1771,DAY 11/02/2025 - moved 6 animals from property ID 508 (farm) to property ID 1771 (farm)
102,512,189,DAY 11/02/2025 - moved 4 animals from property ID 512 (farm) to property ID 189 (saleyard)
102,530,925,DAY 11/02/2025 - moved 3 animals from property ID 530 (farm) to property ID 925 (farm)
102,532,1301,DAY 11/02/2025 - moved 12 animals from property ID 532 (farm) to property ID 1301 (saleyard)
102,550,1773,DAY 11/02/2025 - moved 3 animals from property ID 550 (farm) to property ID 1773 (farm)
102,554,865,DAY 11/02/2025 - moved 5 animals from property ID 554 (farm) to property ID 865 (farm)
102,568,1823,DAY 11/02/2025 - moved 6 animals from property ID 568 (farm) to property ID 1823 (trader)
102,594,867,DAY 11/02/2025 - moved 7 animals from property ID 594 (farm) to property ID 867 (feedlot)
102,614,1273,DAY 11/02/2025 - moved 11 animals from property ID 614 (farm) to property ID 1273 (trader)
102,626,458,DAY 11/02/2025 - moved 24 animals from property ID 626 (farm) to property ID 458 (abbattoir)
102,631,92,DAY 11/02/2025 - moved 12 animals from property ID 631 (farm) to property ID 92 (trader)
102,634,264,DAY 11/02/2025 - moved 3 animals from property ID 634 (farm) to property ID 264 (feedlot)
102,654,1479,DAY 11/02/2025 - moved 13 animals from property ID 654 (farm) to property ID 1479 (trader)
102,660,782,DAY 11/02/2025 - moved 11 animals from property ID 660 (farm) to property ID 782 (trader)
102,751,685,DAY 11/02/2025 - moved 4 animals from property ID 751 (farm) to property ID 685 (farm)
102,759,524,DAY 11/02/2025 - moved 5 animals from property ID 759 (farm) to property ID 524 (feedlot)
102,765,1263,DAY 11/02/2025 - moved 5 animals from property ID 765 (farm) to property ID 1263 (farm)
102,782,531,DAY 11/02/2025 - moved 19 animals from property ID 782 (trader) to property ID 531 (farm)
102,782,1618,DAY 11/02/2025 - moved 19 animals from property ID 782 (trader) to property ID 1618 (farm)
102,782,299,DAY 11/02/2025 - moved 19 animals from property ID 782 (trader) to property ID 299 (farm)
102,790,189,DAY 11/02/2025 - moved 2 animals from property ID 790 (farm) to property ID 189 (saleyard)
102,791,835,DAY 11/02/2025 - moved 13 animals from property ID 791 (farm) to property ID 835 (farm)
102,843,1301,DAY 11/02/2025 - moved 3 animals from property ID 843 (farm) to property ID 1301 (saleyard)
102,852,182,DAY 11/02/2025 - moved 7 animals from property ID 852 (farm) to property ID 182 (farm)
102,873,264,DAY 11/02/2025 - moved 16 animals from property ID 873 (farm) to property ID 264 (feedlot)
102,874,524,DAY 11/02/2025 - moved 5 animals from property ID 874 (farm) to property ID 524 (feedlot)
102,904,264,DAY 11/02/2025 - moved 2 animals from property ID 904 (trader) to property ID 264 (feedlot)
102,904,1942,DAY 11/02/2025 - moved 3 animals from property ID 904 (trader) to property ID 1942 (farm)
102,904,356,DAY 11/02/2025 - moved 3 animals from property ID 904 (trader) to property ID 356 (farm)
102,912,70,DAY 11/02/2025 - moved 14 animals from property ID 912 (farm) to property ID 70 (farm)
102,924,231,DAY 11/02/2025 - moved 9 animals from property ID 924 (farm) to property ID 231 (farm)
102,941,1694,DAY 11/02/2025 - moved 2 animals from property ID 941 (farm) to property ID 1694 (farm)
102,980,782,DAY 11/02/2025 - moved 9 animals from property ID 980 (farm) to property ID 782 (trader)
102,986,1527,DAY 11/02/2025 - moved 4 animals from property ID 986 (farm) to property ID 1527 (farm)
102,989,1479,DAY 11/02/2025 - moved 9 animals from property ID 989 (farm) to property ID 1479 (trader)
102,997,189,DAY 11/02/2025 - moved 2 animals from property ID 997 (farm) to property ID 189 (saleyard)
102,1006,964,DAY 11/02/2025 - moved 6 animals from property ID 1006 (farm) to property ID 964 (feedlot)
102,1018,1789,DAY 11/02/2025 - moved 3 animals from property ID 1018 (farm) to property ID 1789 (farm)
102,1019,92,DAY 11/02/2025 - moved 5 animals from property ID 1019 (farm) to property ID 92 (trader)
102,1030,700,DAY 11/02/2025 - moved 3 animals from property ID 1030 (farm) to property ID 700 (trader)
102,1044,458,DAY 11/02/2025 - moved 12 animals from property ID 1044 (farm) to property ID 458 (abbattoir)
102,1054,867,DAY 11/02/2025 - moved 4 animals from property ID 1054 (farm) to property ID 867 (feedlot)
102,1076,524,DAY 11/02/2025 - moved 2 animals from property ID 1076 (farm) to property ID 524 (feedlot)
102,1111,700,DAY 11/02/2025 - moved 19 animals from property ID 1111 (farm) to property ID 700 (trader)
102,1119,415,DAY 11/02/2025 - moved 12 animals from property ID 1119 (trader) to property ID 415 (trader)
102,1125,1301,DAY 11/02/2025 - moved 5 animals from property ID 1125 (farm) to property ID 1301 (saleyard)
102,1141,1316,DAY 11/02/2025 - moved 4 animals from property ID 1141 (farm) to property ID 1316 (farm)
102,1164,188,DAY 11/02/2025 - moved 6 animals from property ID 1164 (farm) to property ID 188 (feedlot)
102,1180,1301,DAY 11/02/2025 - moved 2 animals from property ID 1180 (farm) to property ID 1301 (saleyard)
102,1185,244,DAY 11/02/2025 - moved 9 animals from property ID 1185 (farm) to property ID 244 (farm)
102,1214,627,DAY 11/02/2025 - moved 5 animals from property ID 1214 (farm) to property ID 627 (farm)
102,1241,964,DAY 11/02/2025 - moved 5 animals from property ID 1241 (farm) to property ID 964 (feedlot)
102,1273,1429,DAY 11/02/2025 - moved 35 animals from property ID 1273 (trader) to property ID 1429 (farm)
102,1301,947,DAY 11/02/2025 - moved 15 animals from property ID 1301 (saleyard) to property ID 947 (farm)
102,1301,846,DAY 11/02/2025 - moved 16 animals from property ID 1301 (saleyard) to property ID 846 (farm)
102,1301,867,DAY 11/02/2025 - moved 16 animals from property ID 1301 (saleyard) to property ID 867 (feedlot)
102,1303,1119,DAY 11/02/2025 - moved 3 animals from property ID 1303 (farm) to property ID 1119 (trader)
102,1305,436,DAY 11/02/2025 - moved 3 animals from property ID 1305 (farm) to property ID 436 (farm)
102,1311,1698,DAY 11/02/2025 - moved 26 animals from property ID 1311 (farm) to property ID 1698 (farm)
102,1335,1533,DAY 11/02/2025 - moved 6 animals from property ID 1335 (farm) to property ID 1533 (farm)
102,1336,700,DAY 11/02/2025 - moved 8 animals from property ID 1336 (farm) to property ID 700 (trader)
102,1337,189,DAY 11/02/2025 - moved 6 animals from property ID 1337 (farm) to property ID 189 (saleyard)
102,1352,1823,DAY 11/02/2025 - moved 23 animals from property ID 1352 (farm) to property ID 1823 (trader)
102,1362,1823,DAY 11/02/2025 - moved 5 animals from property ID 1362 (farm) to property ID 1823 (trader)
102,1386,1288,DAY 11/02/2025 - moved 17 animals from property ID 1386 (farm) to property ID 1288 (farm)
102,1397,1175,DAY 11/02/2025 - moved 3 animals from property ID 1397 (farm) to property ID 1175 (farm)
102,1410,1581,DAY 11/02/2025 - moved 4 animals from property ID 1410 (farm) to property ID 1581 (farm)
102,1436,1804,DAY 11/02/2025 - moved 5 animals from property ID 1436 (farm) to property ID 1804 (farm)
102,1471,1273,DAY 11/02/2025 - moved 3 animals from property ID 1471 (farm) to property ID 1273 (trader)
102,1479,758,DAY 11/02/2025 - moved 52 animals from property ID 1479 (trader) to property ID 758 (feedlot)
102,1485,782,DAY 11/02/2025 - moved 8 animals from property ID 1485 (farm) to property ID 782 (trader)
102,1510,1823,DAY 11/02/2025 - moved 9 animals from property ID 1510 (farm) to property ID 1823 (trader)
102,1513,1109,DAY 11/02/2025 - moved 3 animals from property ID 1513 (farm) to property ID 1109 (feedlot)
102,1518,403,DAY 11/02/2025 - moved 10 animals from property ID 1518 (farm) to property ID 403 (farm)
102,1546,415,DAY 11/02/2025 - moved 6 animals from property ID 1546 (farm) to property ID 415 (trader)
102,1581,188,DAY 11/02/2025 - moved 3 animals from property ID 1581 (farm) to property ID 188 (feedlot)
102,1699,905,DAY 11/02/2025 - moved 15 animals from property ID 1699 (farm) to property ID 905 (farm)
102,1705,1119,DAY 11/02/2025 - moved 2 animals from property ID 1705 (farm) to property ID 1119 (trader)
102,1737,92,DAY 11/02/2025 - moved 4 animals from property ID 1737 (farm) to property ID 92 (trader)
102,1738,1759,DAY 11/02/2025 - moved 7 animals from property ID 1738 (farm) to property ID 1759 (farm)
102,1740,391,DAY 11/02/2025 - moved 8 animals from property ID 1740 (farm) to property ID 391 (farm)
102,1746,1479,DAY 11/02/2025 - moved 10 animals from property ID 1746 (farm) to property ID 1479 (trader)
102,1751,904,DAY 11/02/2025 - moved 5 animals from property ID 1751 (farm) to property ID 904 (trader)
102,1766,866,DAY 11/02/2025 - moved 4 animals from property ID 1766 (farm) to property ID 866 (feedlot)
102,1770,987,DAY 11/02/2025 - moved 22 animals from property ID 1770 (farm) to property ID 987 (farm)
102,1771,189,DAY 11/02/2025 - moved 5 animals from property ID 1771 (farm) to property ID 189 (saleyard)
102,1778,1110,DAY 11/02/2025 - moved 3 animals from property ID 1778 (farm) to property ID 1110 (feedlot)
102,1782,1632,DAY 11/02/2025 - moved 5 animals from property ID 1782 (farm) to property ID 1632 (farm)
102,1797,1620,DAY 11/02/2025 - moved 5 animals from property ID 1797 (farm) to property ID 1620 (farm)
102,1800,1099,DAY 11/02/2025 - moved 22 animals from property ID 1800 (farm) to property ID 1099 (farm)
102,1803,1907,DAY 11/02/2025 - moved 12 animals from property ID 1803 (farm) to property ID 1907 (feedlot)
102,1804,277,DAY 11/02/2025 - moved 11 animals from property ID 1804 (farm) to property ID 277 (farm)
102,1807,1243,DAY 11/02/2025 - moved 14 animals from property ID 1807 (farm) to property ID 1243 (farm)
102,1820,524,DAY 11/02/2025 - moved 3 animals from property ID 1820 (farm) to property ID 524 (feedlot)
102,1832,1666,DAY 11/02/2025 - moved 6 animals from property ID 1832 (farm) to property ID 1666 (feedlot)
102,1889,415,DAY 11/02/2025 - moved 3 animals from property ID 1889 (farm) to property ID 415 (trader)
102,1903,208,DAY 11/02/2025 - moved 7 animals from property ID 1903 (farm) to property ID 208 (farm)
102,1910,166,DAY 11/02/2025 - moved 7 animals from property ID 1910 (farm) to property ID 166 (farm)
102,1916,782,DAY 11/02/2025 - moved 20 animals from property ID 1916 (farm) to property ID 782 (trader)
102,1917,616,DAY 11/02/2025 - moved 4 animals from property ID 1917 (farm) to property ID 616 (farm)
102,1931,92,DAY 11/02/2025 - moved 7 animals from property ID 1931 (farm) to property ID 92 (trader)
102,1940,524,DAY 11/02/2025 - moved 3 animals from property ID 1940 (farm) to property ID 524 (feedlot)
102,1957,188,DAY 11/02/2025 - moved 4 animals from property ID 1957 (farm) to property ID 188 (feedlot)
102,1986,783,DAY 11/02/2025 - moved 5 animals from property ID 1986 (farm) to property ID 783 (farm)
103,14,1823,DAY 12/02/2025 - moved 5 animals from property ID 14 (farm) to property ID 1823 (trader)
103,15,1301,DAY 12/02/2025 - moved 1 animals from property ID 15 (farm) to property ID 1301 (saleyard)
103,29,1273,DAY 12/02/2025 - moved 6 animals from property ID 29 (farm) to property ID 1273 (trader)
103,39,420,DAY 12/02/2025 - moved 6 animals from property ID 39 (farm) to property ID 420 (farm)
103,92,464,DAY 12/02/2025 - moved 35 animals from property ID 92 (trader) to property ID 464 (farm)
103,94,524,DAY 12/02/2025 - moved 6 animals from property ID 94 (farm) to property ID 524 (feedlot)
103,110,1666,DAY 12/02/2025 - moved 6 animals from property ID 110 (farm) to property ID 1666 (feedlot)
103,114,1646,DAY 12/02/2025 - moved 6 animals from property ID 114 (farm) to property ID 1646 (farm)
103,132,188,DAY 12/02/2025 - moved 3 animals from property ID 132 (farm) to property ID 188 (feedlot)
103,189,1109,DAY 12/02/2025 - moved 5 animals from property ID 189 (saleyard) to property ID 1109 (feedlot)
103,189,1069,DAY 12/02/2025 - moved 5 animals from property ID 189 (saleyard) to property ID 1069 (farm)
103,189,595,DAY 12/02/2025 - moved 4 animals from property ID 189 (saleyard) to property ID 595 (farm)
103,189,188,DAY 12/02/2025 - moved 4 animals from property ID 189 (saleyard) to property ID 188 (feedlot)
103,189,1271,DAY 12/02/2025 - moved 4 animals from property ID 189 (saleyard) to property ID 1271 (farm)
103,189,188,DAY 12/02/2025 - moved 4 animals from property ID 189 (saleyard) to property ID 188 (feedlot)
103,211,1907,DAY 12/02/2025 - moved 18 animals from property ID 211 (farm) to property ID 1907 (feedlot)
103,237,758,DAY 12/02/2025 - moved 7 animals from property ID 237 (farm) to property ID 758 (feedlot)
103,238,68,DAY 12/02/2025 - moved 32 animals from property ID 238 (farm) to property ID 68 (farm)
103,269,227,DAY 12/02/2025 - moved 2 animals from property ID 269 (farm) to property ID 227 (farm)
103,274,1301,DAY 12/02/2025 - moved 2 animals from property ID 274 (farm) to property ID 1301 (saleyard)
103,278,947,DAY 12/02/2025 - moved 11 animals from property ID 278 (farm) to property ID 947 (farm)
103,281,1907,DAY 12/02/2025 - moved 3 animals from property ID 281 (farm) to property ID 1907 (feedlot)
103,288,1318,DAY 12/02/2025 - moved 2 animals from property ID 288 (farm) to property ID 1318 (farm)
103,310,287,DAY 12/02/2025 - moved 2 animals from property ID 310 (farm) to property ID 287 (farm)
103,315,1273,DAY 12/02/2025 - moved 1 animals from property ID 315 (farm) to property ID 1273 (trader)
103,316,92,DAY 12/02/2025 - moved 3 animals from property ID 316 (farm) to property ID 92 (trader)
103,322,719,DAY 12/02/2025 - moved 20 animals from property ID 322 (farm) to property ID 719 (farm)
103,351,1145,DAY 12/02/2025 - moved 6 animals from property ID 351 (farm) to property ID 1145 (farm)
103,397,105,DAY 12/02/2025 - moved 7 animals from property ID 397 (farm) to property ID 105 (farm)
103,402,866,DAY 12/02/2025 - moved 1 animals from property ID 402 (farm) to property ID 866 (feedlot)
103,415,802,DAY 12/02/2025 - moved 5 animals from property ID 415 (trader) to property ID 802 (farm)
103,415,188,DAY 12/02/2025 - moved 5 animals from property ID 415 (trader) to property ID 188 (feedlot)
103,415,188,DAY 12/02/2025 - moved 5 animals from property ID 415 (trader) to property ID 188 (feedlot)
103,453,1152,DAY 12/02/2025 - moved 7 animals from property ID 453 (farm) to property ID 1152 (farm)
103,505,1794,DAY 12/02/2025 - moved 2 animals from property ID 505 (farm) to property ID 1794 (farm)
103,522,34,DAY 12/02/2025 - moved 8 animals from property ID 522 (farm) to property ID 34 (farm)
103,537,1119,DAY 12/02/2025 - moved 7 animals from property ID 537 (farm) to property ID 1119 (trader)
103,584,1323,DAY 12/02/2025 - moved 33 animals from property ID 584 (farm) to property ID 1323 (farm)
103,588,1119,DAY 12/02/2025 - moved 11 animals from property ID 588 (farm) to property ID 1119 (trader)
103,591,1479,DAY 12/02/2025 - moved 6 animals from property ID 591 (farm) to property ID 1479 (trader)
103,597,964,DAY 12/02/2025 - moved 4 animals from property ID 597 (farm) to property ID 964 (feedlot)
103,612,1535,DAY 12/02/2025 - moved 6 animals from property ID 612 (farm) to property ID 1535 (farm)
103,644,758,DAY 12/02/2025 - moved 4 animals from property ID 644 (farm) to property ID 758 (feedlot)
103,671,1722,DAY 12/02/2025 - moved 9 animals from property ID 671 (farm) to property ID 1722 (farm)
103,700,1109,DAY 12/02/2025 - moved 6 animals from property ID 700 (trader) to property ID 1109 (feedlot)
103,700,188,DAY 12/02/2025 - moved 7 animals from property ID 700 (trader) to property ID 188 (feedlot)
103,700,1661,DAY 12/02/2025 - moved 7 animals from property ID 700 (trader) to property ID 1661 (farm)
103,711,415,DAY 12/02/2025 - moved 3 animals from property ID 711 (farm) to property ID 415 (trader)
103,771,1497,DAY 12/02/2025 - moved 1 animals from property ID 771 (farm) to property ID 1497 (farm)
103,782,666,DAY 12/02/2025 - moved 29 animals from property ID 782 (trader) to property ID 666 (farm)
103,782,448,DAY 12/02/2025 - moved 29 animals from property ID 782 (trader) to property ID 448 (farm)
103,796,1685,DAY 12/02/2025 - moved 7 animals from property ID 796 (farm) to property ID 1685 (farm)
103,811,831,DAY 12/02/2025 - moved 6 animals from property ID 811 (farm) to property ID 831 (farm)
103,816,1109,DAY 12/02/2025 - moved 2 animals from property ID 816 (farm) to property ID 1109 (feedlot)
103,831,189,DAY 12/02/2025 - moved 3 animals from property ID 831 (farm) to property ID 189 (saleyard)
103,901,1731,DAY 12/02/2025 - moved 6 animals from property ID 901 (farm) to property ID 1731 (farm)
103,904,201,DAY 12/02/2025 - moved 3 animals from property ID 904 (trader) to property ID 201 (farm)
103,904,264,DAY 12/02/2025 - moved 4 animals from property ID 904 (trader) to property ID 264 (feedlot)
103,911,506,DAY 12/02/2025 - moved 5 animals from property ID 911 (farm) to property ID 506 (farm)
103,930,1301,DAY 12/02/2025 - moved 2 animals from property ID 930 (farm) to property ID 1301 (saleyard)
103,939,1069,DAY 12/02/2025 - moved 6 animals from property ID 939 (farm) to property ID 1069 (farm)
103,940,904,DAY 12/02/2025 - moved 5 animals from property ID 940 (farm) to property ID 904 (trader)
103,944,700,DAY 12/02/2025 - moved 3 animals from property ID 944 (farm) to property ID 700 (trader)
103,946,1109,DAY 12/02/2025 - moved 3 animals from property ID 946 (farm) to property ID 1109 (feedlot)
103,987,92,DAY 12/02/2025 - moved 5 animals from property ID 987 (farm) to property ID 92 (trader)
103,990,1823,DAY 12/02/2025 - moved 4 animals from property ID 990 (farm) to property ID 1823 (trader)
103,1002,1180,DAY 12/02/2025 - moved 3 animals from property ID 1002 (farm) to property ID 1180 (farm)
103,1029,838,DAY 12/02/2025 - moved 5 animals from property ID 1029 (farm) to property ID 838 (farm)
103,1051,393,DAY 12/02/2025 - moved 3 animals from property ID 1051 (farm) to property ID 393 (farm)
103,1055,782,DAY 12/02/2025 - moved 23 animals from property ID 1055 (farm) to property ID 782 (trader)
103,1118,1823,DAY 12/02/2025 - moved 5 animals from property ID 1118 (farm) to property ID 1823 (trader)
103,1119,1301,DAY 12/02/2025 - moved 3 animals from property ID 1119 (trader) to property ID 1301 (saleyard)
103,1119,415,DAY 12/02/2025 - moved 4 animals from property ID 1119 (trader) to property ID 415 (trader)
103,1119,867,DAY 12/02/2025 - moved 4 animals from property ID 1119 (trader) to property ID 867 (feedlot)
103,1121,365,DAY 12/02/2025 - moved 9 animals from property ID 1121 (farm) to property ID 365 (farm)
103,1126,427,DAY 12/02/2025 - moved 3 animals from property ID 1126 (farm) to property ID 427 (farm)
103,1148,842,DAY 12/02/2025 - moved 5 animals from property ID 1148 (farm) to property ID 842 (farm)
103,1155,519,DAY 12/02/2025 - moved 7 animals from property ID 1155 (farm) to property ID 519 (farm)
103,1178,189,DAY 12/02/2025 - moved 6 animals from property ID 1178 (farm) to property ID 189 (saleyard)
103,1204,1907,DAY 12/02/2025 - moved 6 animals from property ID 1204 (farm) to property ID 1907 (feedlot)
103,1205,1119,DAY 12/02/2025 - moved 1 animals from property ID 1205 (farm) to property ID 1119 (trader)
103,1229,361,DAY 12/02/2025 - moved 4 animals from property ID 1229 (farm) to property ID 361 (farm)
103,1231,1521,DAY 12/02/2025 - moved 9 animals from property ID 1231 (farm) to property ID 1521 (farm)
103,1239,1823,DAY 12/02/2025 - moved 6 animals from property ID 1239 (farm) to property ID 1823 (trader)
103,1240,700,DAY 12/02/2025 - moved 1 animals from property ID 1240 (farm) to property ID 700 (trader)
103,1244,415,DAY 12/02/2025 - moved 4 animals from property ID 1244 (farm) to property ID 415 (trader)
103,1252,1479,DAY 12/02/2025 - moved 3 animals from property ID 1252 (farm) to property ID 1479 (trader)
103,1265,524,DAY 12/02/2025 - moved 2 animals from property ID 1265 (farm) to property ID 524 (feedlot)
103,1266,867,DAY 12/02/2025 - moved 1 animals from property ID 1266 (farm) to property ID 867 (feedlot)
103,1273,1953,DAY 12/02/2025 - moved 31 animals from property ID 1273 (trader) to property ID 1953 (farm)
103,1301,74,DAY 12/02/2025 - moved 22 animals from property ID 1301 (saleyard) to property ID 74 (farm)
103,1301,1027,DAY 12/02/2025 - moved 22 animals from property ID 1301 (saleyard) to property ID 1027 (farm)
103,1331,904,DAY 12/02/2025 - moved 4 animals from property ID 1331 (farm) to property ID 904 (trader)
103,1346,782,DAY 12/02/2025 - moved 17 animals from property ID 1346 (farm) to property ID 782 (trader)
103,1351,867,DAY 12/02/2025 - moved 4 animals from property ID 1351 (farm) to property ID 867 (feedlot)
103,1357,758,DAY 12/02/2025 - moved 4 animals from property ID 1357 (farm) to property ID 758 (feedlot)
103,1371,673,DAY 12/02/2025 - moved 3 animals from property ID 1371 (farm) to property ID 673 (farm)
103,1387,1666,DAY 12/02/2025 - moved 8 animals from property ID 1387 (farm) to property ID 1666 (feedlot)
103,1396,1522,DAY 12/02/2025 - moved 4 animals from property ID 1396 (farm) to property ID 1522 (farm)
103,1403,835,DAY 12/02/2025 - moved 7 animals from property ID 1403 (farm) to property ID 835 (farm)
103,1424,524,DAY 12/02/2025 - moved 3 animals from property ID 1424 (farm) to property ID 524 (feedlot)
103,1428,213,DAY 12/02/2025 - moved 11 animals from property ID 1428 (farm) to property ID 213 (farm)
103,1429,1273,DAY 12/02/2025 - moved 8 animals from property ID 1429 (farm) to property ID 1273 (trader)
103,1434,1703,DAY 12/02/2025 - moved 1 animals from property ID 1434 (farm) to property ID 1703 (farm)
103,1465,458,DAY 12/02/2025 - moved 5 animals from property ID 1465 (farm) to property ID 458 (abbattoir)
103,1472,867,DAY 12/02/2025 - moved 4 animals from property ID 1472 (farm) to property ID 867 (feedlot)
103,1478,458,DAY 12/02/2025 - moved 21 animals from property ID 1478 (farm) to property ID 458 (abbattoir)
103,1479,4,DAY 12/02/2025 - moved 48 animals from property ID 1479 (trader) to property ID 4 (farm)
103,1481,986,DAY 12/02/2025 - moved 2 animals from property ID 1481 (farm) to property ID 986 (farm)
103,1527,1148,DAY 12/02/2025 - moved 6 animals from property ID 1527 (farm) to property ID 1148 (farm)
103,1535,1946,DAY 12/02/2025 - moved 3 animals from property ID 1535 (farm) to property ID 1946 (farm)
103,1541,264,DAY 12/02/2025 - moved 1 animals from property ID 1541 (farm) to property ID 264 (feedlot)
103,1542,415,DAY 12/02/2025 - moved 2 animals from property ID 1542 (farm) to property ID 415 (trader)
103,1557,524,DAY 12/02/2025 - moved 3 animals from property ID 1557 (farm) to property ID 524 (feedlot)
103,1563,92,DAY 12/02/2025 - moved 4 animals from property ID 1563 (farm) to property ID 92 (trader)
103,1594,660,DAY 12/02/2025 - moved 7 animals from property ID 1594 (farm) to property ID 660 (farm)
103,1596,1317,DAY 12/02/2025 - moved 8 animals from property ID 1596 (farm) to property ID 1317 (farm)
103,1605,1301,DAY 12/02/2025 - moved 7 animals from property ID 1605 (farm) to property ID 1301 (saleyard)
103,1625,92,DAY 12/02/2025 - moved 3 animals from property ID 1625 (farm) to property ID 92 (trader)
103,1655,415,DAY 12/02/2025 - moved 2 animals from property ID 1655 (farm) to property ID 415 (trader)
103,1659,1119,DAY 12/02/2025 - moved 2 animals from property ID 1659 (farm) to property ID 1119 (trader)
103,1665,264,DAY 12/02/2025 - moved 3 animals from property ID 1665 (farm) to property ID 264 (feedlot)
103,1672,1823,DAY 12/02/2025 - moved 4 animals from property ID 1672 (farm) to property ID 1823 (trader)
103,1689,1841,DAY 12/02/2025 - moved 3 animals from property ID 1689 (farm) to property ID 1841 (farm)
103,1696,92,DAY 12/02/2025 - moved 4 animals from property ID 1696 (farm) to property ID 92 (trader)
103,1698,458,DAY 12/02/2025 - moved 27 animals from property ID 1698 (farm) to property ID 458 (abbattoir)
103,1728,1657,DAY 12/02/2025 - moved 2 animals from property ID 1728 (farm) to property ID 1657 (farm)
103,1750,1920,DAY 12/02/2025 - moved 9 animals from property ID 1750 (farm) to property ID 1920 (farm)
103,1795,157,DAY 12/02/2025 - moved 3 animals from property ID 1795 (farm) to property ID 157 (farm)
103,1816,423,DAY 12/02/2025 - moved 9 animals from property ID 1816 (farm) to property ID 423 (farm)
103,1823,1362,DAY 12/02/2025 - moved 23 animals from property ID 1823 (trader) to property ID 1362 (farm)
103,1823,1301,DAY 12/02/2025 - moved 24 animals from property ID 1823 (trader) to property ID 1301 (saleyard)
103,1837,1301,DAY 12/02/2025 - moved 7 animals from property ID 1837 (farm) to property ID 1301 (saleyard)
103,1894,700,DAY 12/02/2025 - moved 3 animals from property ID 1894 (farm) to property ID 700 (trader)
103,1908,1992,DAY 12/02/2025 - moved 5 animals from property ID 1908 (farm) to property ID 1992 (farm)
103,1926,189,DAY 12/02/2025 - moved 3 animals from property ID 1926 (farm) to property ID 189 (saleyard)
103,1958,866,DAY 12/02/2025 - moved 2 animals from property ID 1958 (farm) to property ID 866 (feedlot)
103,1960,1479,DAY 12/02/2025 - moved 4 animals from property ID 1960 (farm) to property ID 1479 (trader)
103,1961,1915,DAY 12/02/2025 - moved 5 animals from property ID 1961 (farm) to property ID 1915 (farm)
103,1978,964,DAY 12/02/2025 - moved 1 animals from property ID 1978 (farm) to property ID 964 (feedlot)
104,13,707,DAY 13/02/2025 - moved 8 animals from property ID 13 (farm) to property ID 707 (farm)
104,42,782,DAY 13/02/2025 - moved 29 animals from property ID 42 (farm) to property ID 782 (trader)
104,61,1474,DAY 13/02/2025 - moved 5 animals from property ID 61 (farm) to property ID 1474 (farm)
104,84,188,DAY 13/02/2025 - moved 2 animals from property ID 84 (farm) to property ID 188 (feedlot)
104,89,1981,DAY 13/02/2025 - moved 15 animals from property ID 89 (farm) to property ID 1981 (farm)
104,92,866,DAY 13/02/2025 - moved 10 animals from property ID 92 (trader) to property ID 866 (feedlot)
104,92,1666,DAY 13/02/2025 - moved 11 animals from property ID 92 (trader) to property ID 1666 (feedlot)
104,92,282,DAY 13/02/2025 - moved 11 animals from property ID 92 (trader) to property ID 282 (farm)
104,107,524,DAY 13/02/2025 - moved 6 animals from property ID 107 (farm) to property ID 524 (feedlot)
104,136,92,DAY 13/02/2025 - moved 7 animals from property ID 136 (farm) to property ID 92 (trader)
104,145,524,DAY 13/02/2025 - moved 5 animals from property ID 145 (farm) to property ID 524 (feedlot)
104,147,1857,DAY 13/02/2025 - moved 6 animals from property ID 147 (farm) to property ID 1857 (farm)
104,161,1273,DAY 13/02/2025 - moved 8 animals from property ID 161 (farm) to property ID 1273 (trader)
104,164,1109,DAY 13/02/2025 - moved 3 animals from property ID 164 (farm) to property ID 1109 (feedlot)
104,186,866,DAY 13/02/2025 - moved 4 animals from property ID 186 (farm) to property ID 866 (feedlot)
104,189,524,DAY 13/02/2025 - moved 11 animals from property ID 189 (saleyard) to property ID 524 (feedlot)
104,189,368,DAY 13/02/2025 - moved 12 animals from property ID 189 (saleyard) to property ID 368 (farm)
104,213,92,DAY 13/02/2025 - moved 15 animals from property ID 213 (farm) to property ID 92 (trader)
104,220,700,DAY 13/02/2025 - moved 3 animals from property ID 220 (farm) to property ID 700 (trader)
104,353,188,DAY 13/02/2025 - moved 2 animals from property ID 353 (farm) to property ID 188 (feedlot)
104,384,1907,DAY 13/02/2025 - moved 4 animals from property ID 384 (farm) to property ID 1907 (feedlot)
104,388,92,DAY 13/02/2025 - moved 3 animals from property ID 388 (farm) to property ID 92 (trader)
104,415,1792,DAY 13/02/2025 - moved 5 animals from property ID 415 (trader) to property ID 1792 (farm)
104,415,1957,DAY 13/02/2025 - moved 5 animals from property ID 415 (trader) to property ID 1957 (farm)
104,415,945,DAY 13/02/2025 - moved 5 animals from property ID 415 (trader) to property ID 945 (farm)
104,474,1915,DAY 13/02/2025 - moved 3 animals from property ID 474 (farm) to property ID 1915 (farm)
104,487,1859,DAY 13/02/2025 - moved 24 animals from property ID 487 (farm) to property ID 1859 (farm)
104,526,324,DAY 13/02/2025 - moved 6 animals from property ID 526 (farm) to property ID 324 (farm)
104,541,524,DAY 13/02/2025 - moved 3 animals from property ID 541 (farm) to property ID 524 (feedlot)
104,549,1300,DAY 13/02/2025 - moved 7 animals from property ID 549 (farm) to property ID 1300 (farm)
104,559,458,DAY 13/02/2025 - moved 8 animals from property ID 559 (farm) to property ID 458 (abbattoir)
104,585,1221,DAY 13/02/2025 - moved 7 animals from property ID 585 (farm) to property ID 1221 (farm)
104,618,1273,DAY 13/02/2025 - moved 10 animals from property ID 618 (farm) to property ID 1273 (trader)
104,625,1626,DAY 13/02/2025 - moved 17 animals from property ID 625 (farm) to property ID 1626 (farm)
104,640,1823,DAY 13/02/2025 - moved 3 animals from property ID 640 (farm) to property ID 1823 (trader)
104,675,1907,DAY 13/02/2025 - moved 8 animals from property ID 675 (farm) to property ID 1907 (feedlot)
104,687,1907,DAY 13/02/2025 - moved 4 animals from property ID 687 (farm) to property ID 1907 (feedlot)
104,700,1109,DAY 13/02/2025 - moved 5 animals from property ID 700 (trader) to property ID 1109 (feedlot)
104,700,1265,DAY 13/02/2025 - moved 6 animals from property ID 700 (trader) to property ID 1265 (farm)
104,700,1894,DAY 13/02/2025 - moved 6 animals from property ID 700 (trader) to property ID 1894 (farm)
104,709,1261,DAY 13/02/2025 - moved 7 animals from property ID 709 (farm) to property ID 1261 (farm)
104,714,1325,DAY 13/02/2025 - moved 6 animals from property ID 714 (farm) to property ID 1325 (farm)
104,738,1823,DAY 13/02/2025 - moved 3 animals from property ID 738 (farm) to property ID 1823 (trader)
104,746,524,DAY 13/02/2025 - moved 3 animals from property ID 746 (farm) to property ID 524 (feedlot)
104,754,1142,DAY 13/02/2025 - moved 22 animals from property ID 754 (farm) to property ID 1142 (farm)
104,769,1843,DAY 13/02/2025 - moved 4 animals from property ID 769 (farm) to property ID 1843 (farm)
104,778,406,DAY 13/02/2025 - moved 2 animals from property ID 778 (farm) to property ID 406 (farm)
104,782,203,DAY 13/02/2025 - moved 27 animals from property ID 782 (trader) to property ID 203 (farm)
104,782,60,DAY 13/02/2025 - moved 27 animals from property ID 782 (trader) to property ID 60 (farm)
104,786,1666,DAY 13/02/2025 - moved 6 animals from property ID 786 (farm) to property ID 1666 (feedlot)
104,794,1666,DAY 13/02/2025 - moved 7 animals from property ID 794 (farm) to property ID 1666 (feedlot)
104,825,1823,DAY 13/02/2025 - moved 2 animals from property ID 825 (farm) to property ID 1823 (trader)
104,828,1925,DAY 13/02/2025 - moved 8 animals from property ID 828 (farm) to property ID 1925 (farm)
104,855,1044,DAY 13/02/2025 - moved 2 animals from property ID 855 (farm) to property ID 1044 (farm)
104,856,415,DAY 13/02/2025 - moved 4 animals from property ID 856 (farm) to property ID 415 (trader)
104,861,717,DAY 13/02/2025 - moved 13 animals from property ID 861 (farm) to property ID 717 (farm)
104,887,1666,DAY 13/02/2025 - moved 11 animals from property ID 887 (farm) to property ID 1666 (feedlot)
104,907,866,DAY 13/02/2025 - moved 4 animals from property ID 907 (farm) to property ID 866 (feedlot)
104,910,1273,DAY 13/02/2025 - moved 7 animals from property ID 910 (farm) to property ID 1273 (trader)
104,917,1110,DAY 13/02/2025 - moved 5 animals from property ID 917 (farm) to property ID 1110 (feedlot)
104,927,524,DAY 13/02/2025 - moved 2 animals from property ID 927 (farm) to property ID 524 (feedlot)
104,932,1479,DAY 13/02/2025 - moved 14 animals from property ID 932 (farm) to property ID 1479 (trader)
104,938,1337,DAY 13/02/2025 - moved 5 animals from property ID 938 (farm) to property ID 1337 (farm)
104,1008,1479,DAY 13/02/2025 - moved 11 animals from property ID 1008 (farm) to property ID 1479 (trader)
104,1015,173,DAY 13/02/2025 - moved 4 animals from property ID 1015 (farm) to property ID 173 (farm)
104,1119,241,DAY 13/02/2025 - moved 7 animals from property ID 1119 (trader) to property ID 241 (farm)
104,1119,1520,DAY 13/02/2025 - moved 6 animals from property ID 1119 (trader) to property ID 1520 (farm)
104,1199,1243,DAY 13/02/2025 - moved 8 animals from property ID 1199 (farm) to property ID 1243 (farm)
104,1207,92,DAY 13/02/2025 - moved 3 animals from property ID 1207 (farm) to property ID 92 (trader)
104,1217,559,DAY 13/02/2025 - moved 4 animals from property ID 1217 (farm) to property ID 559 (farm)
104,1218,1974,DAY 13/02/2025 - moved 12 animals from property ID 1218 (farm) to property ID 1974 (farm)
104,1221,658,DAY 13/02/2025 - moved 8 animals from property ID 1221 (farm) to property ID 658 (farm)
104,1245,581,DAY 13/02/2025 - moved 3 animals from property ID 1245 (farm) to property ID 581 (farm)
104,1255,1943,DAY 13/02/2025 - moved 9 animals from property ID 1255 (farm) to property ID 1943 (farm)
104,1273,1784,DAY 13/02/2025 - moved 9 animals from property ID 1273 (trader) to property ID 1784 (farm)
104,1273,956,DAY 13/02/2025 - moved 9 animals from property ID 1273 (trader) to property ID 956 (farm)
104,1273,1921,DAY 13/02/2025 - moved 9 animals from property ID 1273 (trader) to property ID 1921 (farm)
104,1283,1479,DAY 13/02/2025 - moved 14 animals from property ID 1283 (farm) to property ID 1479 (trader)
104,1301,867,DAY 13/02/2025 - moved 22 animals from property ID 1301 (saleyard) to property ID 867 (feedlot)
104,1301,1501,DAY 13/02/2025 - moved 22 animals from property ID 1301 (saleyard) to property ID 1501 (farm)
104,1310,1370,DAY 13/02/2025 - moved 8 animals from property ID 1310 (farm) to property ID 1370 (farm)
104,1376,1923,DAY 13/02/2025 - moved 1 animals from property ID 1376 (farm) to property ID 1923 (farm)
104,1378,867,DAY 13/02/2025 - moved 3 animals from property ID 1378 (farm) to property ID 867 (feedlot)
104,1392,1301,DAY 13/02/2025 - moved 10 animals from property ID 1392 (farm) to property ID 1301 (saleyard)
104,1393,524,DAY 13/02/2025 - moved 6 animals from property ID 1393 (farm) to property ID 524 (feedlot)
104,1409,867,DAY 13/02/2025 - moved 4 animals from property ID 1409 (farm) to property ID 867 (feedlot)
104,1431,1301,DAY 13/02/2025 - moved 3 animals from property ID 1431 (farm) to property ID 1301 (saleyard)
104,1448,1273,DAY 13/02/2025 - moved 2 animals from property ID 1448 (farm) to property ID 1273 (trader)
104,1460,341,DAY 13/02/2025 - moved 7 animals from property ID 1460 (farm) to property ID 341 (farm)
104,1469,1119,DAY 13/02/2025 - moved 2 animals from property ID 1469 (farm) to property ID 1119 (trader)
104,1470,1884,DAY 13/02/2025 - moved 3 animals from property ID 1470 (farm) to property ID 1884 (farm)
104,1473,866,DAY 13/02/2025 - moved 2 animals from property ID 1473 (farm) to property ID 866 (feedlot)
104,1479,1012,DAY 13/02/2025 - moved 13 animals from property ID 1479 (trader) to property ID 1012 (farm)
104,1479,1547,DAY 13/02/2025 - moved 14 animals from property ID 1479 (trader) to property ID 1547 (farm)
104,1479,118,DAY 13/02/2025 - moved 14 animals from property ID 1479 (trader) to property ID 118 (farm)
104,1515,1961,DAY 13/02/2025 - moved 4 animals from property ID 1515 (farm) to property ID 1961 (farm)
104,1525,384,DAY 13/02/2025 - moved 20 animals from property ID 1525 (farm) to property ID 384 (farm)
104,1530,1273,DAY 13/02/2025 - moved 2 animals from property ID 1530 (farm) to property ID 1273 (trader)
104,1604,415,DAY 13/02/2025 - moved 3 animals from property ID 1604 (farm) to property ID 415 (trader)
104,1637,1479,DAY 13/02/2025 - moved 16 animals from property ID 1637 (farm) to property ID 1479 (trader)
104,1645,668,DAY 13/02/2025 - moved 2 animals from property ID 1645 (farm) to property ID 668 (farm)
104,1676,92,DAY 13/02/2025 - moved 5 animals from property ID 1676 (farm) to property ID 92 (trader)
104,1710,92,DAY 13/02/2025 - moved 6 animals from property ID 1710 (farm) to property ID 92 (trader)
104,1715,1797,DAY 13/02/2025 - moved 4 animals from property ID 1715 (farm) to property ID 1797 (farm)
104,1718,782,DAY 13/02/2025 - moved 4 animals from property ID 1718 (farm) to property ID 782 (trader)
104,1722,1479,DAY 13/02/2025 - moved 22 animals from property ID 1722 (farm) to property ID 1479 (trader)
104,1727,1645,DAY 13/02/2025 - moved 6 animals from property ID 1727 (farm) to property ID 1645 (farm)
104,1792,1109,DAY 13/02/2025 - moved 2 animals from property ID 1792 (farm) to property ID 1109 (feedlot)
104,1805,1119,DAY 13/02/2025 - moved 6 animals from property ID 1805 (farm) to property ID 1119 (trader)
104,1808,1490,DAY 13/02/2025 - moved 1 animals from property ID 1808 (farm) to property ID 1490 (farm)
104,1823,346,DAY 13/02/2025 - moved 21 animals from property ID 1823 (trader) to property ID 346 (farm)
104,1823,1301,DAY 13/02/2025 - moved 21 animals from property ID 1823 (trader) to property ID 1301 (saleyard)
104,1827,1119,DAY 13/02/2025 - moved 15 animals from property ID 1827 (farm) to property ID 1119 (trader)
104,1841,1823,DAY 13/02/2025 - moved 8 animals from property ID 1841 (farm) to property ID 1823 (trader)
104,1850,1799,DAY 13/02/2025 - moved 14 animals from property ID 1850 (farm) to property ID 1799 (farm)
104,1866,866,DAY 13/02/2025 - moved 13 animals from property ID 1866 (farm) to property ID 866 (feedlot)
104,1935,758,DAY 13/02/2025 - moved 7 animals from property ID 1935 (farm) to property ID 758 (feedlot)
104,1947,189,DAY 13/02/2025 - moved 6 animals from property ID 1947 (farm) to property ID 189 (saleyard)
104,1956,1261,DAY 13/02/2025 - moved 13 animals from property ID 1956 (farm) to property ID 1261 (farm)
104,1966,1273,DAY 13/02/2025 - moved 5 animals from property ID 1966 (farm) to property ID 1273 (trader)
104,1981,914,DAY 13/02/2025 - moved 18 animals from property ID 1981 (farm) to property ID 914 (farm)
104,1992,524,DAY 13/02/2025 - moved 5 animals from property ID 1992 (farm) to property ID 524 (feedlot)
105,10,1737,DAY 14/02/2025 - moved 12 animals from property ID 10 (farm) to property ID 1737 (farm)
105,19,1777,DAY 14/02/2025 - moved 11 animals from property ID 19 (farm) to property ID 1777 (farm)
105,53,1666,DAY 14/02/2025 - moved 9 animals from property ID 53 (farm) to property ID 1666 (feedlot)
105,56,1544,DAY 14/02/2025 - moved 4 animals from property ID 56 (farm) to property ID 1544 (farm)
105,92,1760,DAY 14/02/2025 - moved 17 animals from property ID 92 (trader) to property ID 1760 (farm)
105,92,1282,DAY 14/02/2025 - moved 17 animals from property ID 92 (trader) to property ID 1282 (farm)
105,93,1273,DAY 14/02/2025 - moved 2 animals from property ID 93 (farm) to property ID 1273 (trader)
105,101,1301,DAY 14/02/2025 - moved 4 animals from property ID 101 (farm) to property ID 1301 (saleyard)
105,108,1301,DAY 14/02/2025 - moved 3 animals from property ID 108 (farm) to property ID 1301 (saleyard)
105,117,782,DAY 14/02/2025 - moved 18 animals from property ID 117 (farm) to property ID 782 (trader)
105,120,1743,DAY 14/02/2025 - moved 9 animals from property ID 120 (farm) to property ID 1743 (farm)
105,129,1304,DAY 14/02/2025 - moved 2 animals from property ID 129 (farm) to property ID 1304 (farm)
105,137,874,DAY 14/02/2025 - moved 5 animals from property ID 137 (farm) to property ID 874 (farm)
105,140,700,DAY 14/02/2025 - moved 5 animals from property ID 140 (farm) to property ID 700 (trader)
105,170,36,DAY 14/02/2025 - moved 6 animals from property ID 170 (farm) to property ID 36 (farm)
105,189,179,DAY 14/02/2025 - moved 5 animals from property ID 189 (saleyard) to property ID 179 (farm)
105,189,964,DAY 14/02/2025 - moved 5 animals from property ID 189 (saleyard) to property ID 964 (feedlot)
105,189,524,DAY 14/02/2025 - moved 5 animals from property ID 189 (saleyard) to property ID 524 (feedlot)
105,189,524,DAY 14/02/2025 - moved 5 animals from property ID 189 (saleyard) to property ID 524 (feedlot)
105,192,1823,DAY 14/02/2025 - moved 3 animals from property ID 192 (farm) to property ID 1823 (trader)
105,209,958,DAY 14/02/2025 - moved 11 animals from property ID 209 (farm) to property ID 958 (farm)
105,216,189,DAY 14/02/2025 - moved 1 animals from property ID 216 (farm) to property ID 189 (saleyard)
105,218,1110,DAY 14/02/2025 - moved 1 animals from property ID 218 (farm) to property ID 1110 (feedlot)
105,229,468,DAY 14/02/2025 - moved 12 animals from property ID 229 (farm) to property ID 468 (farm)
105,234,1651,DAY 14/02/2025 - moved 9 animals from property ID 234 (farm) to property ID 1651 (farm)
105,243,1110,DAY 14/02/2025 - moved 13 animals from property ID 243 (farm) to property ID 1110 (feedlot)
105,255,1333,DAY 14/02/2025 - moved 5 animals from property ID 255 (farm) to property ID 1333 (farm)
105,265,188,DAY 14/02/2025 - moved 9 animals from property ID 265 (farm) to property ID 188 (feedlot)
105,275,395,DAY 14/02/2025 - moved 10 animals from property ID 275 (farm) to property ID 395 (farm)
105,333,1823,DAY 14/02/2025 - moved 10 animals from property ID 333 (farm) to property ID 1823 (trader)
105,354,1109,DAY 14/02/2025 - moved 3 animals from property ID 354 (farm) to property ID 1109 (feedlot)
105,364,794,DAY 14/02/2025 - moved 5 animals from property ID 364 (farm) to property ID 794 (farm)
105,395,1823,DAY 14/02/2025 - moved 18 animals from property ID 395 (farm) to property ID 1823 (trader)
105,415,188,DAY 14/02/2025 - moved 13 animals from property ID 415 (trader) to property ID 188 (feedlot)
105,435,1273,DAY 14/02/2025 - moved 8 animals from property ID 435 (farm) to property ID 1273 (trader)
105,447,782,DAY 14/02/2025 - moved 11 animals from property ID 447 (farm) to property ID 782 (trader)
105,481,867,DAY 14/02/2025 - moved 8 animals from property ID 481 (farm) to property ID 867 (feedlot)
105,490,1053,DAY 14/02/2025 - moved 6 animals from property ID 490 (farm) to property ID 1053 (farm)
105,499,1135,DAY 14/02/2025 - moved 2 animals from property ID 499 (farm) to property ID 1135 (farm)
105,557,1128,DAY 14/02/2025 - moved 3 animals from property ID 557 (farm) to property ID 1128 (farm)
105,570,189,DAY 14/02/2025 - moved 3 animals from property ID 570 (farm) to property ID 189 (saleyard)
105,596,1273,DAY 14/02/2025 - moved 3 animals from property ID 596 (farm) to property ID 1273 (trader)
105,624,1809,DAY 14/02/2025 - moved 3 animals from property ID 624 (farm) to property ID 1809 (farm)
105,633,189,DAY 14/02/2025 - moved 2 animals from property ID 633 (farm) to property ID 189 (saleyard)
105,638,867,DAY 14/02/2025 - moved 4 animals from property ID 638 (farm) to property ID 867 (feedlot)
105,647,188,DAY 14/02/2025 - moved 4 animals from property ID 647 (farm) to property ID 188 (feedlot)
105,668,1823,DAY 14/02/2025 - moved 7 animals from property ID 668 (farm) to property ID 1823 (trader)
105,686,1707,DAY 14/02/2025 - moved 6 animals from property ID 686 (farm) to property ID 1707 (farm)
105,692,1301,DAY 14/02/2025 - moved 3 animals from property ID 692 (farm) to property ID 1301 (saleyard)
105,694,1479,DAY 14/02/2025 - moved 13 animals from property ID 694 (farm) to property ID 1479 (trader)
105,697,866,DAY 14/02/2025 - moved 2 animals from property ID 697 (farm) to property ID 866 (feedlot)
105,698,1301,DAY 14/02/2025 - moved 4 animals from property ID 698 (farm) to property ID 1301 (saleyard)
105,707,1581,DAY 14/02/2025 - moved 4 animals from property ID 707 (farm) to property ID 1581 (farm)
105,717,1109,DAY 14/02/2025 - moved 5 animals from property ID 717 (farm) to property ID 1109 (feedlot)
105,726,1301,DAY 14/02/2025 - moved 1 animals from property ID 726 (farm) to property ID 1301 (saleyard)
105,728,1907,DAY 14/02/2025 - moved 14 animals from property ID 728 (farm) to property ID 1907 (feedlot)
105,782,585,DAY 14/02/2025 - moved 25 animals from property ID 782 (trader) to property ID 585 (farm)
105,782,616,DAY 14/02/2025 - moved 25 animals from property ID 782 (trader) to property ID 616 (farm)
105,795,1479,DAY 14/02/2025 - moved 5 animals from property ID 795 (farm) to property ID 1479 (trader)
105,807,1201,DAY 14/02/2025 - moved 1 animals from property ID 807 (farm) to property ID 1201 (farm)
105,814,408,DAY 14/02/2025 - moved 16 animals from property ID 814 (farm) to property ID 408 (farm)
105,824,1301,DAY 14/02/2025 - moved 8 animals from property ID 824 (farm) to property ID 1301 (saleyard)
105,875,1799,DAY 14/02/2025 - moved 3 animals from property ID 875 (farm) to property ID 1799 (farm)
105,876,1110,DAY 14/02/2025 - moved 2 animals from property ID 876 (farm) to property ID 1110 (feedlot)
105,883,1109,DAY 14/02/2025 - moved 2 animals from property ID 883 (farm) to property ID 1109 (feedlot)
105,892,1721,DAY 14/02/2025 - moved 18 animals from property ID 892 (farm) to property ID 1721 (farm)
105,900,1519,DAY 14/02/2025 - moved 24 animals from property ID 900 (farm) to property ID 1519 (farm)
105,903,188,DAY 14/02/2025 - moved 4 animals from property ID 903 (farm) to property ID 188 (feedlot)
105,904,1110,DAY 14/02/2025 - moved 8 animals from property ID 904 (trader) to property ID 1110 (feedlot)
105,914,782,DAY 14/02/2025 - moved 12 animals from property ID 914 (farm) to property ID 782 (trader)
105,922,964,DAY 14/02/2025 - moved 39 animals from property ID 922 (farm) to property ID 964 (feedlot)
105,935,866,DAY 14/02/2025 - moved 7 animals from property ID 935 (farm) to property ID 866 (feedlot)
105,943,1666,DAY 14/02/2025 - moved 7 animals from property ID 943 (farm) to property ID 1666 (feedlot)
105,950,782,DAY 14/02/2025 - moved 5 animals from property ID 950 (farm) to property ID 782 (trader)
105,967,1273,DAY 14/02/2025 - moved 7 animals from property ID 967 (farm) to property ID 1273 (trader)
105,1025,955,DAY 14/02/2025 - moved 16 animals from property ID 1025 (farm) to property ID 955 (farm)
105,1053,1119,DAY 14/02/2025 - moved 2 animals from property ID 1053 (farm) to property ID 1119 (trader)
105,1060,1311,DAY 14/02/2025 - moved 7 animals from property ID 1060 (farm) to property ID 1311 (farm)
105,1064,482,DAY 14/02/2025 - moved 8 animals from property ID 1064 (farm) to property ID 482 (farm)
105,1066,782,DAY 14/02/2025 - moved 14 animals from property ID 1066 (farm) to property ID 782 (trader)
105,1072,74,DAY 14/02/2025 - moved 5 animals from property ID 1072 (farm) to property ID 74 (farm)
105,1078,1479,DAY 14/02/2025 - moved 14 animals from property ID 1078 (farm) to property ID 1479 (trader)
105,1084,524,DAY 14/02/2025 - moved 2 animals from property ID 1084 (farm) to property ID 524 (feedlot)
105,1089,1119,DAY 14/02/2025 - moved 3 animals from property ID 1089 (farm) to property ID 1119 (trader)
105,1100,458,DAY 14/02/2025 - moved 15 animals from property ID 1100 (farm) to property ID 458 (abbattoir)
105,1102,1546,DAY 14/02/2025 - moved 4 animals from property ID 1102 (farm) to property ID 1546 (farm)
105,1112,1823,DAY 14/02/2025 - moved 5 animals from property ID 1112 (farm) to property ID 1823 (trader)
105,1119,1472,DAY 14/02/2025 - moved 15 animals from property ID 1119 (trader) to property ID 1472 (farm)
105,1135,125,DAY 14/02/2025 - moved 1 animals from property ID 1135 (farm) to property ID 125 (farm)
105,1147,341,DAY 14/02/2025 - moved 23 animals from property ID 1147 (farm) to property ID 341 (farm)
105,1151,1479,DAY 14/02/2025 - moved 1 animals from property ID 1151 (farm) to property ID 1479 (trader)
105,1168,904,DAY 14/02/2025 - moved 3 animals from property ID 1168 (farm) to property ID 904 (trader)
105,1173,867,DAY 14/02/2025 - moved 11 animals from property ID 1173 (farm) to property ID 867 (feedlot)
105,1181,572,DAY 14/02/2025 - moved 16 animals from property ID 1181 (farm) to property ID 572 (farm)
105,1220,1534,DAY 14/02/2025 - moved 5 animals from property ID 1220 (farm) to property ID 1534 (farm)
105,1236,1301,DAY 14/02/2025 - moved 6 animals from property ID 1236 (farm) to property ID 1301 (saleyard)
105,1242,189,DAY 14/02/2025 - moved 6 animals from property ID 1242 (farm) to property ID 189 (saleyard)
105,1251,650,DAY 14/02/2025 - moved 12 animals from property ID 1251 (farm) to property ID 650 (farm)
105,1258,1413,DAY 14/02/2025 - moved 3 animals from property ID 1258 (farm) to property ID 1413 (farm)
105,1273,1745,DAY 14/02/2025 - moved 29 animals from property ID 1273 (trader) to property ID 1745 (farm)
105,1280,347,DAY 14/02/2025 - moved 6 animals from property ID 1280 (farm) to property ID 347 (farm)
105,1288,1527,DAY 14/02/2025 - moved 7 animals from property ID 1288 (farm) to property ID 1527 (farm)
105,1299,1783,DAY 14/02/2025 - moved 4 animals from property ID 1299 (farm) to property ID 1783 (farm)
105,1301,1772,DAY 14/02/2025 - moved 7 animals from property ID 1301 (saleyard) to property ID 1772 (farm)
105,1301,867,DAY 14/02/2025 - moved 7 animals from property ID 1301 (saleyard) to property ID 867 (feedlot)
105,1301,1934,DAY 14/02/2025 - moved 7 animals from property ID 1301 (saleyard) to property ID 1934 (farm)
105,1301,1306,DAY 14/02/2025 - moved 7 animals from property ID 1301 (saleyard) to property ID 1306 (farm)
105,1301,867,DAY 14/02/2025 - moved 7 animals from property ID 1301 (saleyard) to property ID 867 (feedlot)
105,1301,1119,DAY 14/02/2025 - moved 7 animals from property ID 1301 (saleyard) to property ID 1119 (trader)
105,1322,240,DAY 14/02/2025 - moved 3 animals from property ID 1322 (farm) to property ID 240 (farm)
105,1323,329,DAY 14/02/2025 - moved 36 animals from property ID 1323 (farm) to property ID 329 (farm)
105,1405,1981,DAY 14/02/2025 - moved 19 animals from property ID 1405 (farm) to property ID 1981 (farm)
105,1425,188,DAY 14/02/2025 - moved 4 animals from property ID 1425 (farm) to property ID 188 (feedlot)
105,1438,382,DAY 14/02/2025 - moved 4 animals from property ID 1438 (farm) to property ID 382 (farm)
105,1479,758,DAY 14/02/2025 - moved 49 animals from property ID 1479 (trader) to property ID 758 (feedlot)
105,1523,1911,DAY 14/02/2025 - moved 5 animals from property ID 1523 (farm) to property ID 1911 (farm)
105,1531,829,DAY 14/02/2025 - moved 3 animals from property ID 1531 (farm) to property ID 829 (farm)
105,1566,1797,DAY 14/02/2025 - moved 8 animals from property ID 1566 (farm) to property ID 1797 (farm)
105,1578,524,DAY 14/02/2025 - moved 5 animals from property ID 1578 (farm) to property ID 524 (feedlot)
105,1584,445,DAY 14/02/2025 - moved 9 animals from property ID 1584 (farm) to property ID 445 (farm)
105,1613,848,DAY 14/02/2025 - moved 9 animals from property ID 1613 (farm) to property ID 848 (farm)
105,1618,782,DAY 14/02/2025 - moved 17 animals from property ID 1618 (farm) to property ID 782 (trader)
105,1623,189,DAY 14/02/2025 - moved 9 animals from property ID 1623 (farm) to property ID 189 (saleyard)
105,1629,867,DAY 14/02/2025 - moved 4 animals from property ID 1629 (farm) to property ID 867 (feedlot)
105,1638,524,DAY 14/02/2025 - moved 2 animals from property ID 1638 (farm) to property ID 524 (feedlot)
105,1649,189,DAY 14/02/2025 - moved 4 animals from property ID 1649 (farm) to property ID 189 (saleyard)
105,1657,440,DAY 14/02/2025 - moved 2 animals from property ID 1657 (farm) to property ID 440 (farm)
105,1661,1109,DAY 14/02/2025 - moved 16 animals from property ID 1661 (farm) to property ID 1109 (feedlot)
105,1663,486,DAY 14/02/2025 - moved 11 animals from property ID 1663 (farm) to property ID 486 (farm)
105,1675,867,DAY 14/02/2025 - moved 6 animals from property ID 1675 (farm) to property ID 867 (feedlot)
105,1687,1556,DAY 14/02/2025 - moved 7 animals from property ID 1687 (farm) to property ID 1556 (farm)
105,1726,931,DAY 14/02/2025 - moved 52 animals from property ID 1726 (farm) to property ID 931 (farm)
105,1796,189,DAY 14/02/2025 - moved 3 animals from property ID 1796 (farm) to property ID 189 (saleyard)
105,1817,156,DAY 14/02/2025 - moved 4 animals from property ID 1817 (farm) to property ID 156 (farm)
105,1823,968,DAY 14/02/2025 - moved 13 animals from property ID 1823 (trader) to property ID 968 (farm)
105,1823,867,DAY 14/02/2025 - moved 12 animals from property ID 1823 (trader) to property ID 867 (feedlot)
105,1823,867,DAY 14/02/2025 - moved 12 animals from property ID 1823 (trader) to property ID 867 (feedlot)
105,1825,334,DAY 14/02/2025 - moved 7 animals from property ID 1825 (farm) to property ID 334 (farm)
105,1834,1823,DAY 14/02/2025 - moved 7 animals from property ID 1834 (farm) to property ID 1823 (trader)
105,1843,524,DAY 14/02/2025 - moved 3 animals from property ID 1843 (farm) to property ID 524 (feedlot)
105,1868,559,DAY 14/02/2025 - moved 6 animals from property ID 1868 (farm) to property ID 559 (farm)
105,1877,964,DAY 14/02/2025 - moved 4 animals from property ID 1877 (farm) to property ID 964 (feedlot)
105,1901,1812,DAY 14/02/2025 - moved 4 animals from property ID 1901 (farm) to property ID 1812 (farm)
105,1965,415,DAY 14/02/2025 - moved 1 animals from property ID 1965 (farm) to property ID 415 (trader)
105,1982,1249,DAY 14/02/2025 - moved 12 animals from property ID 1982 (farm) to property ID 1249 (farm)
105,1988,1110,DAY 14/02/2025 - moved 2 animals from property ID 1988 (farm) to property ID 1110 (feedlot)
106,7,189,DAY 15/02/2025 - moved 6 animals from property ID 7 (farm) to property ID 189 (saleyard)
106,20,805,DAY 15/02/2025 - moved 2 animals from property ID 20 (farm) to property ID 805 (farm)
106,23,1823,DAY 15/02/2025 - moved 3 animals from property ID 23 (farm) to property ID 1823 (trader)
106,30,92,DAY 15/02/2025 - moved 1 animals from property ID 30 (farm) to property ID 92 (trader)
106,52,1797,DAY 15/02/2025 - moved 4 animals from property ID 52 (farm) to property ID 1797 (farm)
106,92,1666,DAY 15/02/2025 - moved 13 animals from property ID 92 (trader) to property ID 1666 (feedlot)
106,92,866,DAY 15/02/2025 - moved 14 animals from property ID 92 (trader) to property ID 866 (feedlot)
106,98,1904,DAY 15/02/2025 - moved 5 animals from property ID 98 (farm) to property ID 1904 (farm)
106,182,1931,DAY 15/02/2025 - moved 4 animals from property ID 182 (farm) to property ID 1931 (farm)
106,189,265,DAY 15/02/2025 - moved 5 animals from property ID 189 (saleyard) to property ID 265 (farm)
106,189,1987,DAY 15/02/2025 - moved 4 animals from property ID 189 (saleyard) to property ID 1987 (farm)
106,189,453,DAY 15/02/2025 - moved 4 animals from property ID 189 (saleyard) to property ID 453 (farm)
106,189,619,DAY 15/02/2025 - moved 4 animals from property ID 189 (saleyard) to property ID 619 (farm)
106,189,647,DAY 15/02/2025 - moved 4 animals from property ID 189 (saleyard) to property ID 647 (farm)
106,197,1301,DAY 15/02/2025 - moved 8 animals from property ID 197 (farm) to property ID 1301 (saleyard)
106,198,1823,DAY 15/02/2025 - moved 4 animals from property ID 198 (farm) to property ID 1823 (trader)
106,205,1109,DAY 15/02/2025 - moved 3 animals from property ID 205 (farm) to property ID 1109 (feedlot)
106,208,1666,DAY 15/02/2025 - moved 7 animals from property ID 208 (farm) to property ID 1666 (feedlot)
106,224,867,DAY 15/02/2025 - moved 2 animals from property ID 224 (farm) to property ID 867 (feedlot)
106,239,458,DAY 15/02/2025 - moved 3 animals from property ID 239 (farm) to property ID 458 (abbattoir)
106,240,383,DAY 15/02/2025 - moved 5 animals from property ID 240 (farm) to property ID 383 (farm)
106,263,92,DAY 15/02/2025 - moved 5 animals from property ID 263 (farm) to property ID 92 (trader)
106,335,1479,DAY 15/02/2025 - moved 6 animals from property ID 335 (farm) to property ID 1479 (trader)
106,356,1273,DAY 15/02/2025 - moved 3 animals from property ID 356 (farm) to property ID 1273 (trader)
106,359,1032,DAY 15/02/2025 - moved 3 animals from property ID 359 (farm) to property ID 1032 (farm)
106,415,1957,DAY 15/02/2025 - moved 11 animals from property ID 415 (trader) to property ID 1957 (farm)
106,421,189,DAY 15/02/2025 - moved 11 animals from property ID 421 (farm) to property ID 189 (saleyard)
106,473,960,DAY 15/02/2025 - moved 4 animals from property ID 473 (farm) to property ID 960 (farm)
106,514,92,DAY 15/02/2025 - moved 12 animals from property ID 514 (farm) to property ID 92 (trader)
106,545,1479,DAY 15/02/2025 - moved 13 animals from property ID 545 (farm) to property ID 1479 (trader)
106,553,1977,DAY 15/02/2025 - moved 11 animals from property ID 553 (farm) to property ID 1977 (farm)
106,556,1388,DAY 15/02/2025 - moved 8 animals from property ID 556 (farm) to property ID 1388 (farm)
106,574,1479,DAY 15/02/2025 - moved 9 animals from property ID 574 (farm) to property ID 1479 (trader)
106,578,1479,DAY 15/02/2025 - moved 5 animals from property ID 578 (farm) to property ID 1479 (trader)
106,595,524,DAY 15/02/2025 - moved 8 animals from property ID 595 (farm) to property ID 524 (feedlot)
106,601,125,DAY 15/02/2025 - moved 2 animals from property ID 601 (farm) to property ID 125 (farm)
106,613,415,DAY 15/02/2025 - moved 2 animals from property ID 613 (farm) to property ID 415 (trader)
106,619,415,DAY 15/02/2025 - moved 6 animals from property ID 619 (farm) to property ID 415 (trader)
106,639,866,DAY 15/02/2025 - moved 51 animals from property ID 639 (farm) to property ID 866 (feedlot)
106,650,1707,DAY 15/02/2025 - moved 17 animals from property ID 650 (farm) to property ID 1707 (farm)
106,663,454,DAY 15/02/2025 - moved 4 animals from property ID 663 (farm) to property ID 454 (farm)
106,670,867,DAY 15/02/2025 - moved 1 animals from property ID 670 (farm) to property ID 867 (feedlot)
106,725,264,DAY 15/02/2025 - moved 2 animals from property ID 725 (farm) to property ID 264 (feedlot)
106,727,1479,DAY 15/02/2025 - moved 16 animals from property ID 727 (farm) to property ID 1479 (trader)
106,740,1719,DAY 15/02/2025 - moved 11 animals from property ID 740 (farm) to property ID 1719 (farm)
106,760,1539,DAY 15/02/2025 - moved 10 animals from property ID 760 (farm) to property ID 1539 (farm)
106,782,447,DAY 15/02/2025 - moved 28 animals from property ID 782 (trader) to property ID 447 (farm)
106,782,666,DAY 15/02/2025 - moved 28 animals from property ID 782 (trader) to property ID 666 (farm)
106,805,781,DAY 15/02/2025 - moved 5 animals from property ID 805 (farm) to property ID 781 (farm)
106,813,1689,DAY 15/02/2025 - moved 2 animals from property ID 813 (farm) to property ID 1689 (farm)
106,832,782,DAY 15/02/2025 - moved 9 animals from property ID 832 (farm) to property ID 782 (trader)
106,848,645,DAY 15/02/2025 - moved 21 animals from property ID 848 (farm) to property ID 645 (farm)
106,853,1958,DAY 15/02/2025 - moved 2 animals from property ID 853 (farm) to property ID 1958 (farm)
106,870,700,DAY 15/02/2025 - moved 3 animals from property ID 870 (farm) to property ID 700 (trader)
106,904,700,DAY 15/02/2025 - moved 3 animals from property ID 904 (trader) to property ID 700 (trader)
106,904,938,DAY 15/02/2025 - moved 4 animals from property ID 904 (trader) to property ID 938 (farm)
106,923,964,DAY 15/02/2025 - moved 6 animals from property ID 923 (farm) to property ID 964 (feedlot)
106,925,188,DAY 15/02/2025 - moved 13 animals from property ID 925 (farm) to property ID 188 (feedlot)
106,952,1479,DAY 15/02/2025 - moved 6 animals from property ID 952 (farm) to property ID 1479 (trader)
106,956,1273,DAY 15/02/2025 - moved 4 animals from property ID 956 (farm) to property ID 1273 (trader)
106,1003,1872,DAY 15/02/2025 - moved 2 animals from property ID 1003 (farm) to property ID 1872 (farm)
106,1038,282,DAY 15/02/2025 - moved 17 animals from property ID 1038 (farm) to property ID 282 (farm)
106,1062,1273,DAY 15/02/2025 - moved 5 animals from property ID 1062 (farm) to property ID 1273 (trader)
106,1103,1952,DAY 15/02/2025 - moved 3 animals from property ID 1103 (farm) to property ID 1952 (farm)
106,1136,866,DAY 15/02/2025 - moved 7 animals from property ID 1136 (farm) to property ID 866 (feedlot)
106,1149,1061,DAY 15/02/2025 - moved 6 animals from property ID 1149 (farm) to property ID 1061 (farm)
106,1176,415,DAY 15/02/2025 - moved 3 animals from property ID 1176 (farm) to property ID 415 (trader)
106,1197,1666,DAY 15/02/2025 - moved 2 animals from property ID 1197 (farm) to property ID 1666 (feedlot)
106,1273,1789,DAY 15/02/2025 - moved 9 animals from property ID 1273 (trader) to property ID 1789 (farm)
106,1273,1292,DAY 15/02/2025 - moved 9 animals from property ID 1273 (trader) to property ID 1292 (farm)
106,1273,906,DAY 15/02/2025 - moved 9 animals from property ID 1273 (trader) to property ID 906 (farm)
106,1274,707,DAY 15/02/2025 - moved 6 animals from property ID 1274 (farm) to property ID 707 (farm)
106,1290,1823,DAY 15/02/2025 - moved 5 animals from property ID 1290 (farm) to property ID 1823 (trader)
106,1313,1273,DAY 15/02/2025 - moved 14 animals from property ID 1313 (farm) to property ID 1273 (trader)
106,1318,524,DAY 15/02/2025 - moved 3 animals from property ID 1318 (farm) to property ID 524 (feedlot)
106,1333,301,DAY 15/02/2025 - moved 6 animals from property ID 1333 (farm) to property ID 301 (farm)
106,1398,322,DAY 15/02/2025 - moved 3 animals from property ID 1398 (farm) to property ID 322 (farm)
106,1420,1964,DAY 15/02/2025 - moved 3 animals from property ID 1420 (farm) to property ID 1964 (farm)
106,1422,236,DAY 15/02/2025 - moved 8 animals from property ID 1422 (farm) to property ID 236 (farm)
106,1427,1109,DAY 15/02/2025 - moved 1 animals from property ID 1427 (farm) to property ID 1109 (feedlot)
106,1443,1823,DAY 15/02/2025 - moved 3 animals from property ID 1443 (farm) to property ID 1823 (trader)
106,1479,758,DAY 15/02/2025 - moved 15 animals from property ID 1479 (trader) to property ID 758 (feedlot)
106,1479,1699,DAY 15/02/2025 - moved 15 animals from property ID 1479 (trader) to property ID 1699 (farm)
106,1479,194,DAY 15/02/2025 - moved 15 animals from property ID 1479 (trader) to property ID 194 (farm)
106,1497,188,DAY 15/02/2025 - moved 3 animals from property ID 1497 (farm) to property ID 188 (feedlot)
106,1503,1301,DAY 15/02/2025 - moved 9 animals from property ID 1503 (farm) to property ID 1301 (saleyard)
106,1512,1110,DAY 15/02/2025 - moved 1 animals from property ID 1512 (farm) to property ID 1110 (feedlot)
106,1522,301,DAY 15/02/2025 - moved 5 animals from property ID 1522 (farm) to property ID 301 (farm)
106,1571,782,DAY 15/02/2025 - moved 10 animals from property ID 1571 (farm) to property ID 782 (trader)
106,1574,1823,DAY 15/02/2025 - moved 7 animals from property ID 1574 (farm) to property ID 1823 (trader)
106,1590,166,DAY 15/02/2025 - moved 5 animals from property ID 1590 (farm) to property ID 166 (farm)
106,1593,866,DAY 15/02/2025 - moved 9 animals from property ID 1593 (farm) to property ID 866 (feedlot)
106,1612,1273,DAY 15/02/2025 - moved 4 animals from property ID 1612 (farm) to property ID 1273 (trader)
106,1620,1834,DAY 15/02/2025 - moved 4 animals from property ID 1620 (farm) to property ID 1834 (farm)
106,1622,1666,DAY 15/02/2025 - moved 5 animals from property ID 1622 (farm) to property ID 1666 (feedlot)
106,1624,782,DAY 15/02/2025 - moved 32 animals from property ID 1624 (farm) to property ID 782 (trader)
106,1668,1738,DAY 15/02/2025 - moved 25 animals from property ID 1668 (farm) to property ID 1738 (farm)
106,1700,866,DAY 15/02/2025 - moved 3 animals from property ID 1700 (farm) to property ID 866 (feedlot)
106,1701,1147,DAY 15/02/2025 - moved 4 animals from property ID 1701 (farm) to property ID 1147 (farm)
106,1719,782,DAY 15/02/2025 - moved 5 animals from property ID 1719 (farm) to property ID 782 (trader)
106,1721,281,DAY 15/02/2025 - moved 33 animals from property ID 1721 (farm) to property ID 281 (farm)
106,1736,192,DAY 15/02/2025 - moved 8 animals from property ID 1736 (farm) to property ID 192 (farm)
106,1745,882,DAY 15/02/2025 - moved 9 animals from property ID 1745 (farm) to property ID 882 (farm)
106,1767,867,DAY 15/02/2025 - moved 4 animals from property ID 1767 (farm) to property ID 867 (feedlot)
106,1772,1301,DAY 15/02/2025 - moved 8 animals from property ID 1772 (farm) to property ID 1301 (saleyard)
106,1773,92,DAY 15/02/2025 - moved 6 animals from property ID 1773 (farm) to property ID 92 (trader)
106,1787,1907,DAY 15/02/2025 - moved 12 animals from property ID 1787 (farm) to property ID 1907 (feedlot)
106,1806,1479,DAY 15/02/2025 - moved 5 animals from property ID 1806 (farm) to property ID 1479 (trader)
106,1810,1969,DAY 15/02/2025 - moved 5 animals from property ID 1810 (farm) to property ID 1969 (farm)
106,1823,1703,DAY 15/02/2025 - moved 40 animals from property ID 1823 (trader) to property ID 1703 (farm)
106,1826,815,DAY 15/02/2025 - moved 6 animals from property ID 1826 (farm) to property ID 815 (farm)
106,1854,1110,DAY 15/02/2025 - moved 4 animals from property ID 1854 (farm) to property ID 1110 (feedlot)
106,1861,92,DAY 15/02/2025 - moved 3 animals from property ID 1861 (farm) to property ID 92 (trader)
106,1867,782,DAY 15/02/2025 - moved 10 animals from property ID 1867 (farm) to property ID 782 (trader)
106,1921,524,DAY 15/02/2025 - moved 3 animals from property ID 1921 (farm) to property ID 524 (feedlot)
106,1922,1817,DAY 15/02/2025 - moved 3 animals from property ID 1922 (farm) to property ID 1817 (farm)
106,1927,866,DAY 15/02/2025 - moved 5 animals from property ID 1927 (farm) to property ID 866 (feedlot)
106,1933,1824,DAY 15/02/2025 - moved 24 animals from property ID 1933 (farm) to property ID 1824 (farm)
106,1973,92,DAY 15/02/2025 - moved 9 animals from property ID 1973 (farm) to property ID 92 (trader)
106,1976,1861,DAY 15/02/2025 - moved 3 animals from property ID 1976 (farm) to property ID 1861 (farm)
106,1980,1387,DAY 15/02/2025 - moved 3 animals from property ID 1980 (farm) to property ID 1387 (farm)
106,1990,764,DAY 15/02/2025 - moved 6 animals from property ID 1990 (farm) to property ID 764 (farm)
107,8,724,DAY 16/02/2025 - moved 7 animals from property ID 8 (farm) to property ID 724 (farm)
107,40,1301,DAY 16/02/2025 - moved 3 animals from property ID 40 (farm) to property ID 1301 (saleyard)
107,43,1301,DAY 16/02/2025 - moved 2 animals from property ID 43 (farm) to property ID 1301 (saleyard)
107,63,1301,DAY 16/02/2025 - moved 12 animals from property ID 63 (farm) to property ID 1301 (saleyard)
107,77,1940,DAY 16/02/2025 - moved 6 animals from property ID 77 (farm) to property ID 1940 (farm)
107,80,700,DAY 16/02/2025 - moved 2 animals from property ID 80 (farm) to property ID 700 (trader)
107,92,866,DAY 16/02/2025 - moved 15 animals from property ID 92 (trader) to property ID 866 (feedlot)
107,92,1666,DAY 16/02/2025 - moved 14 animals from property ID 92 (trader) to property ID 1666 (feedlot)
107,100,1431,DAY 16/02/2025 - moved 4 animals from property ID 100 (farm) to property ID 1431 (farm)
107,103,458,DAY 16/02/2025 - moved 5 animals from property ID 103 (farm) to property ID 458 (abbattoir)
107,104,782,DAY 16/02/2025 - moved 13 animals from property ID 104 (farm) to property ID 782 (trader)
107,111,1273,DAY 16/02/2025 - moved 3 animals from property ID 111 (farm) to property ID 1273 (trader)
107,113,1273,DAY 16/02/2025 - moved 9 animals from property ID 113 (farm) to property ID 1273 (trader)
107,118,1479,DAY 16/02/2025 - moved 10 animals from property ID 118 (farm) to property ID 1479 (trader)
107,130,277,DAY 16/02/2025 - moved 4 animals from property ID 130 (farm) to property ID 277 (farm)
107,134,189,DAY 16/02/2025 - moved 6 animals from property ID 134 (farm) to property ID 189 (saleyard)
107,150,1541,DAY 16/02/2025 - moved 7 animals from property ID 150 (farm) to property ID 1541 (farm)
107,171,697,DAY 16/02/2025 - moved 5 animals from property ID 171 (farm) to property ID 697 (farm)
107,173,92,DAY 16/02/2025 - moved 10 animals from property ID 173 (farm) to property ID 92 (trader)
107,177,492,DAY 16/02/2025 - moved 3 animals from property ID 177 (farm) to property ID 492 (farm)
107,180,684,DAY 16/02/2025 - moved 3 animals from property ID 180 (farm) to property ID 684 (farm)
107,189,195,DAY 16/02/2025 - moved 10 animals from property ID 189 (saleyard) to property ID 195 (farm)
107,189,1178,DAY 16/02/2025 - moved 10 animals from property ID 189 (saleyard) to property ID 1178 (farm)
107,200,92,DAY 16/02/2025 - moved 7 animals from property ID 200 (farm) to property ID 92 (trader)
107,249,782,DAY 16/02/2025 - moved 17 animals from property ID 249 (farm) to property ID 782 (trader)
107,291,1526,DAY 16/02/2025 - moved 4 animals from property ID 291 (farm) to property ID 1526 (farm)
107,302,1273,DAY 16/02/2025 - moved 3 animals from property ID 302 (farm) to property ID 1273 (trader)
107,321,1427,DAY 16/02/2025 - moved 3 animals from property ID 321 (farm) to property ID 1427 (farm)
107,338,818,DAY 16/02/2025 - moved 19 animals from property ID 338 (farm) to property ID 818 (farm)
107,344,758,DAY 16/02/2025 - moved 7 animals from property ID 344 (farm) to property ID 758 (feedlot)
107,365,782,DAY 16/02/2025 - moved 10 animals from property ID 365 (farm) to property ID 782 (trader)
107,415,733,DAY 16/02/2025 - moved 3 animals from property ID 415 (trader) to property ID 733 (farm)
107,415,1301,DAY 16/02/2025 - moved 4 animals from property ID 415 (trader) to property ID 1301 (saleyard)
107,415,613,DAY 16/02/2025 - moved 4 animals from property ID 415 (trader) to property ID 613 (farm)
107,433,1479,DAY 16/02/2025 - moved 9 animals from property ID 433 (farm) to property ID 1479 (trader)
107,441,1119,DAY 16/02/2025 - moved 4 animals from property ID 441 (farm) to property ID 1119 (trader)
107,457,1823,DAY 16/02/2025 - moved 3 animals from property ID 457 (farm) to property ID 1823 (trader)
107,493,782,DAY 16/02/2025 - moved 9 animals from property ID 493 (farm) to property ID 782 (trader)
107,508,759,DAY 16/02/2025 - moved 5 animals from property ID 508 (farm) to property ID 759 (farm)
107,510,700,DAY 16/02/2025 - moved 2 animals from property ID 510 (farm) to property ID 700 (trader)
107,512,700,DAY 16/02/2025 - moved 3 animals from property ID 512 (farm) to property ID 700 (trader)
107,519,700,DAY 16/02/2025 - moved 4 animals from property ID 519 (farm) to property ID 700 (trader)
107,523,1666,DAY 16/02/2025 - moved 11 animals from property ID 523 (farm) to property ID 1666 (feedlot)
107,527,904,DAY 16/02/2025 - moved 3 animals from property ID 527 (farm) to property ID 904 (trader)
107,530,700,DAY 16/02/2025 - moved 3 animals from property ID 530 (farm) to property ID 700 (trader)
107,532,1301,DAY 16/02/2025 - moved 11 animals from property ID 532 (farm) to property ID 1301 (saleyard)
107,550,92,DAY 16/02/2025 - moved 3 animals from property ID 550 (farm) to property ID 92 (trader)
107,576,283,DAY 16/02/2025 - moved 6 animals from property ID 576 (farm) to property ID 283 (farm)
107,594,1823,DAY 16/02/2025 - moved 6 animals from property ID 594 (farm) to property ID 1823 (trader)
107,627,92,DAY 16/02/2025 - moved 7 animals from property ID 627 (farm) to property ID 92 (trader)
107,634,524,DAY 16/02/2025 - moved 3 animals from property ID 634 (farm) to property ID 524 (feedlot)
107,646,1527,DAY 16/02/2025 - moved 6 animals from property ID 646 (farm) to property ID 1527 (farm)
107,648,926,DAY 16/02/2025 - moved 5 animals from property ID 648 (farm) to property ID 926 (farm)
107,660,1960,DAY 16/02/2025 - moved 11 animals from property ID 660 (farm) to property ID 1960 (farm)
107,700,1109,DAY 16/02/2025 - moved 5 animals from property ID 700 (trader) to property ID 1109 (feedlot)
107,700,1163,DAY 16/02/2025 - moved 6 animals from property ID 700 (trader) to property ID 1163 (farm)
107,700,1110,DAY 16/02/2025 - moved 6 animals from property ID 700 (trader) to property ID 1110 (feedlot)
107,708,916,DAY 16/02/2025 - moved 11 animals from property ID 708 (farm) to property ID 916 (farm)
107,748,524,DAY 16/02/2025 - moved 2 animals from property ID 748 (farm) to property ID 524 (feedlot)
107,751,415,DAY 16/02/2025 - moved 3 animals from property ID 751 (farm) to property ID 415 (trader)
107,759,1110,DAY 16/02/2025 - moved 4 animals from property ID 759 (farm) to property ID 1110 (feedlot)
107,772,758,DAY 16/02/2025 - moved 21 animals from property ID 772 (farm) to property ID 758 (feedlot)
107,782,458,DAY 16/02/2025 - moved 58 animals from property ID 782 (trader) to property ID 458 (abbattoir)
107,790,189,DAY 16/02/2025 - moved 2 animals from property ID 790 (farm) to property ID 189 (saleyard)
107,799,1479,DAY 16/02/2025 - moved 21 animals from property ID 799 (farm) to property ID 1479 (trader)
107,834,1109,DAY 16/02/2025 - moved 4 animals from property ID 834 (farm) to property ID 1109 (feedlot)
107,842,92,DAY 16/02/2025 - moved 10 animals from property ID 842 (farm) to property ID 92 (trader)
107,860,491,DAY 16/02/2025 - moved 16 animals from property ID 860 (farm) to property ID 491 (farm)
107,874,618,DAY 16/02/2025 - moved 5 animals from property ID 874 (farm) to property ID 618 (farm)
107,904,77,DAY 16/02/2025 - moved 5 animals from property ID 904 (trader) to property ID 77 (farm)
107,912,1273,DAY 16/02/2025 - moved 13 animals from property ID 912 (farm) to property ID 1273 (trader)
107,933,725,DAY 16/02/2025 - moved 5 animals from property ID 933 (farm) to property ID 725 (farm)
107,960,1119,DAY 16/02/2025 - moved 7 animals from property ID 960 (farm) to property ID 1119 (trader)
107,983,1633,DAY 16/02/2025 - moved 5 animals from property ID 983 (farm) to property ID 1633 (farm)
107,997,964,DAY 16/02/2025 - moved 2 animals from property ID 997 (farm) to property ID 964 (feedlot)
107,1006,964,DAY 16/02/2025 - moved 5 animals from property ID 1006 (farm) to property ID 964 (feedlot)
107,1058,149,DAY 16/02/2025 - moved 6 animals from property ID 1058 (farm) to property ID 149 (farm)
107,1068,1000,DAY 16/02/2025 - moved 4 animals from property ID 1068 (farm) to property ID 1000 (farm)
107,1076,189,DAY 16/02/2025 - moved 1 animals from property ID 1076 (farm) to property ID 189 (saleyard)
107,1077,1025,DAY 16/02/2025 - moved 9 animals from property ID 1077 (farm) to property ID 1025 (farm)
107,1111,700,DAY 16/02/2025 - moved 17 animals from property ID 1111 (farm) to property ID 700 (trader)
107,1119,1245,DAY 16/02/2025 - moved 7 animals from property ID 1119 (trader) to property ID 1245 (farm)
107,1119,1993,DAY 16/02/2025 - moved 7 animals from property ID 1119 (trader) to property ID 1993 (farm)
107,1125,867,DAY 16/02/2025 - moved 5 animals from property ID 1125 (farm) to property ID 867 (feedlot)
107,1133,896,DAY 16/02/2025 - moved 4 animals from property ID 1133 (farm) to property ID 896 (farm)
107,1134,1422,DAY 16/02/2025 - moved 7 animals from property ID 1134 (farm) to property ID 1422 (farm)
107,1141,1273,DAY 16/02/2025 - moved 4 animals from property ID 1141 (farm) to property ID 1273 (trader)
107,1144,1907,DAY 16/02/2025 - moved 18 animals from property ID 1144 (farm) to property ID 1907 (feedlot)
107,1165,1907,DAY 16/02/2025 - moved 10 animals from property ID 1165 (farm) to property ID 1907 (feedlot)
107,1184,189,DAY 16/02/2025 - moved 6 animals from property ID 1184 (farm) to property ID 189 (saleyard)
107,1214,561,DAY 16/02/2025 - moved 5 animals from property ID 1214 (farm) to property ID 561 (farm)
107,1235,1273,DAY 16/02/2025 - moved 4 animals from property ID 1235 (farm) to property ID 1273 (trader)
107,1256,1333,DAY 16/02/2025 - moved 3 animals from property ID 1256 (farm) to property ID 1333 (farm)
107,1273,254,DAY 16/02/2025 - moved 14 animals from property ID 1273 (trader) to property ID 254 (farm)
107,1273,471,DAY 16/02/2025 - moved 14 animals from property ID 1273 (trader) to property ID 471 (farm)
107,1297,1421,DAY 16/02/2025 - moved 5 animals from property ID 1297 (farm) to property ID 1421 (farm)
107,1301,692,DAY 16/02/2025 - moved 11 animals from property ID 1301 (saleyard) to property ID 692 (farm)
107,1301,867,DAY 16/02/2025 - moved 11 animals from property ID 1301 (saleyard) to property ID 867 (feedlot)
107,1301,867,DAY 16/02/2025 - moved 11 animals from property ID 1301 (saleyard) to property ID 867 (feedlot)
107,1301,856,DAY 16/02/2025 - moved 11 animals from property ID 1301 (saleyard) to property ID 856 (farm)
107,1335,839,DAY 16/02/2025 - moved 5 animals from property ID 1335 (farm) to property ID 839 (farm)
107,1336,1870,DAY 16/02/2025 - moved 8 animals from property ID 1336 (farm) to property ID 1870 (farm)
107,1365,1798,DAY 16/02/2025 - moved 4 animals from property ID 1365 (farm) to property ID 1798 (farm)
107,1377,1424,DAY 16/02/2025 - moved 8 animals from property ID 1377 (farm) to property ID 1424 (farm)
107,1386,1861,DAY 16/02/2025 - moved 17 animals from property ID 1386 (farm) to property ID 1861 (farm)
107,1436,1823,DAY 16/02/2025 - moved 4 animals from property ID 1436 (farm) to property ID 1823 (trader)
107,1445,885,DAY 16/02/2025 - moved 11 animals from property ID 1445 (farm) to property ID 885 (farm)
107,1453,189,DAY 16/02/2025 - moved 19 animals from property ID 1453 (farm) to property ID 189 (saleyard)
107,1454,251,DAY 16/02/2025 - moved 20 animals from property ID 1454 (farm) to property ID 251 (farm)
107,1456,1479,DAY 16/02/2025 - moved 9 animals from property ID 1456 (farm) to property ID 1479 (trader)
107,1459,177,DAY 16/02/2025 - moved 7 animals from property ID 1459 (farm) to property ID 177 (farm)
107,1471,1273,DAY 16/02/2025 - moved 2 animals from property ID 1471 (farm) to property ID 1273 (trader)
107,1479,758,DAY 16/02/2025 - moved 48 animals from property ID 1479 (trader) to property ID 758 (feedlot)
107,1485,782,DAY 16/02/2025 - moved 7 animals from property ID 1485 (farm) to property ID 782 (trader)
107,1539,92,DAY 16/02/2025 - moved 9 animals from property ID 1539 (farm) to property ID 92 (trader)
107,1581,700,DAY 16/02/2025 - moved 3 animals from property ID 1581 (farm) to property ID 700 (trader)
107,1586,458,DAY 16/02/2025 - moved 27 animals from property ID 1586 (farm) to property ID 458 (abbattoir)
107,1591,365,DAY 16/02/2025 - moved 19 animals from property ID 1591 (farm) to property ID 365 (farm)
107,1599,1666,DAY 16/02/2025 - moved 6 animals from property ID 1599 (farm) to property ID 1666 (feedlot)
107,1609,765,DAY 16/02/2025 - moved 10 animals from property ID 1609 (farm) to property ID 765 (farm)
107,1628,758,DAY 16/02/2025 - moved 10 animals from property ID 1628 (farm) to property ID 758 (feedlot)
107,1699,1479,DAY 16/02/2025 - moved 15 animals from property ID 1699 (farm) to property ID 1479 (trader)
107,1705,891,DAY 16/02/2025 - moved 2 animals from property ID 1705 (farm) to property ID 891 (farm)
107,1707,1907,DAY 16/02/2025 - moved 18 animals from property ID 1707 (farm) to property ID 1907 (feedlot)
107,1712,1522,DAY 16/02/2025 - moved 2 animals from property ID 1712 (farm) to property ID 1522 (farm)
107,1738,1907,DAY 16/02/2025 - moved 9 animals from property ID 1738 (farm) to property ID 1907 (feedlot)
107,1740,1282,DAY 16/02/2025 - moved 7 animals from property ID 1740 (farm) to property ID 1282 (farm)
107,1766,866,DAY 16/02/2025 - moved 4 animals from property ID 1766 (farm) to property ID 866 (feedlot)
107,1781,189,DAY 16/02/2025 - moved 6 animals from property ID 1781 (farm) to property ID 189 (saleyard)
107,1789,524,DAY 16/02/2025 - moved 7 animals from property ID 1789 (farm) to property ID 524 (feedlot)
107,1798,918,DAY 16/02/2025 - moved 2 animals from property ID 1798 (farm) to property ID 918 (farm)
107,1803,1907,DAY 16/02/2025 - moved 11 animals from property ID 1803 (farm) to property ID 1907 (feedlot)
107,1804,1033,DAY 16/02/2025 - moved 11 animals from property ID 1804 (farm) to property ID 1033 (farm)
107,1823,867,DAY 16/02/2025 - moved 18 animals from property ID 1823 (trader) to property ID 867 (feedlot)
107,1823,1678,DAY 16/02/2025 - moved 18 animals from property ID 1823 (trader) to property ID 1678 (farm)
107,1832,92,DAY 16/02/2025 - moved 5 animals from property ID 1832 (farm) to property ID 92 (trader)
107,1839,1207,DAY 16/02/2025 - moved 9 animals from property ID 1839 (farm) to property ID 1207 (farm)
107,1869,269,DAY 16/02/2025 - moved 4 animals from property ID 1869 (farm) to property ID 269 (farm)
107,1875,166,DAY 16/02/2025 - moved 17 animals from property ID 1875 (farm) to property ID 166 (farm)
107,1906,867,DAY 16/02/2025 - moved 2 animals from property ID 1906 (farm) to property ID 867 (feedlot)
107,1917,782,DAY 16/02/2025 - moved 4 animals from property ID 1917 (farm) to property ID 782 (trader)
107,1940,1273,DAY 16/02/2025 - moved 3 animals from property ID 1940 (farm) to property ID 1273 (trader)
107,1946,794,DAY 16/02/2025 - moved 5 animals from property ID 1946 (farm) to property ID 794 (farm)
107,1963,528,DAY 16/02/2025 - moved 2 animals from property ID 1963 (farm) to property ID 528 (farm)
108,9,288,DAY 17/02/2025 - moved 6 animals from property ID 9 (farm) to property ID 288 (farm)
108,35,1110,DAY 17/02/2025 - moved 2 animals from property ID 35 (farm) to property ID 1110 (feedlot)
108,81,839,DAY 17/02/2025 - moved 8 animals from property ID 81 (farm) to property ID 839 (farm)
108,92,1969,DAY 17/02/2025 - moved 33 animals from property ID 92 (trader) to property ID 1969 (farm)
108,109,909,DAY 17/02/2025 - moved 7 animals from property ID 109 (farm) to property ID 909 (farm)
108,110,92,DAY 17/02/2025 - moved 5 animals from property ID 110 (farm) to property ID 92 (trader)
108,114,867,DAY 17/02/2025 - moved 6 animals from property ID 114 (farm) to property ID 867 (feedlot)
108,116,867,DAY 17/02/2025 - moved 4 animals from property ID 116 (farm) to property ID 867 (feedlot)
108,143,160,DAY 17/02/2025 - moved 1 animals from property ID 143 (farm) to property ID 160 (farm)
108,152,1479,DAY 17/02/2025 - moved 24 animals from property ID 152 (farm) to property ID 1479 (trader)
108,160,866,DAY 17/02/2025 - moved 8 animals from property ID 160 (farm) to property ID 866 (feedlot)
108,189,1109,DAY 17/02/2025 - moved 4 animals from property ID 189 (saleyard) to property ID 1109 (feedlot)
108,189,964,DAY 17/02/2025 - moved 5 animals from property ID 189 (saleyard) to property ID 964 (feedlot)
108,189,1109,DAY 17/02/2025 - moved 5 animals from property ID 189 (saleyard) to property ID 1109 (feedlot)
108,189,964,DAY 17/02/2025 - moved 5 animals from property ID 189 (saleyard) to property ID 964 (feedlot)
108,189,1581,DAY 17/02/2025 - moved 5 animals from property ID 189 (saleyard) to property ID 1581 (farm)
108,207,107,DAY 17/02/2025 - moved 4 animals from property ID 207 (farm) to property ID 107 (farm)
108,211,1907,DAY 17/02/2025 - moved 16 animals from property ID 211 (farm) to property ID 1907 (feedlot)
108,223,657,DAY 17/02/2025 - moved 1 animals from property ID 223 (farm) to property ID 657 (farm)
108,227,834,DAY 17/02/2025 - moved 4 animals from property ID 227 (farm) to property ID 834 (farm)
108,248,1109,DAY 17/02/2025 - moved 3 animals from property ID 248 (farm) to property ID 1109 (feedlot)
108,251,1479,DAY 17/02/2025 - moved 5 animals from property ID 251 (farm) to property ID 1479 (trader)
108,257,867,DAY 17/02/2025 - moved 4 animals from property ID 257 (farm) to property ID 867 (feedlot)
108,268,1078,DAY 17/02/2025 - moved 11 animals from property ID 268 (farm) to property ID 1078 (farm)
108,274,1075,DAY 17/02/2025 - moved 2 animals from property ID 274 (farm) to property ID 1075 (farm)
108,278,1119,DAY 17/02/2025 - moved 10 animals from property ID 278 (farm) to property ID 1119 (trader)
108,281,1907,DAY 17/02/2025 - moved 6 animals from property ID 281 (farm) to property ID 1907 (feedlot)
108,293,804,DAY 17/02/2025 - moved 12 animals from property ID 293 (farm) to property ID 804 (farm)
108,297,1695,DAY 17/02/2025 - moved 2 animals from property ID 297 (farm) to property ID 1695 (farm)
108,306,1823,DAY 17/02/2025 - moved 2 animals from property ID 306 (farm) to property ID 1823 (trader)
108,309,92,DAY 17/02/2025 - moved 6 animals from property ID 309 (farm) to property ID 92 (trader)
108,310,646,DAY 17/02/2025 - moved 2 animals from property ID 310 (farm) to property ID 646 (farm)
108,316,1666,DAY 17/02/2025 - moved 2 animals from property ID 316 (farm) to property ID 1666 (feedlot)
108,345,782,DAY 17/02/2025 - moved 9 animals from property ID 345 (farm) to property ID 782 (trader)
108,362,1119,DAY 17/02/2025 - moved 4 animals from property ID 362 (farm) to property ID 1119 (trader)
108,397,393,DAY 17/02/2025 - moved 6 animals from property ID 397 (farm) to property ID 393 (farm)
108,400,1119,DAY 17/02/2025 - moved 7 animals from property ID 400 (farm) to property ID 1119 (trader)
108,407,700,DAY 17/02/2025 - moved 6 animals from property ID 407 (farm) to property ID 700 (trader)
108,410,1387,DAY 17/02/2025 - moved 8 animals from property ID 410 (farm) to property ID 1387 (farm)
108,415,1301,DAY 17/02/2025 - moved 3 animals from property ID 415 (trader) to property ID 1301 (saleyard)
108,415,1109,DAY 17/02/2025 - moved 3 animals from property ID 415 (trader) to property ID 1109 (feedlot)
108,415,1468,DAY 17/02/2025 - moved 3 animals from property ID 415 (trader) to property ID 1468 (farm)
109,2,1485,DAY 18/02/2025 - moved 3 animals from property ID 2 (farm) to property ID 1485 (farm)
109,26,487,DAY 18/02/2025 - moved 12 animals from property ID 26 (farm) to property ID 487 (farm)
109,42,1022,DAY 18/02/2025 - moved 26 animals from property ID 42 (farm) to property ID 1022 (farm)
109,70,1820,DAY 18/02/2025 - moved 4 animals from property ID 70 (farm) to property ID 1820 (farm)
109,83,682,DAY 18/02/2025 - moved 14 animals from property ID 83 (farm) to property ID 682 (farm)
109,96,1498,DAY 18/02/2025 - moved 2 animals from property ID 96 (farm) to property ID 1498 (farm)
109,107,524,DAY 18/02/2025 - moved 6 animals from property ID 107 (farm) to property ID 524 (feedlot)
109,124,764,DAY 18/02/2025 - moved 2 animals from property ID 124 (farm) to property ID 764 (farm)
109,136,92,DAY 18/02/2025 - moved 6 animals from property ID 136 (farm) to property ID 92 (trader)
109,139,92,DAY 18/02/2025 - moved 3 animals from property ID 139 (farm) to property ID 92 (trader)
109,144,1301,DAY 18/02/2025 - moved 3 animals from property ID 144 (farm) to property ID 1301 (saleyard)
109,147,476,DAY 18/02/2025 - moved 5 animals from property ID 147 (farm) to property ID 476 (farm)
109,159,92,DAY 18/02/2025 - moved 9 animals from property ID 159 (farm) to property ID 92 (trader)
109,189,1513,DAY 18/02/2025 - moved 5 animals from property ID 189 (saleyard) to property ID 1513 (farm)
109,189,964,DAY 18/02/2025 - moved 5 animals from property ID 189 (saleyard) to property ID 964 (feedlot)
109,189,204,DAY 18/02/2025 - moved 5 animals from property ID 189 (saleyard) to property ID 204 (farm)
109,189,1109,DAY 18/02/2025 - moved 5 animals from property ID 189 (saleyard) to property ID 1109 (feedlot)
109,213,151,DAY 18/02/2025 - moved 14 animals from property ID 213 (farm) to property ID 151 (farm)
109,220,1826,DAY 18/02/2025 - moved 2 animals from property ID 220 (farm) to property ID 1826 (farm)
109,222,1823,DAY 18/02/2025 - moved 3 animals from property ID 222 (farm) to property ID 1823 (trader)
109,283,1852,DAY 18/02/2025 - moved 10 animals from property ID 283 (farm) to property ID 1852 (farm)
109,284,904,DAY 18/02/2025 - moved 2 animals from property ID 284 (farm) to property ID 904 (trader)
109,287,1273,DAY 18/02/2025 - moved 3 animals from property ID 287 (farm) to property ID 1273 (trader)
109,304,1432,DAY 18/02/2025 - moved 4 animals from property ID 304 (farm) to property ID 1432 (farm)
109,380,782,DAY 18/02/2025 - moved 21 animals from property ID 380 (farm) to property ID 782 (trader)
109,406,57,DAY 18/02/2025 - moved 3 animals from property ID 406 (farm) to property ID 57 (farm)
109,408,118,DAY 18/02/2025 - moved 13 animals from property ID 408 (farm) to property ID 118 (farm)
109,411,1110,DAY 18/02/2025 - moved 6 animals from property ID 411 (farm) to property ID 1110 (feedlot)
109,415,146,DAY 18/02/2025 - moved 2 animals from property ID 415 (trader) to property ID 146 (farm)
109,415,1301,DAY 18/02/2025 - moved 3 animals from property ID 415 (trader) to property ID 1301 (saleyard)
109,415,1109,DAY 18/02/2025 - moved 3 animals from property ID 415 (trader) to property ID 1109 (feedlot)
109,418,1335,DAY 18/02/2025 - moved 7 animals from property ID 418 (farm) to property ID 1335 (farm)
109,427,1712,DAY 18/02/2025 - moved 4 animals from property ID 427 (farm) to property ID 1712 (farm)
109,469,1799,DAY 18/02/2025 - moved 3 animals from property ID 469 (farm) to property ID 1799 (farm)
109,513,866,DAY 18/02/2025 - moved 2 animals from property ID 513 (farm) to property ID 866 (feedlot)
109,549,1907,DAY 18/02/2025 - moved 6 animals from property ID 549 (farm) to property ID 1907 (feedlot)
109,585,1044,DAY 18/02/2025 - moved 9 animals from property ID 585 (farm) to property ID 1044 (farm)
109,600,435,DAY 18/02/2025 - moved 3 animals from property ID 600 (farm) to property ID 435 (farm)
109,618,1273,DAY 18/02/2025 - moved 10 animals from property ID 618 (farm) to property ID 1273 (trader)
109,640,1301,DAY 18/02/2025 - moved 3 animals from property ID 640 (farm) to property ID 1301 (saleyard)
109,675,1742,DAY 18/02/2025 - moved 7 animals from property ID 675 (farm) to property ID 1742 (farm)
109,700,524,DAY 18/02/2025 - moved 7 animals from property ID 700 (trader) to property ID 524 (feedlot)
109,700,1167,DAY 18/02/2025 - moved 7 animals from property ID 700 (trader) to property ID 1167 (farm)
109,700,483,DAY 18/02/2025 - moved 7 animals from property ID 700 (trader) to property ID 483 (farm)
109,710,732,DAY 18/02/2025 - moved 3 animals from property ID 710 (farm) to property ID 732 (farm)
109,737,1666,DAY 18/02/2025 - moved 4 animals from property ID 737 (farm) to property ID 1666 (feedlot)
109,738,1823,DAY 18/02/2025 - moved 3 animals from property ID 738 (farm) to property ID 1823 (trader)
109,762,1785,DAY 18/02/2025 - moved 11 animals from property ID 762 (farm) to property ID 1785 (farm)
109,769,1273,DAY 18/02/2025 - moved 4 animals from property ID 769 (farm) to property ID 1273 (trader)
109,781,1479,DAY 18/02/2025 - moved 11 animals from property ID 781 (farm) to property ID 1479 (trader)
109,786,866,DAY 18/02/2025 - moved 6 animals from property ID 786 (farm) to property ID 866 (feedlot)
109,794,1861,DAY 18/02/2025 - moved 7 animals from property ID 794 (farm) to property ID 1861 (farm)
109,828,1301,DAY 18/02/2025 - moved 7 animals from property ID 828 (farm) to property ID 1301 (saleyard)
109,855,1209,DAY 18/02/2025 - moved 2 animals from property ID 855 (farm) to property ID 1209 (farm)
109,856,415,DAY 18/02/2025 - moved 5 animals from property ID 856 (farm) to property ID 415 (trader)
109,865,7,DAY 18/02/2025 - moved 11 animals from property ID 865 (farm) to property ID 7 (farm)
109,895,524,DAY 18/02/2025 - moved 12 animals from property ID 895 (farm) to property ID 524 (feedlot)
109,896,1666,DAY 18/02/2025 - moved 2 animals from property ID 896 (farm) to property ID 1666 (feedlot)
109,897,1823,DAY 18/02/2025 - moved 6 animals from property ID 897 (farm) to property ID 1823 (trader)
109,904,297,DAY 18/02/2025 - moved 5 animals from property ID 904 (trader) to property ID 297 (farm)
109,906,1273,DAY 18/02/2025 - moved 3 animals from property ID 906 (farm) to property ID 1273 (trader)
109,907,1565,DAY 18/02/2025 - moved 4 animals from property ID 907 (farm) to property ID 1565 (farm)
109,910,1464,DAY 18/02/2025 - moved 6 animals from property ID 910 (farm) to property ID 1464 (farm)
109,927,964,DAY 18/02/2025 - moved 2 animals from property ID 927 (farm) to property ID 964 (feedlot)
109,929,189,DAY 18/02/2025 - moved 11 animals from property ID 929 (farm) to property ID 189 (saleyard)
109,932,344,DAY 18/02/2025 - moved 13 animals from property ID 932 (farm) to property ID 344 (farm)
109,999,1823,DAY 18/02/2025 - moved 12 animals from property ID 999 (farm) to property ID 1823 (trader)
109,1015,1480,DAY 18/02/2025 - moved 4 animals from property ID 1015 (farm) to property ID 1480 (farm)
109,1057,700,DAY 18/02/2025 - moved 32 animals from property ID 1057 (farm) to property ID 700 (trader)
109,1167,518,DAY 18/02/2025 - moved 1 animals from property ID 1167 (farm) to property ID 518 (farm)
109,1177,867,DAY 18/02/2025 - moved 2 animals from property ID 1177 (farm) to property ID 867 (feedlot)
109,1194,805,DAY 18/02/2025 - moved 12 animals from property ID 1194 (farm) to property ID 805 (farm)
109,1195,1666,DAY 18/02/2025 - moved 9 animals from property ID 1195 (farm) to property ID 1666 (feedlot)
109,1207,866,DAY 18/02/2025 - moved 4 animals from property ID 1207 (farm) to property ID 866 (feedlot)
109,1212,1273,DAY 18/02/2025 - moved 1 animals from property ID 1212 (farm) to property ID 1273 (trader)
109,1217,210,DAY 18/02/2025 - moved 3 animals from property ID 1217 (farm) to property ID 210 (farm)
109,1218,782,DAY 18/02/2025 - moved 10 animals from property ID 1218 (farm) to property ID 782 (trader)
109,1226,1273,DAY 18/02/2025 - moved 2 animals from property ID 1226 (farm) to property ID 1273 (trader)
109,1255,1479,DAY 18/02/2025 - moved 9 animals from property ID 1255 (farm) to property ID 1479 (trader)
109,1283,1466,DAY 18/02/2025 - moved 12 animals from property ID 1283 (farm) to property ID 1466 (farm)
109,1292,1273,DAY 18/02/2025 - moved 1 animals from property ID 1292 (farm) to property ID 1273 (trader)
109,1347,1301,DAY 18/02/2025 - moved 4 animals from property ID 1347 (farm) to property ID 1301 (saleyard)
109,1354,1666,DAY 18/02/2025 - moved 3 animals from property ID 1354 (farm) to property ID 1666 (feedlot)
109,1368,1110,DAY 18/02/2025 - moved 1 animals from property ID 1368 (farm) to property ID 1110 (feedlot)
109,1378,867,DAY 18/02/2025 - moved 3 animals from property ID 1378 (farm) to property ID 867 (feedlot)
109,1411,649,DAY 18/02/2025 - moved 1 animals from property ID 1411 (farm) to property ID 649 (farm)
109,1417,1990,DAY 18/02/2025 - moved 14 animals from property ID 1417 (farm) to property ID 1990 (farm)
109,1418,1273,DAY 18/02/2025 - moved 3 animals from property ID 1418 (farm) to property ID 1273 (trader)
109,1431,188,DAY 18/02/2025 - moved 3 animals from property ID 1431 (farm) to property ID 188 (feedlot)
109,1432,1475,DAY 18/02/2025 - moved 4 animals from property ID 1432 (farm) to property ID 1475 (farm)
109,1448,94,DAY 18/02/2025 - moved 2 animals from property ID 1448 (farm) to property ID 94 (farm)
109,1458,989,DAY 18/02/2025 - moved 11 animals from property ID 1458 (farm) to property ID 989 (farm)
109,1464,1273,DAY 18/02/2025 - moved 5 animals from property ID 1464 (farm) to property ID 1273 (trader)
109,1479,989,DAY 18/02/2025 - moved 57 animals from property ID 1479 (trader) to property ID 989 (farm)
109,1505,1297,DAY 18/02/2025 - moved 5 animals from property ID 1505 (farm) to property ID 1297 (farm)
109,1525,1888,DAY 18/02/2025 - moved 18 animals from property ID 1525 (farm) to property ID 1888 (farm)
109,1548,1273,DAY 18/02/2025 - moved 3 animals from property ID 1548 (farm) to property ID 1273 (trader)
109,1572,1301,DAY 18/02/2025 - moved 1 animals from property ID 1572 (farm) to property ID 1301 (saleyard)
109,1632,1280,DAY 18/02/2025 - moved 10 animals from property ID 1632 (farm) to property ID 1280 (farm)
109,1654,1301,DAY 18/02/2025 - moved 1 animals from property ID 1654 (farm) to property ID 1301 (saleyard)
109,1711,866,DAY 18/02/2025 - moved 4 animals from property ID 1711 (farm) to property ID 866 (feedlot)
109,1715,1301,DAY 18/02/2025 - moved 3 animals from property ID 1715 (farm) to property ID 1301 (saleyard)
109,1727,1823,DAY 18/02/2025 - moved 5 animals from property ID 1727 (farm) to property ID 1823 (trader)
109,1731,1897,DAY 18/02/2025 - moved 6 animals from property ID 1731 (farm) to property ID 1897 (farm)
109,1743,1823,DAY 18/02/2025 - moved 8 animals from property ID 1743 (farm) to property ID 1823 (trader)
109,1753,1941,DAY 18/02/2025 - moved 8 animals from property ID 1753 (farm) to property ID 1941 (farm)
109,1759,170,DAY 18/02/2025 - moved 6 animals from property ID 1759 (farm) to property ID 170 (farm)
109,1785,152,DAY 18/02/2025 - moved 46 animals from property ID 1785 (farm) to property ID 152 (farm)
109,1792,1109,DAY 18/02/2025 - moved 3 animals from property ID 1792 (farm) to property ID 1109 (feedlot)
109,1805,1925,DAY 18/02/2025 - moved 5 animals from property ID 1805 (farm) to property ID 1925 (farm)
109,1808,866,DAY 18/02/2025 - moved 1 animals from property ID 1808 (farm) to property ID 866 (feedlot)
109,1809,1259,DAY 18/02/2025 - moved 4 animals from property ID 1809 (farm) to property ID 1259 (farm)
109,1823,568,DAY 18/02/2025 - moved 32 animals from property ID 1823 (trader) to property ID 568 (farm)
109,1824,11,DAY 18/02/2025 - moved 65 animals from property ID 1824 (farm) to property ID 11 (farm)
109,1828,1907,DAY 18/02/2025 - moved 6 animals from property ID 1828 (farm) to property ID 1907 (feedlot)
109,1872,406,DAY 18/02/2025 - moved 8 animals from property ID 1872 (farm) to property ID 406 (farm)
109,1873,28,DAY 18/02/2025 - moved 6 animals from property ID 1873 (farm) to property ID 28 (farm)
109,1883,1080,DAY 18/02/2025 - moved 1 animals from property ID 1883 (farm) to property ID 1080 (farm)
109,1919,1232,DAY 18/02/2025 - moved 3 animals from property ID 1919 (farm) to property ID 1232 (farm)
109,1947,415,DAY 18/02/2025 - moved 5 animals from property ID 1947 (farm) to property ID 415 (trader)
109,1966,524,DAY 18/02/2025 - moved 4 animals from property ID 1966 (farm) to property ID 524 (feedlot)
109,1981,458,DAY 18/02/2025 - moved 19 animals from property ID 1981 (farm) to property ID 458 (abbattoir)
109,1992,746,DAY 18/02/2025 - moved 4 animals from property ID 1992 (farm) to property ID 746 (farm)
110,19,782,DAY 19/02/2025 - moved 10 animals from property ID 19 (farm) to property ID 782 (trader)
110,36,712,DAY 19/02/2025 - moved 13 animals from property ID 36 (farm) to property ID 712 (farm)
110,92,1666,DAY 19/02/2025 - moved 10 animals from property ID 92 (trader) to property ID 1666 (feedlot)
110,92,866,DAY 19/02/2025 - moved 11 animals from property ID 92 (trader) to property ID 866 (feedlot)
110,92,1666,DAY 19/02/2025 - moved 11 animals from property ID 92 (trader) to property ID 1666 (feedlot)
110,93,701,DAY 19/02/2025 - moved 2 animals from property ID 93 (farm) to property ID 701 (farm)
110,101,1301,DAY 19/02/2025 - moved 4 animals from property ID 101 (farm) to property ID 1301 (saleyard)
110,117,782,DAY 19/02/2025 - moved 16 animals from property ID 117 (farm) to property ID 782 (trader)
110,120,299,DAY 19/02/2025 - moved 8 animals from property ID 120 (farm) to property ID 299 (farm)
110,151,1666,DAY 19/02/2025 - moved 10 animals from property ID 151 (farm) to property ID 1666 (feedlot)
110,157,1110,DAY 19/02/2025 - moved 4 animals from property ID 157 (farm) to property ID 1110 (feedlot)
110,166,1886,DAY 19/02/2025 - moved 9 animals from property ID 166 (farm) to property ID 1886 (farm)
110,189,964,DAY 19/02/2025 - moved 3 animals from property ID 189 (saleyard) to property ID 964 (feedlot)
110,189,1449,DAY 19/02/2025 - moved 3 animals from property ID 189 (saleyard) to property ID 1449 (farm)
110,189,1985,DAY 19/02/2025 - moved 3 animals from property ID 189 (saleyard) to property ID 1985 (farm)
110,189,12,DAY 19/02/2025 - moved 3 animals from property ID 189 (saleyard) to property ID 12 (farm)
110,189,1546,DAY 19/02/2025 - moved 3 animals from property ID 189 (saleyard) to property ID 1546 (farm)
110,189,524,DAY 19/02/2025 - moved 3 animals from property ID 189 (saleyard) to property ID 524 (feedlot)
110,209,1356,DAY 19/02/2025 - moved 10 animals from property ID 209 (farm) to property ID 1356 (farm)
110,216,189,DAY 19/02/2025 - moved 1 animals from property ID 216 (farm) to property ID 189 (saleyard)
110,218,1904,DAY 19/02/2025 - moved 1 animals from property ID 218 (farm) to property ID 1904 (farm)
110,228,1109,DAY 19/02/2025 - moved 3 animals from property ID 228 (farm) to property ID 1109 (feedlot)
110,234,956,DAY 19/02/2025 - moved 8 animals from property ID 234 (farm) to property ID 956 (farm)
110,247,92,DAY 19/02/2025 - moved 10 animals from property ID 247 (farm) to property ID 92 (trader)
110,261,1168,DAY 19/02/2025 - moved 3 animals from property ID 261 (farm) to property ID 1168 (farm)
110,265,188,DAY 19/02/2025 - moved 8 animals from property ID 265 (farm) to property ID 188 (feedlot)
110,282,92,DAY 19/02/2025 - moved 6 animals from property ID 282 (farm) to property ID 92 (trader)
110,317,1360,DAY 19/02/2025 - moved 47 animals from property ID 317 (farm) to property ID 1360 (farm)
110,329,1323,DAY 19/02/2025 - moved 26 animals from property ID 329 (farm) to property ID 1323 (farm)
110,382,264,DAY 19/02/2025 - moved 4 animals from property ID 382 (farm) to property ID 264 (feedlot)
110,391,1326,DAY 19/02/2025 - moved 7 animals from property ID 391 (farm) to property ID 1326 (farm)
110,393,866,DAY 19/02/2025 - moved 12 animals from property ID 393 (farm) to property ID 866 (feedlot)
110,415,1109,DAY 19/02/2025 - moved 8 animals from property ID 415 (trader) to property ID 1109 (feedlot)
110,422,1492,DAY 19/02/2025 - moved 3 animals from property ID 422 (farm) to property ID 1492 (farm)
110,423,758,DAY 19/02/2025 - moved 9 animals from property ID 423 (farm) to property ID 758 (feedlot)
110,424,1147,DAY 19/02/2025 - moved 5 animals from property ID 424 (farm) to property ID 1147 (farm)
110,435,524,DAY 19/02/2025 - moved 7 animals from property ID 435 (farm) to property ID 524 (feedlot)
110,455,933,DAY 19/02/2025 - moved 6 animals from property ID 455 (farm) to property ID 933 (farm)
110,460,1301,DAY 19/02/2025 - moved 1 animals from property ID 460 (farm) to property ID 1301 (saleyard)
110,503,700,DAY 19/02/2025 - moved 3 animals from property ID 503 (farm) to property ID 700 (trader)
110,528,1273,DAY 19/02/2025 - moved 5 animals from property ID 528 (farm) to property ID 1273 (trader)
110,557,1041,DAY 19/02/2025 - moved 3 animals from property ID 557 (farm) to property ID 1041 (farm)
110,560,264,DAY 19/02/2025 - moved 3 animals from property ID 560 (farm) to property ID 264 (feedlot)
110,598,700,DAY 19/02/2025 - moved 7 animals from property ID 598 (farm) to property ID 700 (trader)
110,606,26,DAY 19/02/2025 - moved 34 animals from property ID 606 (farm) to property ID 26 (farm)
110,615,43,DAY 19/02/2025 - moved 2 animals from property ID 615 (farm) to property ID 43 (farm)
110,632,964,DAY 19/02/2025 - moved 4 animals from property ID 632 (farm) to property ID 964 (feedlot)
110,652,355,DAY 19/02/2025 - moved 1 animals from property ID 652 (farm) to property ID 355 (farm)
110,686,1203,DAY 19/02/2025 - moved 5 animals from property ID 686 (farm) to property ID 1203 (farm)
110,692,1823,DAY 19/02/2025 - moved 4 animals from property ID 692 (farm) to property ID 1823 (trader)
110,700,1110,DAY 19/02/2025 - moved 12 animals from property ID 700 (trader) to property ID 1110 (feedlot)
110,700,595,DAY 19/02/2025 - moved 12 animals from property ID 700 (trader) to property ID 595 (farm)
110,705,125,DAY 19/02/2025 - moved 7 animals from property ID 705 (farm) to property ID 125 (farm)
110,706,471,DAY 19/02/2025 - moved 4 animals from property ID 706 (farm) to property ID 471 (farm)
110,721,1479,DAY 19/02/2025 - moved 14 animals from property ID 721 (farm) to property ID 1479 (trader)
110,728,92,DAY 19/02/2025 - moved 13 animals from property ID 728 (farm) to property ID 92 (trader)
110,733,1089,DAY 19/02/2025 - moved 6 animals from property ID 733 (farm) to property ID 1089 (farm)
110,753,374,DAY 19/02/2025 - moved 10 animals from property ID 753 (farm) to property ID 374 (farm)
110,755,524,DAY 19/02/2025 - moved 4 animals from property ID 755 (farm) to property ID 524 (feedlot)
110,764,92,DAY 19/02/2025 - moved 13 animals from property ID 764 (farm) to property ID 92 (trader)
110,795,680,DAY 19/02/2025 - moved 5 animals from property ID 795 (farm) to property ID 680 (farm)
110,875,1666,DAY 19/02/2025 - moved 3 animals from property ID 875 (farm) to property ID 1666 (feedlot)
110,882,1781,DAY 19/02/2025 - moved 12 animals from property ID 882 (farm) to property ID 1781 (farm)
110,889,1823,DAY 19/02/2025 - moved 6 animals from property ID 889 (farm) to property ID 1823 (trader)
110,890,1109,DAY 19/02/2025 - moved 2 animals from property ID 890 (farm) to property ID 1109 (feedlot)
110,900,1479,DAY 19/02/2025 - moved 21 animals from property ID 900 (farm) to property ID 1479 (trader)
110,903,700,DAY 19/02/2025 - moved 3 animals from property ID 903 (farm) to property ID 700 (trader)
110,904,847,DAY 19/02/2025 - moved 4 animals from property ID 904 (trader) to property ID 847 (farm)
110,947,797,DAY 19/02/2025 - moved 8 animals from property ID 947 (farm) to property ID 797 (farm)
110,950,782,DAY 19/02/2025 - moved 5 animals from property ID 950 (farm) to property ID 782 (trader)
110,967,1273,DAY 19/02/2025 - moved 7 animals from property ID 967 (farm) to property ID 1273 (trader)
110,985,524,DAY 19/02/2025 - moved 5 animals from property ID 985 (farm) to property ID 524 (feedlot)
110,993,867,DAY 19/02/2025 - moved 2 animals from property ID 993 (farm) to property ID 867 (feedlot)
110,1025,1522,DAY 19/02/2025 - moved 15 animals from property ID 1025 (farm) to property ID 1522 (farm)
110,1028,1301,DAY 19/02/2025 - moved 5 animals from property ID 1028 (farm) to property ID 1301 (saleyard)
110,1053,1301,DAY 19/02/2025 - moved 2 animals from property ID 1053 (farm) to property ID 1301 (saleyard)
110,1063,822,DAY 19/02/2025 - moved 3 animals from property ID 1063 (farm) to property ID 822 (farm)
110,1069,189,DAY 19/02/2025 - moved 6 animals from property ID 1069 (farm) to property ID 189 (saleyard)
110,1072,415,DAY 19/02/2025 - moved 4 animals from property ID 1072 (farm) to property ID 415 (trader)
110,1083,1301,DAY 19/02/2025 - moved 1 animals from property ID 1083 (farm) to property ID 1301 (saleyard)
110,1091,189,DAY 19/02/2025 - moved 9 animals from property ID 1091 (farm) to property ID 189 (saleyard)
110,1093,1933,DAY 19/02/2025 - moved 29 animals from property ID 1093 (farm) to property ID 1933 (farm)
110,1097,1701,DAY 19/02/2025 - moved 2 animals from property ID 1097 (farm) to property ID 1701 (farm)
110,1120,1406,DAY 19/02/2025 - moved 6 animals from property ID 1120 (farm) to property ID 1406 (farm)
110,1135,1670,DAY 19/02/2025 - moved 1 animals from property ID 1135 (farm) to property ID 1670 (farm)
110,1147,782,DAY 19/02/2025 - moved 21 animals from property ID 1147 (farm) to property ID 782 (trader)
110,1151,1194,DAY 19/02/2025 - moved 1 animals from property ID 1151 (farm) to property ID 1194 (farm)
110,1158,507,DAY 19/02/2025 - moved 7 animals from property ID 1158 (farm) to property ID 507 (farm)
110,1168,1942,DAY 19/02/2025 - moved 3 animals from property ID 1168 (farm) to property ID 1942 (farm)
110,1174,415,DAY 19/02/2025 - moved 4 animals from property ID 1174 (farm) to property ID 415 (trader)
110,1181,782,DAY 19/02/2025 - moved 14 animals from property ID 1181 (farm) to property ID 782 (trader)
110,1236,180,DAY 19/02/2025 - moved 6 animals from property ID 1236 (farm) to property ID 180 (farm)
110,1258,904,DAY 19/02/2025 - moved 3 animals from property ID 1258 (farm) to property ID 904 (trader)
110,1261,782,DAY 19/02/2025 - moved 11 animals from property ID 1261 (farm) to property ID 782 (trader)
110,1296,904,DAY 19/02/2025 - moved 2 animals from property ID 1296 (farm) to property ID 904 (trader)
110,1299,1823,DAY 19/02/2025 - moved 4 animals from property ID 1299 (farm) to property ID 1823 (trader)
110,1301,101,DAY 19/02/2025 - moved 9 animals from property ID 1301 (saleyard) to property ID 101 (farm)
110,1301,867,DAY 19/02/2025 - moved 9 animals from property ID 1301 (saleyard) to property ID 867 (feedlot)
110,1301,867,DAY 19/02/2025 - moved 10 animals from property ID 1301 (saleyard) to property ID 867 (feedlot)
110,1301,1049,DAY 19/02/2025 - moved 10 animals from property ID 1301 (saleyard) to property ID 1049 (farm)
110,1301,1673,DAY 19/02/2025 - moved 10 animals from property ID 1301 (saleyard) to property ID 1673 (farm)
110,1334,807,DAY 19/02/2025 - moved 4 animals from property ID 1334 (farm) to property ID 807 (farm)
110,1370,536,DAY 19/02/2025 - moved 29 animals from property ID 1370 (farm) to property ID 536 (farm)
110,1425,421,DAY 19/02/2025 - moved 4 animals from property ID 1425 (farm) to property ID 421 (farm)
110,1455,742,DAY 19/02/2025 - moved 16 animals from property ID 1455 (farm) to property ID 742 (farm)
110,1461,189,DAY 19/02/2025 - moved 17 animals from property ID 1461 (farm) to property ID 189 (saleyard)
110,1474,1820,DAY 19/02/2025 - moved 6 animals from property ID 1474 (farm) to property ID 1820 (farm)
110,1479,758,DAY 19/02/2025 - moved 25 animals from property ID 1479 (trader) to property ID 758 (feedlot)
110,1479,758,DAY 19/02/2025 - moved 25 animals from property ID 1479 (trader) to property ID 758 (feedlot)
110,1499,613,DAY 19/02/2025 - moved 6 animals from property ID 1499 (farm) to property ID 613 (farm)
110,1521,233,DAY 19/02/2025 - moved 7 animals from property ID 1521 (farm) to property ID 233 (farm)
110,1523,1666,DAY 19/02/2025 - moved 4 animals from property ID 1523 (farm) to property ID 1666 (feedlot)
110,1528,782,DAY 19/02/2025 - moved 7 animals from property ID 1528 (farm) to property ID 782 (trader)
110,1537,189,DAY 19/02/2025 - moved 5 animals from property ID 1537 (farm) to property ID 189 (saleyard)
110,1554,183,DAY 19/02/2025 - moved 10 animals from property ID 1554 (farm) to property ID 183 (farm)
110,1566,112,DAY 19/02/2025 - moved 7 animals from property ID 1566 (farm) to property ID 112 (farm)
110,1569,1297,DAY 19/02/2025 - moved 9 animals from property ID 1569 (farm) to property ID 1297 (farm)
110,1578,700,DAY 19/02/2025 - moved 4 animals from property ID 1578 (farm) to property ID 700 (trader)
110,1584,1907,DAY 19/02/2025 - moved 8 animals from property ID 1584 (farm) to property ID 1907 (feedlot)
110,1585,1511,DAY 19/02/2025 - moved 2 animals from property ID 1585 (farm) to property ID 1511 (farm)
110,1610,867,DAY 19/02/2025 - moved 3 animals from property ID 1610 (farm) to property ID 867 (feedlot)
110,1611,1997,DAY 19/02/2025 - moved 5 animals from property ID 1611 (farm) to property ID 1997 (farm)
110,1623,189,DAY 19/02/2025 - moved 8 animals from property ID 1623 (farm) to property ID 189 (saleyard)
110,1661,189,DAY 19/02/2025 - moved 15 animals from property ID 1661 (farm) to property ID 189 (saleyard)
110,1693,1311,DAY 19/02/2025 - moved 20 animals from property ID 1693 (farm) to property ID 1311 (farm)
110,1702,1823,DAY 19/02/2025 - moved 9 animals from property ID 1702 (farm) to property ID 1823 (trader)
110,1704,1479,DAY 19/02/2025 - moved 23 animals from property ID 1704 (farm) to property ID 1479 (trader)
110,1730,1063,DAY 19/02/2025 - moved 3 animals from property ID 1730 (farm) to property ID 1063 (farm)
110,1786,188,DAY 19/02/2025 - moved 1 animals from property ID 1786 (farm) to property ID 188 (feedlot)
110,1823,693,DAY 19/02/2025 - moved 17 animals from property ID 1823 (trader) to property ID 693 (farm)
110,1823,1301,DAY 19/02/2025 - moved 16 animals from property ID 1823 (trader) to property ID 1301 (saleyard)
110,1834,867,DAY 19/02/2025 - moved 6 animals from property ID 1834 (farm) to property ID 867 (feedlot)
110,1842,1312,DAY 19/02/2025 - moved 6 animals from property ID 1842 (farm) to property ID 1312 (farm)
110,1843,1273,DAY 19/02/2025 - moved 3 animals from property ID 1843 (farm) to property ID 1273 (trader)
110,1853,1083,DAY 19/02/2025 - moved 9 animals from property ID 1853 (farm) to property ID 1083 (farm)
110,1859,1479,DAY 19/02/2025 - moved 40 animals from property ID 1859 (farm) to property ID 1479 (trader)
110,1877,964,DAY 19/02/2025 - moved 4 animals from property ID 1877 (farm) to property ID 964 (feedlot)
110,1892,1554,DAY 19/02/2025 - moved 2 animals from property ID 1892 (farm) to property ID 1554 (farm)
110,1901,1557,DAY 19/02/2025 - moved 3 animals from property ID 1901 (farm) to property ID 1557 (farm)
110,1929,867,DAY 19/02/2025 - moved 1 animals from property ID 1929 (farm) to property ID 867 (feedlot)
110,1930,189,DAY 19/02/2025 - moved 15 animals from property ID 1930 (farm) to property ID 189 (saleyard)
110,1939,92,DAY 19/02/2025 - moved 2 animals from property ID 1939 (farm) to property ID 92 (trader)
110,1965,1301,DAY 19/02/2025 - moved 1 animals from property ID 1965 (farm) to property ID 1301 (saleyard)
110,1987,964,DAY 19/02/2025 - moved 4 animals from property ID 1987 (farm) to property ID 964 (feedlot)
111,23,867,DAY 20/02/2025 - moved 3 animals from property ID 23 (farm) to property ID 867 (feedlot)
111,27,968,DAY 20/02/2025 - moved 1 animals from property ID 27 (farm) to property ID 968 (farm)
111,52,1054,DAY 20/02/2025 - moved 4 animals from property ID 52 (farm) to property ID 1054 (farm)
111,57,1273,DAY 20/02/2025 - moved 2 animals from property ID 57 (farm) to property ID 1273 (trader)
111,82,524,DAY 20/02/2025 - moved 3 animals from property ID 82 (farm) to property ID 524 (feedlot)
111,87,1666,DAY 20/02/2025 - moved 3 animals from property ID 87 (farm) to property ID 1666 (feedlot)
111,92,1793,DAY 20/02/2025 - moved 35 animals from property ID 92 (trader) to property ID 1793 (farm)
111,156,1953,DAY 20/02/2025 - moved 2 animals from property ID 156 (farm) to property ID 1953 (farm)
111,184,1823,DAY 20/02/2025 - moved 5 animals from property ID 184 (farm) to property ID 1823 (trader)
111,189,334,DAY 20/02/2025 - moved 8 animals from property ID 189 (saleyard) to property ID 334 (farm)
111,189,1109,DAY 20/02/2025 - moved 7 animals from property ID 189 (saleyard) to property ID 1109 (feedlot)
111,189,964,DAY 20/02/2025 - moved 7 animals from property ID 189 (saleyard) to property ID 964 (feedlot)
111,189,1512,DAY 20/02/2025 - moved 7 animals from property ID 189 (saleyard) to property ID 1512 (farm)
111,201,524,DAY 20/02/2025 - moved 5 animals from property ID 201 (farm) to property ID 524 (feedlot)
111,208,92,DAY 20/02/2025 - moved 6 animals from property ID 208 (farm) to property ID 92 (trader)
111,224,23,DAY 20/02/2025 - moved 1 animals from property ID 224 (farm) to property ID 23 (farm)
111,239,117,DAY 20/02/2025 - moved 3 animals from property ID 239 (farm) to property ID 117 (farm)
111,240,1282,DAY 20/02/2025 - moved 5 animals from property ID 240 (farm) to property ID 1282 (farm)
111,262,1479,DAY 20/02/2025 - moved 6 animals from property ID 262 (farm) to property ID 1479 (trader)
111,263,92,DAY 20/02/2025 - moved 4 animals from property ID 263 (farm) to property ID 92 (trader)
111,298,449,DAY 20/02/2025 - moved 5 animals from property ID 298 (farm) to property ID 449 (farm)
111,300,282,DAY 20/02/2025 - moved 4 animals from property ID 300 (farm) to property ID 282 (farm)
111,307,189,DAY 20/02/2025 - moved 4 animals from property ID 307 (farm) to property ID 189 (saleyard)
111,346,1301,DAY 20/02/2025 - moved 6 animals from property ID 346 (farm) to property ID 1301 (saleyard)
111,377,446,DAY 20/02/2025 - moved 10 animals from property ID 377 (farm) to property ID 446 (farm)
111,437,1119,DAY 20/02/2025 - moved 7 animals from property ID 437 (farm) to property ID 1119 (trader)
111,438,92,DAY 20/02/2025 - moved 7 animals from property ID 438 (farm) to property ID 92 (trader)
111,486,1273,DAY 20/02/2025 - moved 2 animals from property ID 486 (farm) to property ID 1273 (trader)
111,514,92,DAY 20/02/2025 - moved 11 animals from property ID 514 (farm) to property ID 92 (trader)
111,531,782,DAY 20/02/2025 - moved 10 animals from property ID 531 (farm) to property ID 782 (trader)
111,545,664,DAY 20/02/2025 - moved 11 animals from property ID 545 (farm) to property ID 664 (farm)
111,556,1559,DAY 20/02/2025 - moved 8 animals from property ID 556 (farm) to property ID 1559 (farm)
111,581,964,DAY 20/02/2025 - moved 2 animals from property ID 581 (farm) to property ID 964 (feedlot)
111,601,1448,DAY 20/02/2025 - moved 2 animals from property ID 601 (farm) to property ID 1448 (farm)
111,657,1512,DAY 20/02/2025 - moved 2 animals from property ID 657 (farm) to property ID 1512 (farm)
111,676,1672,DAY 20/02/2025 - moved 3 animals from property ID 676 (farm) to property ID 1672 (farm)
111,683,867,DAY 20/02/2025 - moved 1 animals from property ID 683 (farm) to property ID 867 (feedlot)
111,700,1057,DAY 20/02/2025 - moved 8 animals from property ID 700 (trader) to property ID 1057 (farm)
111,700,1819,DAY 20/02/2025 - moved 7 animals from property ID 700 (trader) to property ID 1819 (farm)
111,700,453,DAY 20/02/2025 - moved 7 animals from property ID 700 (trader) to property ID 453 (farm)
111,702,458,DAY 20/02/2025 - moved 13 animals from property ID 702 (farm) to property ID 458 (abbattoir)
111,703,1430,DAY 20/02/2025 - moved 3 animals from property ID 703 (farm) to property ID 1430 (farm)
111,760,841,DAY 20/02/2025 - moved 9 animals from property ID 760 (farm) to property ID 841 (farm)
111,777,1936,DAY 20/02/2025 - moved 3 animals from property ID 777 (farm) to property ID 1936 (farm)
111,782,42,DAY 20/02/2025 - moved 27 animals from property ID 782 (trader) to property ID 42 (farm)
111,782,1949,DAY 20/02/2025 - moved 28 animals from property ID 782 (trader) to property ID 1949 (farm)
111,782,909,DAY 20/02/2025 - moved 28 animals from property ID 782 (trader) to property ID 909 (farm)
111,810,1568,DAY 20/02/2025 - moved 3 animals from property ID 810 (farm) to property ID 1568 (farm)
111,813,999,DAY 20/02/2025 - moved 2 animals from property ID 813 (farm) to property ID 999 (farm)
111,832,458,DAY 20/02/2025 - moved 8 animals from property ID 832 (farm) to property ID 458 (abbattoir)
111,841,1068,DAY 20/02/2025 - moved 3 animals from property ID 841 (farm) to property ID 1068 (farm)
111,848,658,DAY 20/02/2025 - moved 19 animals from property ID 848 (farm) to property ID 658 (farm)
111,850,458,DAY 20/02/2025 - moved 13 animals from property ID 850 (farm) to property ID 458 (abbattoir)
111,864,782,DAY 20/02/2025 - moved 12 animals from property ID 864 (farm) to property ID 782 (trader)
111,902,964,DAY 20/02/2025 - moved 7 animals from property ID 902 (farm) to property ID 964 (feedlot)
111,904,700,DAY 20/02/2025 - moved 2 animals from property ID 904 (trader) to property ID 700 (trader)
111,904,264,DAY 20/02/2025 - moved 1 animals from property ID 904 (trader) to property ID 264 (feedlot)
111,904,911,DAY 20/02/2025 - moved 1 animals from property ID 904 (trader) to property ID 911 (farm)
111,905,799,DAY 20/02/2025 - moved 17 animals from property ID 905 (farm) to property ID 799 (farm)
111,909,1385,DAY 20/02/2025 - moved 4 animals from property ID 909 (farm) to property ID 1385 (farm)
111,925,435,DAY 20/02/2025 - moved 12 animals from property ID 925 (farm) to property ID 435 (farm)
111,945,867,DAY 20/02/2025 - moved 1 animals from property ID 945 (farm) to property ID 867 (feedlot)
111,955,324,DAY 20/02/2025 - moved 8 animals from property ID 955 (farm) to property ID 324 (farm)
111,971,189,DAY 20/02/2025 - moved 6 animals from property ID 971 (farm) to property ID 189 (saleyard)
111,973,782,DAY 20/02/2025 - moved 11 animals from property ID 973 (farm) to property ID 782 (trader)
111,974,964,DAY 20/02/2025 - moved 13 animals from property ID 974 (farm) to property ID 964 (feedlot)
111,976,259,DAY 20/02/2025 - moved 4 animals from property ID 976 (farm) to property ID 259 (farm)
111,995,1316,DAY 20/02/2025 - moved 15 animals from property ID 995 (farm) to property ID 1316 (farm)
111,1001,866,DAY 20/02/2025 - moved 6 animals from property ID 1001 (farm) to property ID 866 (feedlot)
111,1012,1479,DAY 20/02/2025 - moved 24 animals from property ID 1012 (farm) to property ID 1479 (trader)
111,1014,1840,DAY 20/02/2025 - moved 3 animals from property ID 1014 (farm) to property ID 1840 (farm)
111,1024,1618,DAY 20/02/2025 - moved 11 animals from property ID 1024 (farm) to property ID 1618 (farm)
111,1119,867,DAY 20/02/2025 - moved 6 animals from property ID 1119 (trader) to property ID 867 (feedlot)
111,1119,802,DAY 20/02/2025 - moved 6 animals from property ID 1119 (trader) to property ID 802 (farm)
111,1119,1109,DAY 20/02/2025 - moved 6 animals from property ID 1119 (trader) to property ID 1109 (feedlot)
111,1122,1273,DAY 20/02/2025 - moved 7 animals from property ID 1122 (farm) to property ID 1273 (trader)
111,1137,867,DAY 20/02/2025 - moved 6 animals from property ID 1137 (farm) to property ID 867 (feedlot)
111,1149,189,DAY 20/02/2025 - moved 6 animals from property ID 1149 (farm) to property ID 189 (saleyard)
111,1169,758,DAY 20/02/2025 - moved 5 animals from property ID 1169 (farm) to property ID 758 (feedlot)
111,1176,212,DAY 20/02/2025 - moved 3 animals from property ID 1176 (farm) to property ID 212 (farm)
111,1179,1642,DAY 20/02/2025 - moved 3 animals from property ID 1179 (farm) to property ID 1642 (farm)
111,1197,866,DAY 20/02/2025 - moved 2 animals from property ID 1197 (farm) to property ID 866 (feedlot)
111,1200,479,DAY 20/02/2025 - moved 15 animals from property ID 1200 (farm) to property ID 479 (farm)
111,1203,758,DAY 20/02/2025 - moved 13 animals from property ID 1203 (farm) to property ID 758 (feedlot)
111,1284,1907,DAY 20/02/2025 - moved 12 animals from property ID 1284 (farm) to property ID 1907 (feedlot)
111,1301,897,DAY 20/02/2025 - moved 22 animals from property ID 1301 (saleyard) to property ID 897 (farm)
111,1301,1834,DAY 20/02/2025 - moved 22 animals from property ID 1301 (saleyard) to property ID 1834 (farm)
111,1314,1109,DAY 20/02/2025 - moved 3 animals from property ID 1314 (farm) to property ID 1109 (feedlot)
111,1342,997,DAY 20/02/2025 - moved 19 animals from property ID 1342 (farm) to property ID 997 (farm)
111,1343,758,DAY 20/02/2025 - moved 8 animals from property ID 1343 (farm) to property ID 758 (feedlot)
111,1383,1978,DAY 20/02/2025 - moved 8 animals from property ID 1383 (farm) to property ID 1978 (farm)
111,1398,1571,DAY 20/02/2025 - moved 3 animals from property ID 1398 (farm) to property ID 1571 (farm)
111,1415,486,DAY 20/02/2025 - moved 1 animals from property ID 1415 (farm) to property ID 486 (farm)
111,1421,1249,DAY 20/02/2025 - moved 7 animals from property ID 1421 (farm) to property ID 1249 (farm)
111,1441,809,DAY 20/02/2025 - moved 12 animals from property ID 1441 (farm) to property ID 809 (farm)
111,1479,758,DAY 20/02/2025 - moved 30 animals from property ID 1479 (trader) to property ID 758 (feedlot)
111,1479,758,DAY 20/02/2025 - moved 30 animals from property ID 1479 (trader) to property ID 758 (feedlot)
111,1498,1999,DAY 20/02/2025 - moved 3 animals from property ID 1498 (farm) to property ID 1999 (farm)
111,1503,1301,DAY 20/02/2025 - moved 8 animals from property ID 1503 (farm) to property ID 1301 (saleyard)
111,1512,220,DAY 20/02/2025 - moved 1 animals from property ID 1512 (farm) to property ID 220 (farm)
111,1532,189,DAY 20/02/2025 - moved 2 animals from property ID 1532 (farm) to property ID 189 (saleyard)
111,1544,867,DAY 20/02/2025 - moved 3 animals from property ID 1544 (farm) to property ID 867 (feedlot)
111,1582,310,DAY 20/02/2025 - moved 3 animals from property ID 1582 (farm) to property ID 310 (farm)
111,1600,423,DAY 20/02/2025 - moved 23 animals from property ID 1600 (farm) to property ID 423 (farm)
111,1615,433,DAY 20/02/2025 - moved 7 animals from property ID 1615 (farm) to property ID 433 (farm)
111,1620,415,DAY 20/02/2025 - moved 3 animals from property ID 1620 (farm) to property ID 415 (trader)
111,1624,782,DAY 20/02/2025 - moved 29 animals from property ID 1624 (farm) to property ID 782 (trader)
111,1626,782,DAY 20/02/2025 - moved 12 animals from property ID 1626 (farm) to property ID 782 (trader)
111,1652,1273,DAY 20/02/2025 - moved 5 animals from property ID 1652 (farm) to property ID 1273 (trader)
111,1671,1479,DAY 20/02/2025 - moved 7 animals from property ID 1671 (farm) to property ID 1479 (trader)
111,1685,1396,DAY 20/02/2025 - moved 10 animals from property ID 1685 (farm) to property ID 1396 (farm)
111,1691,2,DAY 20/02/2025 - moved 5 animals from property ID 1691 (farm) to property ID 2 (farm)
111,1701,1134,DAY 20/02/2025 - moved 4 animals from property ID 1701 (farm) to property ID 1134 (farm)
111,1714,595,DAY 20/02/2025 - moved 3 animals from property ID 1714 (farm) to property ID 595 (farm)
111,1721,1907,DAY 20/02/2025 - moved 29 animals from property ID 1721 (farm) to property ID 1907 (feedlot)
111,1736,1554,DAY 20/02/2025 - moved 8 animals from property ID 1736 (farm) to property ID 1554 (farm)
111,1806,1479,DAY 20/02/2025 - moved 4 animals from property ID 1806 (farm) to property ID 1479 (trader)
111,1810,92,DAY 20/02/2025 - moved 5 animals from property ID 1810 (farm) to property ID 92 (trader)
111,1815,1273,DAY 20/02/2025 - moved 11 animals from property ID 1815 (farm) to property ID 1273 (trader)
111,1823,1804,DAY 20/02/2025 - moved 31 animals from property ID 1823 (trader) to property ID 1804 (farm)
111,1829,189,DAY 20/02/2025 - moved 6 animals from property ID 1829 (farm) to property ID 189 (saleyard)
111,1840,1394,DAY 20/02/2025 - moved 12 animals from property ID 1840 (farm) to property ID 1394 (farm)
111,1854,904,DAY 20/02/2025 - moved 3 animals from property ID 1854 (farm) to property ID 904 (trader)
111,1870,1110,DAY 20/02/2025 - moved 6 animals from property ID 1870 (farm) to property ID 1110 (feedlot)
111,1878,1301,DAY 20/02/2025 - moved 14 animals from property ID 1878 (farm) to property ID 1301 (saleyard)
111,1893,1861,DAY 20/02/2025 - moved 3 animals from property ID 1893 (farm) to property ID 1861 (farm)
111,1922,1819,DAY 20/02/2025 - moved 3 animals from property ID 1922 (farm) to property ID 1819 (farm)
111,1924,904,DAY 20/02/2025 - moved 2 animals from property ID 1924 (farm) to property ID 904 (trader)
111,1932,782,DAY 20/02/2025 - moved 16 animals from property ID 1932 (farm) to property ID 782 (trader)
111,1936,541,DAY 20/02/2025 - moved 3 animals from property ID 1936 (farm) to property ID 541 (farm)
111,1942,1110,DAY 20/02/2025 - moved 3 animals from property ID 1942 (farm) to property ID 1110 (feedlot)
111,1945,1353,DAY 20/02/2025 - moved 33 animals from property ID 1945 (farm) to property ID 1353 (farm)
111,1949,864,DAY 20/02/2025 - moved 15 animals from property ID 1949 (farm) to property ID 864 (farm)
111,1973,92,DAY 20/02/2025 - moved 8 animals from property ID 1973 (farm) to property ID 92 (trader)
111,1989,1301,DAY 20/02/2025 - moved 4 animals from property ID 1989 (farm) to property ID 1301 (saleyard)
112,8,1485,DAY 21/02/2025 - moved 6 animals from property ID 8 (farm) to property ID 1485 (farm)
112,40,1608,DAY 21/02/2025 - moved 3 animals from property ID 40 (farm) to property ID 1608 (farm)
112,80,1924,DAY 21/02/2025 - moved 2 animals from property ID 80 (farm) to property ID 1924 (farm)
112,92,202,DAY 21/02/2025 - moved 18 animals from property ID 92 (trader) to property ID 202 (farm)
112,92,866,DAY 21/02/2025 - moved 18 animals from property ID 92 (trader) to property ID 866 (feedlot)
112,100,415,DAY 21/02/2025 - moved 3 animals from property ID 100 (farm) to property ID 415 (trader)
112,103,1594,DAY 21/02/2025 - moved 5 animals from property ID 103 (farm) to property ID 1594 (farm)
112,104,1644,DAY 21/02/2025 - moved 11 animals from property ID 104 (farm) to property ID 1644 (farm)
112,106,758,DAY 21/02/2025 - moved 9 animals from property ID 106 (farm) to property ID 758 (feedlot)
112,111,189,DAY 21/02/2025 - moved 3 animals from property ID 111 (farm) to property ID 189 (saleyard)
112,113,1273,DAY 21/02/2025 - moved 8 animals from property ID 113 (farm) to property ID 1273 (trader)
112,130,993,DAY 21/02/2025 - moved 4 animals from property ID 130 (farm) to property ID 993 (farm)
112,134,700,DAY 21/02/2025 - moved 6 animals from property ID 134 (farm) to property ID 700 (trader)
112,138,1393,DAY 21/02/2025 - moved 3 animals from property ID 138 (farm) to property ID 1393 (farm)
112,141,1301,DAY 21/02/2025 - moved 8 animals from property ID 141 (farm) to property ID 1301 (saleyard)
112,179,964,DAY 21/02/2025 - moved 3 animals from property ID 179 (farm) to property ID 964 (feedlot)
112,189,1786,DAY 21/02/2025 - moved 7 animals from property ID 189 (saleyard) to property ID 1786 (farm)
112,189,801,DAY 21/02/2025 - moved 7 animals from property ID 189 (saleyard) to property ID 801 (farm)
112,189,158,DAY 21/02/2025 - moved 7 animals from property ID 189 (saleyard) to property ID 158 (farm)
112,189,1902,DAY 21/02/2025 - moved 7 animals from property ID 189 (saleyard) to property ID 1902 (farm)
112,241,415,DAY 21/02/2025 - moved 2 animals from property ID 241 (farm) to property ID 415 (trader)
112,259,53,DAY 21/02/2025 - moved 6 animals from property ID 259 (farm) to property ID 53 (farm)
112,277,1703,DAY 21/02/2025 - moved 5 animals from property ID 277 (farm) to property ID 1703 (farm)
112,291,458,DAY 21/02/2025 - moved 4 animals from property ID 291 (farm) to property ID 458 (abbattoir)
112,296,964,DAY 21/02/2025 - moved 12 animals from property ID 296 (farm) to property ID 964 (feedlot)
112,301,1823,DAY 21/02/2025 - moved 6 animals from property ID 301 (farm) to property ID 1823 (trader)
112,302,57,DAY 21/02/2025 - moved 3 animals from property ID 302 (farm) to property ID 57 (farm)
112,357,1301,DAY 21/02/2025 - moved 2 animals from property ID 357 (farm) to property ID 1301 (saleyard)
112,365,782,DAY 21/02/2025 - moved 11 animals from property ID 365 (farm) to property ID 782 (trader)
112,413,1119,DAY 21/02/2025 - moved 2 animals from property ID 413 (farm) to property ID 1119 (trader)
112,415,1109,DAY 21/02/2025 - moved 3 animals from property ID 415 (trader) to property ID 1109 (feedlot)
112,415,188,DAY 21/02/2025 - moved 3 animals from property ID 415 (trader) to property ID 188 (feedlot)
112,415,188,DAY 21/02/2025 - moved 3 animals from property ID 415 (trader) to property ID 188 (feedlot)
112,433,1360,DAY 21/02/2025 - moved 8 animals from property ID 433 (farm) to property ID 1360 (farm)
112,457,1356,DAY 21/02/2025 - moved 3 animals from property ID 457 (farm) to property ID 1356 (farm)
112,461,1858,DAY 21/02/2025 - moved 3 animals from property ID 461 (farm) to property ID 1858 (farm)
112,493,782,DAY 21/02/2025 - moved 8 animals from property ID 493 (farm) to property ID 782 (trader)
112,495,271,DAY 21/02/2025 - moved 2 animals from property ID 495 (farm) to property ID 271 (farm)
112,496,1888,DAY 21/02/2025 - moved 4 animals from property ID 496 (farm) to property ID 1888 (farm)
112,506,1111,DAY 21/02/2025 - moved 1 animals from property ID 506 (farm) to property ID 1111 (farm)
112,519,964,DAY 21/02/2025 - moved 3 animals from property ID 519 (farm) to property ID 964 (feedlot)
112,523,535,DAY 21/02/2025 - moved 9 animals from property ID 523 (farm) to property ID 535 (farm)
112,527,524,DAY 21/02/2025 - moved 3 animals from property ID 527 (farm) to property ID 524 (feedlot)
112,532,1119,DAY 21/02/2025 - moved 9 animals from property ID 532 (farm) to property ID 1119 (trader)
112,548,1693,DAY 21/02/2025 - moved 10 animals from property ID 548 (farm) to property ID 1693 (farm)
112,552,1002,DAY 21/02/2025 - moved 1 animals from property ID 552 (farm) to property ID 1002 (farm)
112,576,92,DAY 21/02/2025 - moved 5 animals from property ID 576 (farm) to property ID 92 (trader)
112,660,796,DAY 21/02/2025 - moved 10 animals from property ID 660 (farm) to property ID 796 (farm)
112,666,858,DAY 21/02/2025 - moved 25 animals from property ID 666 (farm) to property ID 858 (farm)
112,699,866,DAY 21/02/2025 - moved 9 animals from property ID 699 (farm) to property ID 866 (feedlot)
112,700,188,DAY 21/02/2025 - moved 6 animals from property ID 700 (trader) to property ID 188 (feedlot)
112,700,906,DAY 21/02/2025 - moved 6 animals from property ID 700 (trader) to property ID 906 (farm)
112,700,524,DAY 21/02/2025 - moved 6 animals from property ID 700 (trader) to property ID 524 (feedlot)
112,708,524,DAY 21/02/2025 - moved 9 animals from property ID 708 (farm) to property ID 524 (feedlot)
112,730,1744,DAY 21/02/2025 - moved 10 animals from property ID 730 (farm) to property ID 1744 (farm)
112,759,700,DAY 21/02/2025 - moved 4 animals from property ID 759 (farm) to property ID 700 (trader)
112,782,458,DAY 21/02/2025 - moved 84 animals from property ID 782 (trader) to property ID 458 (abbattoir)
112,790,189,DAY 21/02/2025 - moved 2 animals from property ID 790 (farm) to property ID 189 (saleyard)
112,822,341,DAY 21/02/2025 - moved 33 animals from property ID 822 (farm) to property ID 341 (farm)
112,838,1666,DAY 21/02/2025 - moved 7 animals from property ID 838 (farm) to property ID 1666 (feedlot)
112,839,910,DAY 21/02/2025 - moved 5 animals from property ID 839 (farm) to property ID 910 (farm)
112,842,1322,DAY 21/02/2025 - moved 9 animals from property ID 842 (farm) to property ID 1322 (farm)
112,844,415,DAY 21/02/2025 - moved 3 animals from property ID 844 (farm) to property ID 415 (trader)
112,869,92,DAY 21/02/2025 - moved 18 animals from property ID 869 (farm) to property ID 92 (trader)
112,874,964,DAY 21/02/2025 - moved 5 animals from property ID 874 (farm) to property ID 964 (feedlot)
112,886,1301,DAY 21/02/2025 - moved 13 animals from property ID 886 (farm) to property ID 1301 (saleyard)
112,891,1119,DAY 21/02/2025 - moved 10 animals from property ID 891 (farm) to property ID 1119 (trader)
112,912,1273,DAY 21/02/2025 - moved 12 animals from property ID 912 (farm) to property ID 1273 (trader)
112,924,36,DAY 21/02/2025 - moved 9 animals from property ID 924 (farm) to property ID 36 (farm)
112,933,1110,DAY 21/02/2025 - moved 5 animals from property ID 933 (farm) to property ID 1110 (feedlot)
112,942,619,DAY 21/02/2025 - moved 2 animals from property ID 942 (farm) to property ID 619 (farm)
112,951,1666,DAY 21/02/2025 - moved 3 animals from property ID 951 (farm) to property ID 1666 (feedlot)
112,960,1301,DAY 21/02/2025 - moved 7 animals from property ID 960 (farm) to property ID 1301 (saleyard)
112,1019,1666,DAY 21/02/2025 - moved 5 animals from property ID 1019 (farm) to property ID 1666 (feedlot)
112,1030,264,DAY 21/02/2025 - moved 2 animals from property ID 1030 (farm) to property ID 264 (feedlot)
112,1031,1666,DAY 21/02/2025 - moved 11 animals from property ID 1031 (farm) to property ID 1666 (feedlot)
112,1044,782,DAY 21/02/2025 - moved 12 animals from property ID 1044 (farm) to property ID 782 (trader)
112,1058,189,DAY 21/02/2025 - moved 5 animals from property ID 1058 (farm) to property ID 189 (saleyard)
112,1074,782,DAY 21/02/2025 - moved 1 animals from property ID 1074 (farm) to property ID 782 (trader)
112,1077,782,DAY 21/02/2025 - moved 8 animals from property ID 1077 (farm) to property ID 782 (trader)
112,1082,1273,DAY 21/02/2025 - moved 5 animals from property ID 1082 (farm) to property ID 1273 (trader)
112,1106,700,DAY 21/02/2025 - moved 1 animals from property ID 1106 (farm) to property ID 700 (trader)
112,1119,867,DAY 21/02/2025 - moved 5 animals from property ID 1119 (trader) to property ID 867 (feedlot)
112,1119,867,DAY 21/02/2025 - moved 5 animals from property ID 1119 (trader) to property ID 867 (feedlot)
112,1119,867,DAY 21/02/2025 - moved 5 animals from property ID 1119 (trader) to property ID 867 (feedlot)
112,1144,1479,DAY 21/02/2025 - moved 17 animals from property ID 1144 (farm) to property ID 1479 (trader)
112,1185,1666,DAY 21/02/2025 - moved 8 animals from property ID 1185 (farm) to property ID 1666 (feedlot)
112,1214,143,DAY 21/02/2025 - moved 4 animals from property ID 1214 (farm) to property ID 143 (farm)
112,1224,1013,DAY 21/02/2025 - moved 9 animals from property ID 1224 (farm) to property ID 1013 (farm)
112,1241,541,DAY 21/02/2025 - moved 4 animals from property ID 1241 (farm) to property ID 541 (farm)
112,1256,415,DAY 21/02/2025 - moved 3 animals from property ID 1256 (farm) to property ID 415 (trader)
112,1301,1276,DAY 21/02/2025 - moved 42 animals from property ID 1301 (saleyard) to property ID 1276 (farm)
112,1305,1119,DAY 21/02/2025 - moved 2 animals from property ID 1305 (farm) to property ID 1119 (trader)
112,1307,1598,DAY 21/02/2025 - moved 14 animals from property ID 1307 (farm) to property ID 1598 (farm)
112,1336,189,DAY 21/02/2025 - moved 7 animals from property ID 1336 (farm) to property ID 189 (saleyard)
112,1341,1301,DAY 21/02/2025 - moved 4 animals from property ID 1341 (farm) to property ID 1301 (saleyard)
112,1353,1945,DAY 21/02/2025 - moved 44 animals from property ID 1353 (farm) to property ID 1945 (farm)
112,1362,1906,DAY 21/02/2025 - moved 6 animals from property ID 1362 (farm) to property ID 1906 (farm)
112,1365,1963,DAY 21/02/2025 - moved 4 animals from property ID 1365 (farm) to property ID 1963 (farm)
112,1377,406,DAY 21/02/2025 - moved 7 animals from property ID 1377 (farm) to property ID 406 (farm)
112,1426,1837,DAY 21/02/2025 - moved 5 animals from property ID 1426 (farm) to property ID 1837 (farm)
112,1436,304,DAY 21/02/2025 - moved 4 animals from property ID 1436 (farm) to property ID 304 (farm)
112,1445,700,DAY 21/02/2025 - moved 9 animals from property ID 1445 (farm) to property ID 700 (trader)
112,1479,650,DAY 21/02/2025 - moved 18 animals from property ID 1479 (trader) to property ID 650 (farm)
112,1479,251,DAY 21/02/2025 - moved 19 animals from property ID 1479 (trader) to property ID 251 (farm)
112,1479,758,DAY 21/02/2025 - moved 19 animals from property ID 1479 (trader) to property ID 758 (feedlot)
112,1485,782,DAY 21/02/2025 - moved 7 animals from property ID 1485 (farm) to property ID 782 (trader)
112,1490,866,DAY 21/02/2025 - moved 1 animals from property ID 1490 (farm) to property ID 866 (feedlot)
112,1513,964,DAY 21/02/2025 - moved 3 animals from property ID 1513 (farm) to property ID 964 (feedlot)
112,1518,1931,DAY 21/02/2025 - moved 9 animals from property ID 1518 (farm) to property ID 1931 (farm)
112,1529,188,DAY 21/02/2025 - moved 4 animals from property ID 1529 (farm) to property ID 188 (feedlot)
112,1545,138,DAY 21/02/2025 - moved 2 animals from property ID 1545 (farm) to property ID 138 (farm)
112,1546,179,DAY 21/02/2025 - moved 6 animals from property ID 1546 (farm) to property ID 179 (farm)
112,1581,147,DAY 21/02/2025 - moved 3 animals from property ID 1581 (farm) to property ID 147 (farm)
112,1599,92,DAY 21/02/2025 - moved 5 animals from property ID 1599 (farm) to property ID 92 (trader)
112,1642,866,DAY 21/02/2025 - moved 2 animals from property ID 1642 (farm) to property ID 866 (feedlot)
112,1699,1479,DAY 21/02/2025 - moved 13 animals from property ID 1699 (farm) to property ID 1479 (trader)
112,1705,189,DAY 21/02/2025 - moved 1 animals from property ID 1705 (farm) to property ID 189 (saleyard)
112,1713,933,DAY 21/02/2025 - moved 3 animals from property ID 1713 (farm) to property ID 933 (farm)
112,1725,148,DAY 21/02/2025 - moved 2 animals from property ID 1725 (farm) to property ID 148 (farm)
112,1737,92,DAY 21/02/2025 - moved 5 animals from property ID 1737 (farm) to property ID 92 (trader)
112,1740,1828,DAY 21/02/2025 - moved 7 animals from property ID 1740 (farm) to property ID 1828 (farm)
112,1751,1110,DAY 21/02/2025 - moved 5 animals from property ID 1751 (farm) to property ID 1110 (feedlot)
112,1770,1666,DAY 21/02/2025 - moved 20 animals from property ID 1770 (farm) to property ID 1666 (feedlot)
112,1771,189,DAY 21/02/2025 - moved 5 animals from property ID 1771 (farm) to property ID 189 (saleyard)
112,1776,1823,DAY 21/02/2025 - moved 16 animals from property ID 1776 (farm) to property ID 1823 (trader)
112,1778,189,DAY 21/02/2025 - moved 3 animals from property ID 1778 (farm) to property ID 189 (saleyard)
112,1780,1273,DAY 21/02/2025 - moved 1 animals from property ID 1780 (farm) to property ID 1273 (trader)
112,1790,867,DAY 21/02/2025 - moved 3 animals from property ID 1790 (farm) to property ID 867 (feedlot)
112,1797,257,DAY 21/02/2025 - moved 6 animals from property ID 1797 (farm) to property ID 257 (farm)
112,1800,782,DAY 21/02/2025 - moved 20 animals from property ID 1800 (farm) to property ID 782 (trader)
112,1832,1666,DAY 21/02/2025 - moved 5 animals from property ID 1832 (farm) to property ID 1666 (feedlot)
112,1869,1119,DAY 21/02/2025 - moved 3 animals from property ID 1869 (farm) to property ID 1119 (trader)
112,1871,1907,DAY 21/02/2025 - moved 6 animals from property ID 1871 (farm) to property ID 1907 (feedlot)
112,1889,867,DAY 21/02/2025 - moved 3 animals from property ID 1889 (farm) to property ID 867 (feedlot)
112,1897,866,DAY 21/02/2025 - moved 2 animals from property ID 1897 (farm) to property ID 866 (feedlot)
112,1906,1823,DAY 21/02/2025 - moved 2 animals from property ID 1906 (farm) to property ID 1823 (trader)
112,1910,1505,DAY 21/02/2025 - moved 6 animals from property ID 1910 (farm) to property ID 1505 (farm)
112,1913,1815,DAY 21/02/2025 - moved 2 animals from property ID 1913 (farm) to property ID 1815 (farm)
112,1940,1202,DAY 21/02/2025 - moved 3 animals from property ID 1940 (farm) to property ID 1202 (farm)
113,9,1292,DAY 22/02/2025 - moved 6 animals from property ID 9 (farm) to property ID 1292 (farm)
113,14,1823,DAY 22/02/2025 - moved 5 animals from property ID 14 (farm) to property ID 1823 (trader)
113,25,1479,DAY 22/02/2025 - moved 14 animals from property ID 25 (farm) to property ID 1479 (trader)
113,79,680,DAY 22/02/2025 - moved 13 animals from property ID 79 (farm) to property ID 680 (farm)
113,81,839,DAY 22/02/2025 - moved 8 animals from property ID 81 (farm) to property ID 839 (farm)
113,92,1019,DAY 22/02/2025 - moved 11 animals from property ID 92 (trader) to property ID 1019 (farm)
113,92,866,DAY 22/02/2025 - moved 12 animals from property ID 92 (trader) to property ID 866 (feedlot)
113,92,1322,DAY 22/02/2025 - moved 12 animals from property ID 92 (trader) to property ID 1322 (farm)
113,94,1273,DAY 22/02/2025 - moved 5 animals from property ID 94 (farm) to property ID 1273 (trader)
113,110,92,DAY 22/02/2025 - moved 5 animals from property ID 110 (farm) to property ID 92 (trader)
113,114,1301,DAY 22/02/2025 - moved 5 animals from property ID 114 (farm) to property ID 1301 (saleyard)
113,121,1823,DAY 22/02/2025 - moved 1 animals from property ID 121 (farm) to property ID 1823 (trader)
113,132,867,DAY 22/02/2025 - moved 3 animals from property ID 132 (farm) to property ID 867 (feedlot)
113,149,1273,DAY 22/02/2025 - moved 2 animals from property ID 149 (farm) to property ID 1273 (trader)
113,160,1684,DAY 22/02/2025 - moved 8 animals from property ID 160 (farm) to property ID 1684 (farm)
113,178,1273,DAY 22/02/2025 - moved 7 animals from property ID 178 (farm) to property ID 1273 (trader)
113,189,421,DAY 22/02/2025 - moved 7 animals from property ID 189 (saleyard) to property ID 421 (farm)
113,189,964,DAY 22/02/2025 - moved 7 animals from property ID 189 (saleyard) to property ID 964 (feedlot)
113,189,503,DAY 22/02/2025 - moved 7 animals from property ID 189 (saleyard) to property ID 503 (farm)
113,189,1089,DAY 22/02/2025 - moved 7 animals from property ID 189 (saleyard) to property ID 1089 (farm)
113,199,156,DAY 22/02/2025 - moved 11 animals from property ID 199 (farm) to property ID 156 (farm)
113,238,1888,DAY 22/02/2025 - moved 29 animals from property ID 238 (farm) to property ID 1888 (farm)
113,248,700,DAY 22/02/2025 - moved 2 animals from property ID 248 (farm) to property ID 700 (trader)
113,251,117,DAY 22/02/2025 - moved 6 animals from property ID 251 (farm) to property ID 117 (farm)
113,268,1628,DAY 22/02/2025 - moved 10 animals from property ID 268 (farm) to property ID 1628 (farm)
113,269,100,DAY 22/02/2025 - moved 2 animals from property ID 269 (farm) to property ID 100 (farm)
113,274,1303,DAY 22/02/2025 - moved 2 animals from property ID 274 (farm) to property ID 1303 (farm)
113,278,867,DAY 22/02/2025 - moved 9 animals from property ID 278 (farm) to property ID 867 (feedlot)
113,306,1301,DAY 22/02/2025 - moved 2 animals from property ID 306 (farm) to property ID 1301 (saleyard)
113,309,1939,DAY 22/02/2025 - moved 5 animals from property ID 309 (farm) to property ID 1939 (farm)
113,315,1273,DAY 22/02/2025 - moved 1 animals from property ID 315 (farm) to property ID 1273 (trader)
113,342,1011,DAY 22/02/2025 - moved 7 animals from property ID 342 (farm) to property ID 1011 (farm)
113,363,431,DAY 22/02/2025 - moved 5 animals from property ID 363 (farm) to property ID 431 (farm)
113,394,1823,DAY 22/02/2025 - moved 3 animals from property ID 394 (farm) to property ID 1823 (trader)
113,400,867,DAY 22/02/2025 - moved 6 animals from property ID 400 (farm) to property ID 867 (feedlot)
113,404,556,DAY 22/02/2025 - moved 19 animals from property ID 404 (farm) to property ID 556 (farm)
113,407,1109,DAY 22/02/2025 - moved 6 animals from property ID 407 (farm) to property ID 1109 (feedlot)
113,410,1666,DAY 22/02/2025 - moved 7 animals from property ID 410 (farm) to property ID 1666 (feedlot)
113,415,837,DAY 22/02/2025 - moved 5 animals from property ID 415 (trader) to property ID 837 (farm)
113,415,843,DAY 22/02/2025 - moved 4 animals from property ID 415 (trader) to property ID 843 (farm)
113,439,1301,DAY 22/02/2025 - moved 1 animals from property ID 439 (farm) to property ID 1301 (saleyard)
114,13,189,DAY 23/02/2025 - moved 7 animals from property ID 13 (farm) to property ID 189 (saleyard)
114,37,867,DAY 23/02/2025 - moved 2 animals from property ID 37 (farm) to property ID 867 (feedlot)
114,38,1301,DAY 23/02/2025 - moved 2 animals from property ID 38 (farm) to property ID 1301 (saleyard)
114,45,10,DAY 23/02/2025 - moved 5 animals from property ID 45 (farm) to property ID 10 (farm)
114,61,964,DAY 23/02/2025 - moved 5 animals from property ID 61 (farm) to property ID 964 (feedlot)
114,83,79,DAY 23/02/2025 - moved 13 animals from property ID 83 (farm) to property ID 79 (farm)
114,84,1301,DAY 23/02/2025 - moved 2 animals from property ID 84 (farm) to property ID 1301 (saleyard)
114,92,866,DAY 23/02/2025 - moved 9 animals from property ID 92 (trader) to property ID 866 (feedlot)
114,92,1128,DAY 23/02/2025 - moved 10 animals from property ID 92 (trader) to property ID 1128 (farm)
114,92,1207,DAY 23/02/2025 - moved 10 animals from property ID 92 (trader) to property ID 1207 (farm)
114,96,1584,DAY 23/02/2025 - moved 1 animals from property ID 96 (farm) to property ID 1584 (farm)
114,133,867,DAY 23/02/2025 - moved 6 animals from property ID 133 (farm) to property ID 867 (feedlot)
114,139,92,DAY 23/02/2025 - moved 3 animals from property ID 139 (farm) to property ID 92 (trader)
114,144,1301,DAY 23/02/2025 - moved 3 animals from property ID 144 (farm) to property ID 1301 (saleyard)
114,147,1110,DAY 23/02/2025 - moved 5 animals from property ID 147 (farm) to property ID 1110 (feedlot)
114,158,836,DAY 23/02/2025 - moved 23 animals from property ID 158 (farm) to property ID 836 (farm)
114,159,1666,DAY 23/02/2025 - moved 8 animals from property ID 159 (farm) to property ID 1666 (feedlot)
114,189,1581,DAY 23/02/2025 - moved 8 animals from property ID 189 (saleyard) to property ID 1581 (farm)
114,189,619,DAY 23/02/2025 - moved 7 animals from property ID 189 (saleyard) to property ID 619 (farm)
114,189,1507,DAY 23/02/2025 - moved 7 animals from property ID 189 (saleyard) to property ID 1507 (farm)
114,190,593,DAY 23/02/2025 - moved 4 animals from property ID 190 (farm) to property ID 593 (farm)
114,220,264,DAY 23/02/2025 - moved 2 animals from property ID 220 (farm) to property ID 264 (feedlot)
114,235,1273,DAY 23/02/2025 - moved 1 animals from property ID 235 (farm) to property ID 1273 (trader)
114,284,815,DAY 23/02/2025 - moved 2 animals from property ID 284 (farm) to property ID 815 (farm)
114,304,1389,DAY 23/02/2025 - moved 4 animals from property ID 304 (farm) to property ID 1389 (farm)
114,340,1310,DAY 23/02/2025 - moved 59 animals from property ID 340 (farm) to property ID 1310 (farm)
114,353,189,DAY 23/02/2025 - moved 2 animals from property ID 353 (farm) to property ID 189 (saleyard)
114,358,92,DAY 23/02/2025 - moved 8 animals from property ID 358 (farm) to property ID 92 (trader)
114,383,190,DAY 23/02/2025 - moved 8 animals from property ID 383 (farm) to property ID 190 (farm)
114,398,1693,DAY 23/02/2025 - moved 19 animals from property ID 398 (farm) to property ID 1693 (farm)
114,415,619,DAY 23/02/2025 - moved 7 animals from property ID 415 (trader) to property ID 619 (farm)
114,419,857,DAY 23/02/2025 - moved 3 animals from property ID 419 (farm) to property ID 857 (farm)
114,440,464,DAY 23/02/2025 - moved 7 animals from property ID 440 (farm) to property ID 464 (farm)
114,469,92,DAY 23/02/2025 - moved 3 animals from property ID 469 (farm) to property ID 92 (trader)
114,476,1110,DAY 23/02/2025 - moved 14 animals from property ID 476 (farm) to property ID 1110 (feedlot)
114,482,383,DAY 23/02/2025 - moved 7 animals from property ID 482 (farm) to property ID 383 (farm)
114,516,1469,DAY 23/02/2025 - moved 3 animals from property ID 516 (farm) to property ID 1469 (farm)
114,526,909,DAY 23/02/2025 - moved 5 animals from property ID 526 (farm) to property ID 909 (farm)
114,541,1273,DAY 23/02/2025 - moved 4 animals from property ID 541 (farm) to property ID 1273 (trader)
114,549,866,DAY 23/02/2025 - moved 6 animals from property ID 549 (farm) to property ID 866 (feedlot)
114,585,1311,DAY 23/02/2025 - moved 8 animals from property ID 585 (farm) to property ID 1311 (farm)
114,592,955,DAY 23/02/2025 - moved 18 animals from property ID 592 (farm) to property ID 955 (farm)
114,600,1273,DAY 23/02/2025 - moved 2 animals from property ID 600 (farm) to property ID 1273 (trader)
114,609,1088,DAY 23/02/2025 - moved 4 animals from property ID 609 (farm) to property ID 1088 (farm)
114,625,782,DAY 23/02/2025 - moved 16 animals from property ID 625 (farm) to property ID 782 (trader)
114,651,400,DAY 23/02/2025 - moved 4 animals from property ID 651 (farm) to property ID 400 (farm)
114,700,1413,DAY 23/02/2025 - moved 19 animals from property ID 700 (trader) to property ID 1413 (farm)
114,741,1117,DAY 23/02/2025 - moved 2 animals from property ID 741 (farm) to property ID 1117 (farm)
114,746,189,DAY 23/02/2025 - moved 3 animals from property ID 746 (farm) to property ID 189 (saleyard)
114,754,379,DAY 23/02/2025 - moved 20 animals from property ID 754 (farm) to property ID 379 (farm)
114,770,1823,DAY 23/02/2025 - moved 2 animals from property ID 770 (farm) to property ID 1823 (trader)
114,778,247,DAY 23/02/2025 - moved 2 animals from property ID 778 (farm) to property ID 247 (farm)
114,780,1638,DAY 23/02/2025 - moved 3 animals from property ID 780 (farm) to property ID 1638 (farm)
114,782,1640,DAY 23/02/2025 - moved 81 animals from property ID 782 (trader) to property ID 1640 (farm)
114,783,1907,DAY 23/02/2025 - moved 13 animals from property ID 783 (farm) to property ID 1907 (feedlot)
114,784,1666,DAY 23/02/2025 - moved 5 animals from property ID 784 (farm) to property ID 1666 (feedlot)
114,797,1119,DAY 23/02/2025 - moved 5 animals from property ID 797 (farm) to property ID 1119 (trader)
114,825,1823,DAY 23/02/2025 - moved 2 animals from property ID 825 (farm) to property ID 1823 (trader)
114,829,1301,DAY 23/02/2025 - moved 5 animals from property ID 829 (farm) to property ID 1301 (saleyard)
114,855,1301,DAY 23/02/2025 - moved 2 animals from property ID 855 (farm) to property ID 1301 (saleyard)
114,861,524,DAY 23/02/2025 - moved 12 animals from property ID 861 (farm) to property ID 524 (feedlot)
114,865,107,DAY 23/02/2025 - moved 9 animals from property ID 865 (farm) to property ID 107 (farm)
114,895,711,DAY 23/02/2025 - moved 11 animals from property ID 895 (farm) to property ID 711 (farm)
114,897,1205,DAY 23/02/2025 - moved 7 animals from property ID 897 (farm) to property ID 1205 (farm)
114,904,1110,DAY 23/02/2025 - moved 5 animals from property ID 904 (trader) to property ID 1110 (feedlot)
114,907,866,DAY 23/02/2025 - moved 3 animals from property ID 907 (farm) to property ID 866 (feedlot)
114,917,904,DAY 23/02/2025 - moved 5 animals from property ID 917 (farm) to property ID 904 (trader)
114,949,886,DAY 23/02/2025 - moved 7 animals from property ID 949 (farm) to property ID 886 (farm)
114,1042,428,DAY 23/02/2025 - moved 5 animals from property ID 1042 (farm) to property ID 428 (farm)
114,1048,673,DAY 23/02/2025 - moved 3 animals from property ID 1048 (farm) to property ID 673 (farm)
114,1061,964,DAY 23/02/2025 - moved 5 animals from property ID 1061 (farm) to property ID 964 (feedlot)
114,1108,422,DAY 23/02/2025 - moved 2 animals from property ID 1108 (farm) to property ID 422 (farm)
114,1127,422,DAY 23/02/2025 - moved 3 animals from property ID 1127 (farm) to property ID 422 (farm)
114,1172,1301,DAY 23/02/2025 - moved 4 animals from property ID 1172 (farm) to property ID 1301 (saleyard)
114,1177,867,DAY 23/02/2025 - moved 2 animals from property ID 1177 (farm) to property ID 867 (feedlot)
114,1194,1093,DAY 23/02/2025 - moved 11 animals from property ID 1194 (farm) to property ID 1093 (farm)
114,1212,98,DAY 23/02/2025 - moved 1 animals from property ID 1212 (farm) to property ID 98 (farm)
114,1245,1109,DAY 23/02/2025 - moved 4 animals from property ID 1245 (farm) to property ID 1109 (feedlot)
114,1255,989,DAY 23/02/2025 - moved 8 animals from property ID 1255 (farm) to property ID 989 (farm)
114,1271,1340,DAY 23/02/2025 - moved 5 animals from property ID 1271 (farm) to property ID 1340 (farm)
114,1273,307,DAY 23/02/2025 - moved 27 animals from property ID 1273 (trader) to property ID 307 (farm)
114,1273,1670,DAY 23/02/2025 - moved 27 animals from property ID 1273 (trader) to property ID 1670 (farm)
114,1279,728,DAY 23/02/2025 - moved 12 animals from property ID 1279 (farm) to property ID 728 (farm)
114,1283,1479,DAY 23/02/2025 - moved 11 animals from property ID 1283 (farm) to property ID 1479 (trader)
114,1292,1273,DAY 23/02/2025 - moved 2 animals from property ID 1292 (farm) to property ID 1273 (trader)
114,1325,700,DAY 23/02/2025 - moved 5 animals from property ID 1325 (farm) to property ID 700 (trader)
114,1348,1666,DAY 23/02/2025 - moved 3 animals from property ID 1348 (farm) to property ID 1666 (feedlot)
114,1367,1109,DAY 23/02/2025 - moved 9 animals from property ID 1367 (farm) to property ID 1109 (feedlot)
114,1368,1273,DAY 23/02/2025 - moved 1 animals from property ID 1368 (farm) to property ID 1273 (trader)
114,1378,1301,DAY 23/02/2025 - moved 3 animals from property ID 1378 (farm) to property ID 1301 (saleyard)
114,1409,1823,DAY 23/02/2025 - moved 3 animals from property ID 1409 (farm) to property ID 1823 (trader)
114,1417,1376,DAY 23/02/2025 - moved 13 animals from property ID 1417 (farm) to property ID 1376 (farm)
114,1431,586,DAY 23/02/2025 - moved 3 animals from property ID 1431 (farm) to property ID 586 (farm)
114,1466,1479,DAY 23/02/2025 - moved 12 animals from property ID 1466 (farm) to property ID 1479 (trader)
114,1488,1812,DAY 23/02/2025 - moved 8 animals from property ID 1488 (farm) to property ID 1812 (farm)
114,1530,264,DAY 23/02/2025 - moved 2 animals from property ID 1530 (farm) to property ID 264 (feedlot)
114,1572,867,DAY 23/02/2025 - moved 1 animals from property ID 1572 (farm) to property ID 867 (feedlot)
114,1604,1228,DAY 23/02/2025 - moved 3 animals from property ID 1604 (farm) to property ID 1228 (farm)
114,1640,782,DAY 23/02/2025 - moved 3 animals from property ID 1640 (farm) to property ID 782 (trader)
114,1654,1301,DAY 23/02/2025 - moved 1 animals from property ID 1654 (farm) to property ID 1301 (saleyard)
114,1673,1823,DAY 23/02/2025 - moved 3 animals from property ID 1673 (farm) to property ID 1823 (trader)
114,1676,92,DAY 23/02/2025 - moved 4 animals from property ID 1676 (farm) to property ID 92 (trader)
114,1684,200,DAY 23/02/2025 - moved 17 animals from property ID 1684 (farm) to property ID 200 (farm)
114,1694,866,DAY 23/02/2025 - moved 1 animals from property ID 1694 (farm) to property ID 866 (feedlot)
114,1710,92,DAY 23/02/2025 - moved 5 animals from property ID 1710 (farm) to property ID 92 (trader)
114,1715,1324,DAY 23/02/2025 - moved 3 animals from property ID 1715 (farm) to property ID 1324 (farm)
114,1731,211,DAY 23/02/2025 - moved 5 animals from property ID 1731 (farm) to property ID 211 (farm)
114,1743,1823,DAY 23/02/2025 - moved 7 animals from property ID 1743 (farm) to property ID 1823 (trader)
114,1753,1666,DAY 23/02/2025 - moved 7 animals from property ID 1753 (farm) to property ID 1666 (feedlot)
114,1759,553,DAY 23/02/2025 - moved 6 animals from property ID 1759 (farm) to property ID 553 (farm)
114,1783,1823,DAY 23/02/2025 - moved 3 animals from property ID 1783 (farm) to property ID 1823 (trader)
114,1792,1094,DAY 23/02/2025 - moved 2 animals from property ID 1792 (farm) to property ID 1094 (farm)
114,1808,124,DAY 23/02/2025 - moved 1 animals from property ID 1808 (farm) to property ID 124 (farm)
114,1809,964,DAY 23/02/2025 - moved 4 animals from property ID 1809 (farm) to property ID 964 (feedlot)
114,1814,1786,DAY 23/02/2025 - moved 4 animals from property ID 1814 (farm) to property ID 1786 (farm)
114,1823,1173,DAY 23/02/2025 - moved 10 animals from property ID 1823 (trader) to property ID 1173 (farm)
114,1823,1033,DAY 23/02/2025 - moved 11 animals from property ID 1823 (trader) to property ID 1033 (farm)
114,1823,1929,DAY 23/02/2025 - moved 11 animals from property ID 1823 (trader) to property ID 1929 (farm)
114,1841,1823,DAY 23/02/2025 - moved 7 animals from property ID 1841 (farm) to property ID 1823 (trader)
114,1850,866,DAY 23/02/2025 - moved 13 animals from property ID 1850 (farm) to property ID 866 (feedlot)
114,1866,652,DAY 23/02/2025 - moved 11 animals from property ID 1866 (farm) to property ID 652 (farm)
114,1872,92,DAY 23/02/2025 - moved 7 animals from property ID 1872 (farm) to property ID 92 (trader)
114,1883,999,DAY 23/02/2025 - moved 1 animals from property ID 1883 (farm) to property ID 999 (farm)
114,1899,415,DAY 23/02/2025 - moved 4 animals from property ID 1899 (farm) to property ID 415 (trader)
114,1905,703,DAY 23/02/2025 - moved 3 animals from property ID 1905 (farm) to property ID 703 (farm)
114,1947,964,DAY 23/02/2025 - moved 5 animals from property ID 1947 (farm) to property ID 964 (feedlot)
114,1956,1818,DAY 23/02/2025 - moved 12 animals from property ID 1956 (farm) to property ID 1818 (farm)
114,1966,189,DAY 23/02/2025 - moved 4 animals from property ID 1966 (farm) to property ID 189 (saleyard)
114,1969,136,DAY 23/02/2025 - moved 8 animals from property ID 1969 (farm) to property ID 136 (farm)
114,1975,867,DAY 23/02/2025 - moved 3 animals from property ID 1975 (farm) to property ID 867 (feedlot)
114,1993,415,DAY 23/02/2025 - moved 6 animals from property ID 1993 (farm) to property ID 415 (trader)
115,36,758,DAY 24/02/2025 - moved 13 animals from property ID 36 (farm) to property ID 758 (feedlot)
115,54,795,DAY 24/02/2025 - moved 7 animals from property ID 54 (farm) to property ID 795 (farm)
115,60,782,DAY 24/02/2025 - moved 11 animals from property ID 60 (farm) to property ID 782 (trader)
115,108,867,DAY 24/02/2025 - moved 3 animals from property ID 108 (farm) to property ID 867 (feedlot)
115,112,1301,DAY 24/02/2025 - moved 4 animals from property ID 112 (farm) to property ID 1301 (saleyard)
115,122,904,DAY 24/02/2025 - moved 3 animals from property ID 122 (farm) to property ID 904 (trader)
115,166,973,DAY 24/02/2025 - moved 8 animals from property ID 166 (farm) to property ID 973 (farm)
115,170,758,DAY 24/02/2025 - moved 6 animals from property ID 170 (farm) to property ID 758 (feedlot)
115,192,1687,DAY 24/02/2025 - moved 4 animals from property ID 192 (farm) to property ID 1687 (farm)
115,229,1273,DAY 24/02/2025 - moved 11 animals from property ID 229 (farm) to property ID 1273 (trader)
115,247,1474,DAY 24/02/2025 - moved 9 animals from property ID 247 (farm) to property ID 1474 (farm)
115,265,189,DAY 24/02/2025 - moved 8 animals from property ID 265 (farm) to property ID 189 (saleyard)
115,275,1736,DAY 24/02/2025 - moved 9 animals from property ID 275 (farm) to property ID 1736 (farm)
115,279,867,DAY 24/02/2025 - moved 1 animals from property ID 279 (farm) to property ID 867 (feedlot)
115,282,1015,DAY 24/02/2025 - moved 6 animals from property ID 282 (farm) to property ID 1015 (farm)
115,333,1333,DAY 24/02/2025 - moved 9 animals from property ID 333 (farm) to property ID 1333 (farm)
115,382,1109,DAY 24/02/2025 - moved 4 animals from property ID 382 (farm) to property ID 1109 (feedlot)
115,391,941,DAY 24/02/2025 - moved 6 animals from property ID 391 (farm) to property ID 941 (farm)
115,415,357,DAY 24/02/2025 - moved 8 animals from property ID 415 (trader) to property ID 357 (farm)
115,422,1119,DAY 24/02/2025 - moved 4 animals from property ID 422 (farm) to property ID 1119 (trader)
115,424,324,DAY 24/02/2025 - moved 5 animals from property ID 424 (farm) to property ID 324 (farm)
115,435,1273,DAY 24/02/2025 - moved 8 animals from property ID 435 (farm) to property ID 1273 (trader)
115,455,1926,DAY 24/02/2025 - moved 5 animals from property ID 455 (farm) to property ID 1926 (farm)
115,460,867,DAY 24/02/2025 - moved 1 animals from property ID 460 (farm) to property ID 867 (feedlot)
115,481,1301,DAY 24/02/2025 - moved 7 animals from property ID 481 (farm) to property ID 1301 (saleyard)
115,490,828,DAY 24/02/2025 - moved 5 animals from property ID 490 (farm) to property ID 828 (farm)
115,503,1109,DAY 24/02/2025 - moved 3 animals from property ID 503 (farm) to property ID 1109 (feedlot)
115,528,1148,DAY 24/02/2025 - moved 5 animals from property ID 528 (farm) to property ID 1148 (farm)
115,560,700,DAY 24/02/2025 - moved 3 animals from property ID 560 (farm) to property ID 700 (trader)
115,570,964,DAY 24/02/2025 - moved 3 animals from property ID 570 (farm) to property ID 964 (feedlot)
115,593,1832,DAY 24/02/2025 - moved 11 animals from property ID 593 (farm) to property ID 1832 (farm)
115,596,524,DAY 24/02/2025 - moved 3 animals from property ID 596 (farm) to property ID 524 (feedlot)
115,598,700,DAY 24/02/2025 - moved 6 animals from property ID 598 (farm) to property ID 700 (trader)
115,606,1479,DAY 24/02/2025 - moved 31 animals from property ID 606 (farm) to property ID 1479 (trader)
115,668,1823,DAY 24/02/2025 - moved 6 animals from property ID 668 (farm) to property ID 1823 (trader)
115,692,867,DAY 24/02/2025 - moved 4 animals from property ID 692 (farm) to property ID 867 (feedlot)
115,697,866,DAY 24/02/2025 - moved 2 animals from property ID 697 (farm) to property ID 866 (feedlot)
115,700,188,DAY 24/02/2025 - moved 16 animals from property ID 700 (trader) to property ID 188 (feedlot)
115,705,136,DAY 24/02/2025 - moved 6 animals from property ID 705 (farm) to property ID 136 (farm)
115,707,189,DAY 24/02/2025 - moved 4 animals from property ID 707 (farm) to property ID 189 (saleyard)
115,717,1109,DAY 24/02/2025 - moved 5 animals from property ID 717 (farm) to property ID 1109 (feedlot)
115,718,524,DAY 24/02/2025 - moved 3 animals from property ID 718 (farm) to property ID 524 (feedlot)
115,728,866,DAY 24/02/2025 - moved 13 animals from property ID 728 (farm) to property ID 866 (feedlot)
115,733,927,DAY 24/02/2025 - moved 6 animals from property ID 733 (farm) to property ID 927 (farm)
115,753,1823,DAY 24/02/2025 - moved 9 animals from property ID 753 (farm) to property ID 1823 (trader)
115,755,916,DAY 24/02/2025 - moved 4 animals from property ID 755 (farm) to property ID 916 (farm)
115,804,1720,DAY 24/02/2025 - moved 2 animals from property ID 804 (farm) to property ID 1720 (farm)
115,807,415,DAY 24/02/2025 - moved 1 animals from property ID 807 (farm) to property ID 415 (trader)
115,814,961,DAY 24/02/2025 - moved 14 animals from property ID 814 (farm) to property ID 961 (farm)
115,876,264,DAY 24/02/2025 - moved 2 animals from property ID 876 (farm) to property ID 264 (feedlot)
115,882,700,DAY 24/02/2025 - moved 11 animals from property ID 882 (farm) to property ID 700 (trader)
115,889,1823,DAY 24/02/2025 - moved 6 animals from property ID 889 (farm) to property ID 1823 (trader)
115,903,156,DAY 24/02/2025 - moved 3 animals from property ID 903 (farm) to property ID 156 (farm)
115,922,964,DAY 24/02/2025 - moved 35 animals from property ID 922 (farm) to property ID 964 (feedlot)
115,947,867,DAY 24/02/2025 - moved 8 animals from property ID 947 (farm) to property ID 867 (feedlot)
115,958,1823,DAY 24/02/2025 - moved 12 animals from property ID 958 (farm) to property ID 1823 (trader)
115,967,1273,DAY 24/02/2025 - moved 6 animals from property ID 967 (farm) to property ID 1273 (trader)
115,984,131,DAY 24/02/2025 - moved 5 animals from property ID 984 (farm) to property ID 131 (farm)
115,985,1337,DAY 24/02/2025 - moved 5 animals from property ID 985 (farm) to property ID 1337 (farm)
115,1005,1110,DAY 24/02/2025 - moved 7 animals from property ID 1005 (farm) to property ID 1110 (feedlot)
115,1028,227,DAY 24/02/2025 - moved 4 animals from property ID 1028 (farm) to property ID 227 (farm)
115,1053,1301,DAY 24/02/2025 - moved 2 animals from property ID 1053 (farm) to property ID 1301 (saleyard)
115,1063,846,DAY 24/02/2025 - moved 3 animals from property ID 1063 (farm) to property ID 846 (farm)
115,1069,751,DAY 24/02/2025 - moved 5 animals from property ID 1069 (farm) to property ID 751 (farm)
115,1078,1479,DAY 24/02/2025 - moved 14 animals from property ID 1078 (farm) to property ID 1479 (trader)
115,1084,264,DAY 24/02/2025 - moved 2 animals from property ID 1084 (farm) to property ID 264 (feedlot)
115,1091,188,DAY 24/02/2025 - moved 9 animals from property ID 1091 (farm) to property ID 188 (feedlot)
115,1093,1479,DAY 24/02/2025 - moved 27 animals from property ID 1093 (farm) to property ID 1479 (trader)
115,1096,700,DAY 24/02/2025 - moved 9 animals from property ID 1096 (farm) to property ID 700 (trader)
115,1100,1693,DAY 24/02/2025 - moved 14 animals from property ID 1100 (farm) to property ID 1693 (farm)
115,1102,369,DAY 24/02/2025 - moved 3 animals from property ID 1102 (farm) to property ID 369 (farm)
115,1119,1659,DAY 24/02/2025 - moved 9 animals from property ID 1119 (trader) to property ID 1659 (farm)
115,1119,1028,DAY 24/02/2025 - moved 10 animals from property ID 1119 (trader) to property ID 1028 (farm)
115,1120,867,DAY 24/02/2025 - moved 5 animals from property ID 1120 (farm) to property ID 867 (feedlot)
115,1135,1273,DAY 24/02/2025 - moved 1 animals from property ID 1135 (farm) to property ID 1273 (trader)
115,1147,1073,DAY 24/02/2025 - moved 20 animals from property ID 1147 (farm) to property ID 1073 (farm)
115,1158,1042,DAY 24/02/2025 - moved 6 animals from property ID 1158 (farm) to property ID 1042 (farm)
115,1168,94,DAY 24/02/2025 - moved 3 animals from property ID 1168 (farm) to property ID 94 (farm)
115,1181,458,DAY 24/02/2025 - moved 13 animals from property ID 1181 (farm) to property ID 458 (abbattoir)
115,1236,277,DAY 24/02/2025 - moved 5 animals from property ID 1236 (farm) to property ID 277 (farm)
115,1238,1456,DAY 24/02/2025 - moved 15 animals from property ID 1238 (farm) to property ID 1456 (farm)
115,1263,1110,DAY 24/02/2025 - moved 2 animals from property ID 1263 (farm) to property ID 1110 (feedlot)
115,1288,70,DAY 24/02/2025 - moved 7 animals from property ID 1288 (farm) to property ID 70 (farm)
115,1301,1623,DAY 24/02/2025 - moved 46 animals from property ID 1301 (saleyard) to property ID 1623 (farm)
115,1323,1824,DAY 24/02/2025 - moved 35 animals from property ID 1323 (farm) to property ID 1824 (farm)
115,1381,356,DAY 24/02/2025 - moved 9 animals from property ID 1381 (farm) to property ID 356 (farm)
115,1438,91,DAY 24/02/2025 - moved 4 animals from property ID 1438 (farm) to property ID 91 (farm)
115,1474,1273,DAY 24/02/2025 - moved 5 animals from property ID 1474 (farm) to property ID 1273 (trader)
115,1479,758,DAY 24/02/2025 - moved 29 animals from property ID 1479 (trader) to property ID 758 (feedlot)
115,1479,727,DAY 24/02/2025 - moved 29 animals from property ID 1479 (trader) to property ID 727 (farm)
115,1521,1877,DAY 24/02/2025 - moved 6 animals from property ID 1521 (farm) to property ID 1877 (farm)
115,1528,592,DAY 24/02/2025 - moved 7 animals from property ID 1528 (farm) to property ID 592 (farm)
115,1531,867,DAY 24/02/2025 - moved 3 animals from property ID 1531 (farm) to property ID 867 (feedlot)
115,1537,1623,DAY 24/02/2025 - moved 5 animals from property ID 1537 (farm) to property ID 1623 (farm)
115,1554,1867,DAY 24/02/2025 - moved 10 animals from property ID 1554 (farm) to property ID 1867 (farm)
115,1560,1119,DAY 24/02/2025 - moved 6 animals from property ID 1560 (farm) to property ID 1119 (trader)
115,1566,1301,DAY 24/02/2025 - moved 6 animals from property ID 1566 (farm) to property ID 1301 (saleyard)
115,1584,1143,DAY 24/02/2025 - moved 8 animals from property ID 1584 (farm) to property ID 1143 (farm)
115,1585,673,DAY 24/02/2025 - moved 2 animals from property ID 1585 (farm) to property ID 673 (farm)
115,1598,1807,DAY 24/02/2025 - moved 9 animals from property ID 1598 (farm) to property ID 1807 (farm)
115,1607,1337,DAY 24/02/2025 - moved 2 animals from property ID 1607 (farm) to property ID 1337 (farm)
115,1611,1618,DAY 24/02/2025 - moved 5 animals from property ID 1611 (farm) to property ID 1618 (farm)
115,1613,850,DAY 24/02/2025 - moved 8 animals from property ID 1613 (farm) to property ID 850 (farm)
115,1619,92,DAY 24/02/2025 - moved 5 animals from property ID 1619 (farm) to property ID 92 (trader)
115,1629,415,DAY 24/02/2025 - moved 4 animals from property ID 1629 (farm) to property ID 415 (trader)
115,1633,1301,DAY 24/02/2025 - moved 2 animals from property ID 1633 (farm) to property ID 1301 (saleyard)
115,1657,137,DAY 24/02/2025 - moved 2 animals from property ID 1657 (farm) to property ID 137 (farm)
115,1682,1578,DAY 24/02/2025 - moved 4 animals from property ID 1682 (farm) to property ID 1578 (farm)
115,1693,1960,DAY 24/02/2025 - moved 21 animals from property ID 1693 (farm) to property ID 1960 (farm)
115,1716,1082,DAY 24/02/2025 - moved 2 animals from property ID 1716 (farm) to property ID 1082 (farm)
115,1726,712,DAY 24/02/2025 - moved 47 animals from property ID 1726 (farm) to property ID 712 (farm)
115,1818,1823,DAY 24/02/2025 - moved 14 animals from property ID 1818 (farm) to property ID 1823 (trader)
115,1823,1301,DAY 24/02/2025 - moved 31 animals from property ID 1823 (trader) to property ID 1301 (saleyard)
115,1825,146,DAY 24/02/2025 - moved 6 animals from property ID 1825 (farm) to property ID 146 (farm)
115,1834,1782,DAY 24/02/2025 - moved 8 animals from property ID 1834 (farm) to property ID 1782 (farm)
115,1843,1308,DAY 24/02/2025 - moved 3 animals from property ID 1843 (farm) to property ID 1308 (farm)
115,1853,415,DAY 24/02/2025 - moved 8 animals from property ID 1853 (farm) to property ID 415 (trader)
115,1857,94,DAY 24/02/2025 - moved 8 animals from property ID 1857 (farm) to property ID 94 (farm)
115,1877,964,DAY 24/02/2025 - moved 3 animals from property ID 1877 (farm) to property ID 964 (feedlot)
115,1892,1823,DAY 24/02/2025 - moved 1 animals from property ID 1892 (farm) to property ID 1823 (trader)
115,1901,486,DAY 24/02/2025 - moved 3 animals from property ID 1901 (farm) to property ID 486 (farm)
115,1909,508,DAY 24/02/2025 - moved 4 animals from property ID 1909 (farm) to property ID 508 (farm)
115,1930,700,DAY 24/02/2025 - moved 14 animals from property ID 1930 (farm) to property ID 700 (trader)
115,1939,866,DAY 24/02/2025 - moved 2 animals from property ID 1939 (farm) to property ID 866 (feedlot)
115,1968,733,DAY 24/02/2025 - moved 6 animals from property ID 1968 (farm) to property ID 733 (farm)
115,1985,189,DAY 24/02/2025 - moved 4 animals from property ID 1985 (farm) to property ID 189 (saleyard)
115,1997,782,DAY 24/02/2025 - moved 8 animals from property ID 1997 (farm) to property ID 782 (trader)
116,7,1109,DAY 25/02/2025 - moved 7 animals from property ID 7 (farm) to property ID 1109 (feedlot)
116,21,1594,DAY 25/02/2025 - moved 25 animals from property ID 21 (farm) to property ID 1594 (farm)
116,27,1119,DAY 25/02/2025 - moved 1 animals from property ID 27 (farm) to property ID 1119 (trader)
116,31,624,DAY 25/02/2025 - moved 3 animals from property ID 31 (farm) to property ID 624 (farm)
116,33,189,DAY 25/02/2025 - moved 9 animals from property ID 33 (farm) to property ID 189 (saleyard)
116,82,661,DAY 25/02/2025 - moved 2 animals from property ID 82 (farm) to property ID 661 (farm)
116,87,263,DAY 25/02/2025 - moved 2 animals from property ID 87 (farm) to property ID 263 (farm)
116,92,918,DAY 25/02/2025 - moved 10 animals from property ID 92 (trader) to property ID 918 (farm)
116,92,129,DAY 25/02/2025 - moved 10 animals from property ID 92 (trader) to property ID 129 (farm)
116,92,1666,DAY 25/02/2025 - moved 10 animals from property ID 92 (trader) to property ID 1666 (feedlot)
116,102,1391,DAY 25/02/2025 - moved 15 animals from property ID 102 (farm) to property ID 1391 (farm)
116,198,1823,DAY 25/02/2025 - moved 4 animals from property ID 198 (farm) to property ID 1823 (trader)
116,208,92,DAY 25/02/2025 - moved 6 animals from property ID 208 (farm) to property ID 92 (trader)
116,231,126,DAY 25/02/2025 - moved 7 animals from property ID 231 (farm) to property ID 126 (farm)
116,239,782,DAY 25/02/2025 - moved 2 animals from property ID 239 (farm) to property ID 782 (trader)
116,240,1666,DAY 25/02/2025 - moved 4 animals from property ID 240 (farm) to property ID 1666 (feedlot)
116,294,700,DAY 25/02/2025 - moved 2 animals from property ID 294 (farm) to property ID 700 (trader)
116,298,676,DAY 25/02/2025 - moved 5 animals from property ID 298 (farm) to property ID 676 (farm)
116,307,189,DAY 25/02/2025 - moved 7 animals from property ID 307 (farm) to property ID 189 (saleyard)
116,335,1628,DAY 25/02/2025 - moved 5 animals from property ID 335 (farm) to property ID 1628 (farm)
116,346,1823,DAY 25/02/2025 - moved 6 animals from property ID 346 (farm) to property ID 1823 (trader)
116,355,1666,DAY 25/02/2025 - moved 6 animals from property ID 355 (farm) to property ID 1666 (feedlot)
116,377,1308,DAY 25/02/2025 - moved 9 animals from property ID 377 (farm) to property ID 1308 (farm)
116,415,1301,DAY 25/02/2025 - moved 3 animals from property ID 415 (trader) to property ID 1301 (saleyard)
116,415,856,DAY 25/02/2025 - moved 3 animals from property ID 415 (trader) to property ID 856 (farm)
116,415,802,DAY 25/02/2025 - moved 3 animals from property ID 415 (trader) to property ID 802 (farm)
116,421,1817,DAY 25/02/2025 - moved 11 animals from property ID 421 (farm) to property ID 1817 (farm)
